12.570453
19.356271
23.297645
28.868928
30.145256
31.305800
31.851087
33.566442
35.294076
37.023922
38.727023
40.418145
42.148654
43.848883
45.544995
47.258538
48.961422
50.738101
52.464135
54.184080
55.895032
57.606004
59.326310
61.032733
62.742808
64.454952
66.143520
67.863010
69.579482
71.277764
73.032598
74.741018
76.437723
78.149439
79.873216
81.583445
83.323638
85.047344
86.775105
88.523161
90.257261
91.973120
93.694256
95.405113
97.114666
98.840790
100.544942
102.303403
104.038065
105.750373
107.471063
112.545003
114.294558
116.009991
117.733505
119.462588
121.213690
122.960788
124.686482
126.400316
128.155620
129.871871
131.591306
133.310366
135.021089
136.753589
138.499333
140.207559
141.929937
144.030586
145.860520
147.580514
149.296984
151.015699
152.724321
154.453165
156.171666
157.879776
159.596603
161.318945
163.033035
164.754131
166.471577
168.177735
169.887572
171.608422
173.324481
175.023455
176.750772
178.469906
180.191948
181.906773
183.620307
185.340933
187.051407
188.766827
190.488836
192.213200
195.135088
199.135791
200.893974
202.626397
204.343613
206.083389
207.805181
209.535383
211.261103
213.037476
214.776100
216.507505
218.237358
219.947542
221.670273
223.390226
225.102247
226.822993
228.562352
230.268558
231.991362
233.710386
235.422037
237.160537
238.887833
240.598544
242.314366
244.070362
245.777793
247.496981
249.215931
250.935943
252.634288
254.344195
256.054022
257.802724
259.556109
261.284329
262.994668
264.679312
266.397343
268.111773
269.839709
271.554452
273.222389
274.934624
276.650823
278.349487
282.130338
285.505547
287.241435
288.945722
290.705379
292.443124
294.097725
295.811256
297.517913
299.251610
300.998684
302.664960
304.359064
306.075872
307.785274
309.487309
311.163724
312.864741
314.575489
316.280454
317.984993
319.645418
321.353232
323.054109
324.770333
326.477126
328.131741
329.840887
331.548772
333.258324
334.960368
336.668887
338.366860
340.106101
341.853053
343.599291
345.315787
347.017858
348.715668
350.425958
352.136114
353.839091
355.569540
357.313197
359.011330
360.721970
362.433373
364.133871
368.582361
370.993106
372.710052
374.406408
376.193635
377.913716
379.653669
381.365656
383.083691
384.819961
386.525277
388.242900
389.954891
391.680901
393.383971
395.119244
396.823943
398.532928
400.238883
401.942661
403.656611
405.365820
407.133343
408.838298
410.555512
412.249476
413.984207
415.701413
417.409014
419.153060
420.873847
422.652159
424.533011
426.259259
427.974792
429.669991
431.390192
433.105257
434.796463
436.517814
438.245156
439.976457
441.725644
443.405260
445.149334
446.869305
448.588532
450.332753
455.378288
457.118255
458.839395
460.597381
462.326961
464.011660
465.744321
467.463039
469.193148
470.928677
472.619805
474.349456
476.066057
477.752326
479.463518
481.183923
482.889108
484.604470
486.318249
488.024754
489.738866
491.455577
493.167379
494.881866
496.602311
498.312017
500.045326
501.765080
503.472892
505.202702
506.917536
508.634711
510.350657
512.085363
513.794815
515.689581
517.437586
519.156186
520.870335
522.585286
523.365788
525.089550
526.819420
528.536205
530.241197
531.956831
533.679863
536.126682
540.597279
542.395799
544.110251
545.823330
547.571930
549.303764
551.011058
552.747211
554.486735
556.693560
558.471646
560.199899
561.946962
563.658725
565.378047
567.094325
568.809686
570.527606
572.239560
574.000540
575.720599
577.444577
579.161332
580.893342
582.608207
584.324961
586.047187
587.770754
589.521752
591.240525
592.955210
594.676109
596.393862
598.101907
599.827951
601.554583
603.267512
605.028204
606.748569
608.454120
610.186199
611.928577
613.639975
615.368792
617.089390
618.808492
620.550551
624.460069
627.727062
629.463103
631.347469
633.064631
634.810586
636.527834
638.246041
639.981395
641.728281
643.454942
645.149706
646.864348
648.591547
650.308794
652.010359
653.716467
655.430553
657.139094
658.853874
660.567542
662.252062
663.966153
665.684836
667.391715
669.112295
670.839823
672.547390
674.265695
675.975043
677.684591
679.375936
681.091299
682.796279
684.522671
686.239075
687.935702
689.656775
691.410465
693.111413
694.834543
696.566955
698.277375
699.986850
701.726762
703.434739
705.128865
706.855624
711.795366
713.564591
713.956346
715.666138
717.403486
719.114049
720.819368
722.535346
724.253173
725.976915
727.702645
729.460679
731.158120
732.884068
734.601528
736.338296
738.063322
739.786827
741.497540
743.212892
744.958590
746.664521
748.362852
750.083572
751.843983
753.548760
755.266491
756.976673
758.696248
760.414599
762.127362
763.836977
765.547012
767.251950
768.945898
770.664566
772.381719
774.090181
775.805531
777.531829
778.099071
778.450870
778.805492
779.147338
779.459183
779.770797
780.075294
780.358969
780.602345
780.849456
781.089484
781.335432
783.766511
784.069562
784.437555
784.730803
784.912264
785.081780
785.254148
785.418146
785.571503
785.701695
785.822076
786.013727
786.131442
786.266950
786.378740
786.496189
786.642219
786.749697
786.853214
786.938850
787.079166
787.168318
787.259793
787.333304
787.421983
787.503505
787.590781
787.654616
787.732471
787.832021
787.903427
787.978509
788.019927
788.088507
788.145090
788.210910
788.274900
788.346998
788.434983
788.479212
788.534630
788.588831
788.635664
788.697156
788.747450
788.785910
788.837977
788.922403
788.975322
789.027539
789.057463
789.091519
789.135244
789.174394
789.233221
789.283341
789.375218
789.405386
789.455479
789.647832
789.862118
789.991839
790.204802
790.696546
791.197666
791.758387
792.349458
792.959244
793.357443
793.567385
793.762089
793.974989
794.480266
794.960350
795.446515
796.461919
798.095726
798.180020
798.226938
798.228690
798.290337
798.326343
798.330019
798.386679
798.439015
798.439282
798.495586
798.534685
798.652138
798.691314
798.800099
798.854228
798.865787
798.908871
798.933759
798.959426
798.990557
799.016850
799.019132
799.024342
799.073870
799.080201
799.132438
799.152389
799.169103
799.205853
799.209234
799.257782
799.262728
799.317584
799.355462
799.366950
799.409723
799.425395
799.464677
799.475043
799.576526
799.633335
799.721045
799.784933
799.816733
799.872962
799.933817
799.978386
800.174978
800.327351
800.539842
800.635608
800.696683
800.728770
800.781121
800.835343
800.888507
800.921947
800.975960
801.047071
801.146476
801.179756
801.230595
801.391166
801.439722
801.477999
801.529217
801.564245
801.617444
801.667882
801.675747
801.724100
801.746163
801.759265
801.796694
801.854014
801.887841
801.936204
804.314951
804.370799
804.424604
804.436351
804.492355
804.544469
804.606624
804.658541
804.712759
804.848477
805.057465
805.380820
805.884409
806.390014
806.857235
807.067645
807.195003
807.313887
807.422355
807.630324
807.804625
807.889482
807.953205
808.014647
808.061221
808.116076
808.163681
808.216024
808.274134
808.330066
808.415490
808.473536
808.502563
808.527580
808.558742
808.563824
808.592917
808.615069
808.668412
808.723914
808.759027
808.821733
808.900235
808.951993
809.007492
809.058922
809.097088
809.144275
809.196570
809.228362
809.284642
809.373749
809.403516
809.462247
809.515610
809.567017
809.858921
810.105096
810.226421
810.719181
810.849813
810.904266
810.965448
810.997398
811.016542
811.070875
811.087500
811.142099
811.153195
811.196973
811.213672
811.246865
811.265197
811.304277
811.322839
811.373592
811.414756
811.453241
811.468769
811.499501
811.500224
811.552252
811.564115
811.592895
811.648711
811.662537
811.705242
811.724356
811.766650
811.778365
811.819740
811.821397
811.855380
811.874074
811.883825
811.907333
811.916801
811.959867
811.969186
812.008801
812.062708
812.266791
812.476471
812.667661
812.851596
812.907402
812.966194
813.021824
813.158628
813.386523
813.574960
813.912146
814.127278
814.324581
814.517840
814.574806
814.612431
814.662766
814.699914
814.882882
815.032758
815.085275
815.136259
815.193149
815.246697
815.259780
815.296360
815.360212
815.522066
815.736050
815.850147
816.059900
816.257392
816.625460
816.954317
817.133587
817.267629
817.329463
817.360791
817.412887
817.463908
817.507281
817.561148
817.616030
817.655822
817.712755
817.778983
817.878477
818.087917
818.285075
818.401719
818.456869
818.516300
818.571768
819.296802
821.065350
821.290387
821.404662
821.462523
821.527309
821.580186
821.642990
821.684180
821.718534
821.759006
821.826060
821.861543
821.893303
821.949992
822.019252
822.234004
822.432742
822.594631
822.654079
822.712823
822.766811
822.845912
822.905760
822.970127
823.033184
823.094498
823.115312
823.172768
823.234323
823.290625
823.378210
823.431350
823.491016
823.562367
823.620158
823.680363
823.741276
823.797696
823.855469
824.052963
824.626831
825.226692
825.802950
825.952379
825.985223
826.039392
826.096396
826.145483
826.205640
826.264689
826.325929
826.365572
826.425236
826.481482
826.554513
826.620096
826.729407
826.934459
827.150968
827.365079
827.439769
827.475072
827.534517
827.590385
827.652028
827.760463
827.981194
828.189411
828.257111
828.294779
828.354431
828.391836
828.448658
828.504105
828.557801
828.610564
828.668495
830.577812
830.747455
830.812226
830.867157
830.903809
830.958154
831.013610
831.087038
831.452448
832.054043
832.651593
833.054435
833.119875
833.168368
833.212358
833.269831
833.331610
833.482360
833.677521
833.879623
833.946761
834.002305
834.043210
834.104347
834.292531
834.518046
834.731889
834.794801
834.852875
834.915770
834.966797
834.993235
835.012006
835.144435
835.233090
835.294756
835.332223
835.376449
835.412650
835.470414
835.524096
835.563886
835.632146
835.681603
835.739599
835.790390
835.851146
835.912588
835.965001
836.004324
836.059508
836.115975
836.171206
836.225344
836.284862
836.346567
836.384052
836.442953
836.505587
836.572538
836.630847
836.692769
836.755143
836.793847
836.837811
836.899950
836.959051
837.021668
837.062776
837.121423
837.179563
837.254278
837.390297
837.452844
837.510793
837.553431
837.608447
837.682256
839.852796
840.071373
840.286173
840.505675
840.630064
840.690659
840.760257
840.819393
840.946860
841.142503
841.354405
841.543442
841.608415
842.015949
842.514381
843.013217
843.433165
843.558568
843.624977
843.678970
843.717290
843.775429
843.830273
843.890360
843.929698
843.990023
844.043879
844.109401
844.168649
844.205240
844.267949
844.369783
844.577649
844.777056
844.967646
845.003537
845.043407
845.105262
845.158380
845.226580
845.285843
845.325424
845.386402
845.440933
845.463863
845.502335
845.558519
845.615321
845.672619
845.730051
845.780550
845.838258
845.915561
845.971063
846.029932
846.094766
846.137003
846.194686
846.249128
846.306113
846.363666
846.423639
846.481133
846.519177
846.871024
846.932392
847.001527
847.061874
847.089945
847.154503
847.214232
847.278330
847.335510
847.392304
847.454546
847.509354
847.570192
848.803615
849.936211
850.007620
850.061220
850.121482
850.181015
850.230975
850.297456
850.337925
850.391519
850.451683
850.508788
850.547969
850.607505
850.659984
850.867585
851.077498
851.296307
851.400027
851.458581
851.495622
851.553794
851.611693
851.667560
851.856662
852.059111
852.374099
852.767185
852.864097
852.926068
852.982375
853.020943
853.059621
853.119297
853.161253
853.218111
853.294218
853.354688
853.376074
853.439804
853.488354
853.560430
853.623209
853.681949
853.741909
853.777736
853.833719
854.053820
854.111355
854.178400
854.224578
854.268409
854.314087
854.393077
854.458320
854.507699
854.571621
854.636782
854.707142
854.767437
854.833181
854.881397
854.925097
854.972160
855.016800
855.088041
855.156709
855.203276
855.268056
855.335731
855.404803
855.470956
855.539067
855.606061
855.667760
855.711828
855.775810
855.837420
856.562059
858.072323
858.269643
858.430215
858.496774
858.585883
858.669532
858.777500
859.006176
859.225540
859.443767
859.603313
859.649184
859.785520
859.936892
860.144662
860.371099
860.585292
860.670017
860.729568
860.779211
860.844812
860.907107
860.978078
861.037313
861.104344
861.170354
861.234130
861.301780
861.376108
861.445138
861.509847
861.552963
861.592404
861.618611
861.673997
861.741149
861.789442
861.853245
861.918683
861.980364
862.045438
862.245600
862.446418
862.680769
862.851340
863.041019
863.259251
863.478436
863.640765
863.711813
863.772492
863.838554
863.908222
863.971047
864.033529
864.094131
864.165353
864.225057
864.285797
864.328959
864.390167
864.454320
864.519255
864.580279
864.665880
864.890095
865.095438
865.193196
865.260006
865.320247
865.364657
865.406296
865.470927
865.535449
865.596630
865.664386
865.705932
867.437936
867.871486
867.937098
868.017126
868.111478
868.330473
868.535236
868.593127
868.653300
868.720716
868.783715
868.958259
869.148228
869.209669
869.351284
869.452655
869.654746
869.880259
869.988046
870.139927
870.205079
870.269196
870.320279
870.381225
870.428437
870.491812
870.556929
870.607217
870.675056
870.873813
871.026245
871.099306
871.184235
871.246981
871.290884
871.378539
871.432617
871.501085
871.562779
871.640884
871.678167
871.746484
871.808218
871.855746
871.921041
871.983424
872.051882
872.118464
872.159991
872.226787
872.291622
872.356131
872.427241
872.491608
872.552482
872.615558
872.680948
872.743609
872.810736
872.895921
872.958938
873.022712
873.065251
873.107559
873.155780
873.204260
873.262949
873.369509
873.533700
874.038794
874.534743
874.992406
875.074070
875.132145
875.202756
875.327226
875.605371
876.827952
878.901875
879.150044
879.382311
879.602099
879.825350
880.047693
880.286022
880.462650
880.532570
880.756648
880.976589
881.213007
881.440700
881.957625
882.470895
882.975900
883.328015
883.553504
883.773147
883.984599
884.206746
884.420047
884.848777
885.141018
885.343057
885.548640
885.640782
885.735290
886.077533
886.576746
887.084665
887.331189
887.538077
887.670121
887.731066
887.804611
887.867590
887.935792
888.043936
888.251151
888.454750
888.536721
888.606383
888.670022
888.718970
888.780628
888.848188
888.911988
888.972762
889.038678
889.100671
889.145392
889.212278
889.255957
889.322636
889.392658
889.435876
889.503116
889.550271
889.617132
889.680239
889.741301
889.807909
889.853205
889.898661
889.948348
889.991576
890.036544
890.079204
890.148400
890.205272
890.247037
890.294994
890.357803
890.422155
891.933916
892.743747
892.814525
892.885544
892.948773
893.015037
893.081755
893.159395
893.188772
893.227831
893.251144
893.291495
893.315454
893.332794
893.383956
893.400424
893.451419
893.460801
893.633433
893.669954
893.854750
893.890227
894.060025
894.138018
894.204198
894.256700
894.320705
894.386659
894.400543
894.449538
894.497542
894.559650
894.627293
894.697742
894.824330
894.898076
895.081943
895.115873
895.183005
895.347253
895.349374
895.388185
895.571005
895.633646
895.651313
895.697263
895.779485
895.828266
895.855926
895.923164
895.934868
895.992013
895.998225
896.036968
896.213821
896.312128
896.359433
896.404444
896.450568
896.613359
896.979214
897.476278
897.891654
898.224308
898.301494
898.408692
898.525566
898.717566
898.922809
899.142805
899.354237
899.417546
899.489042
899.554132
899.619027
899.682154
899.726091
902.018402
902.241225
902.442972
902.500347
902.566656
902.634615
902.713641
902.930027
903.136214
903.317354
903.379763
903.427419
903.492917
903.547558
903.765072
903.990064
904.218562
904.405854
904.475435
904.521536
904.587464
904.650723
904.844632
905.068454
905.298967
905.384895
905.427622
905.487780
905.580736
905.802617
906.022135
906.182216
906.234053
906.285215
906.346956
906.502541
907.030489
907.414976
907.799026
908.015220
908.574624
908.931834
909.116332
909.330536
909.378186
909.447487
909.692003
909.916736
910.118944
910.179127
910.243415
910.307226
910.372351
910.445488
910.488981
910.555058
910.621861
910.757688
910.980982
911.203503
911.346014
911.399137
911.466219
911.530311
911.590218
911.660270
911.722132
911.791199
911.859183
911.939779
912.006435
912.185210
912.405025
912.613411
912.824704
912.895191
914.530199
915.145255
915.214261
915.280760
915.373817
915.549483
915.589138
915.663356
915.710199
915.774757
915.844905
915.908124
916.080408
916.286600
916.517794
916.742931
916.979289
917.111197
917.154015
917.222185
917.446460
917.662709
917.937471
918.426210
918.675420
918.879241
919.113794
919.201156
919.378038
919.535647
919.727014
920.175331
920.678050
921.131189
921.267689
921.332768
921.397532
921.463056
921.530519
921.671446
921.824207
922.044272
922.268500
922.471021
922.649800
922.857696
923.259776
923.512688
923.571207
923.617772
923.687637
923.749441
923.879069
923.977571
924.041194
924.100998
924.160174
924.223993
924.292164
924.361788
924.503966
924.712950
925.071655
925.505316
925.720593
925.943294
925.992677
926.056053
926.124609
926.170822
926.232394
926.436242
926.641718
926.865461
926.989474
927.034930
928.933367
929.179827
929.247736
929.314544
929.380734
929.560090
929.791139
930.027877
930.126552
930.191508
930.253617
930.321510
930.367625
930.411896
930.617480
930.827657
931.054696
931.267162
931.318951
931.533138
931.753899
931.828938
931.888932
931.958479
932.020361
932.184178
932.407761
932.508506
932.574477
932.644245
932.705621
932.774174
932.849915
932.893891
932.958680
933.026141
933.094016
933.162243
933.223492
933.269190
933.331345
933.401619
933.551041
933.619276
933.660776
933.724229
933.786983
933.855175
933.902712
933.966450
934.032550
934.077837
934.136818
934.199911
934.258643
934.327943
934.403464
934.465386
934.540536
934.585550
934.649848
934.697647
934.767645
934.813135
934.881189
934.943691
935.017772
935.063960
935.135622
935.186079
935.261226
935.310066
935.387494
935.447777
935.513632
935.577148
935.620636
935.703259
937.531660
937.826115
937.896971
937.944036
938.011656
938.077558
938.147897
938.263538
938.576495
939.082811
939.590924
940.012060
940.092033
940.147667
940.213425
940.289085
940.515622
940.698704
940.745451
940.810412
940.859322
940.918490
941.005689
941.140756
941.277960
941.351240
941.532178
941.600459
941.671174
941.731377
941.802145
941.868078
941.936872
941.982923
942.050357
942.118438
942.181256
942.243675
942.308937
942.370063
942.433201
942.497236
942.541490
942.603707
942.792499
942.906051
943.097566
943.166098
943.234404
943.302917
943.373007
943.438959
943.481583
943.639524
943.792156
943.837986
943.882237
943.943378
944.004361
944.154904
944.373958
944.592654
944.779833
944.840778
944.909244
944.951005
945.003081
945.071997
945.136038
945.203119
945.270751
945.364370
945.434705
945.482133
945.528549
945.595441
945.660237
946.302827
947.872726
947.911565
947.982002
948.026060
948.089238
948.157441
948.232490
948.297239
948.363396
948.426974
948.492415
948.557448
948.620648
948.695982
948.762004
948.829690
948.895001
948.946322
949.006300
949.069749
949.137203
949.197104
949.413602
949.657368
949.875737
950.043984
950.104491
950.149450
950.234057
950.282629
950.469716
950.958488
951.459398
952.229095
952.293976
952.359974
952.424081
952.473128
952.516734
952.579861
952.666481
952.733344
952.812226
952.877187
952.939879
953.094493
953.321444
953.473387
953.518907
953.561740
953.625158
953.691471
953.760850
953.805831
953.852214
953.914594
953.962032
954.005959
954.055184
954.125099
954.187533
954.259647
954.327698
954.372903
954.457825
954.675146
954.737735
954.959626
955.033858
955.084713
955.152235
955.195721
955.310099
955.516457
955.723764
955.865431
955.909594
957.951988
958.019137
958.187876
958.270693
958.336108
958.401857
958.441810
958.497785
958.560973
958.602130
958.670324
958.766813
958.811999
958.874106
958.949378
959.015387
959.080198
959.144224
959.209707
959.271786
959.339004
959.409859
959.456203
959.500060
959.541461
959.604137
959.673867
959.732601
959.777341
959.838368
959.901875
959.948527
960.012131
960.074627
960.115382
960.186953
960.252491
960.313883
960.363134
960.430750
960.497185
960.560917
960.622297
960.683503
960.748206
960.810051
960.852378
960.894621
960.951256
961.015765
961.078200
961.139888
961.204537
961.359071
961.847016
962.352275
962.814769
962.907133
962.970633
963.036191
963.112931
963.315361
963.529571
963.750347
963.886571
963.929095
963.994539
964.096428
964.141909
964.179443
964.248350
964.311938
964.358069
964.422942
964.486899
964.531328
964.593025
964.655931
966.691950
966.760893
966.812593
966.877307
966.944954
967.051338
967.119323
967.184233
967.414292
967.635866
967.857508
968.037923
968.099831
968.162790
968.241993
968.385680
968.592228
968.958813
969.185226
969.358552
969.416326
969.483390
969.525692
969.592781
969.636840
969.682894
969.752585
969.826424
969.890024
970.050244
970.166983
970.213023
970.277516
970.318878
970.360508
970.424963
970.468160
970.515798
970.578161
970.641443
970.704712
970.765702
970.810352
970.876805
970.922332
970.967666
971.032123
971.077057
971.146796
971.207912
971.272713
971.334487
971.380644
971.597898
971.688110
971.752881
971.817147
971.866665
971.933205
971.995969
972.028013
972.095933
972.145325
972.188767
972.251568
972.311164
972.365011
972.426893
972.490795
972.543595
972.581925
972.623717
972.684795
972.764852
972.811970
972.896267
973.123068
973.346617
975.917075
976.142744
976.291382
976.360062
976.394545
976.459514
976.588157
976.820704
976.888620
976.952345
976.999026
977.045919
977.117446
977.175745
977.254651
977.317930
977.382109
977.447218
977.493559
977.535645
977.592937
977.638248
977.681129
977.749407
977.826678
977.898568
977.948287
978.060078
978.115552
978.164342
978.201868
978.224265
978.287590
978.289689
978.355339
978.377908
978.416984
978.530153
978.606091
978.619992
978.690923
978.739431
978.772434
978.808357
978.835258
978.853883
978.899810
978.931815
978.965654
978.984095
979.029608
979.046066
979.081214
979.110940
979.149006
979.178317
979.221216
979.293519
979.398194
979.504211
979.617481
979.751115
979.815517
979.872507
980.196519
980.697511
981.202716
981.474643
981.530573
981.598621
981.665664
981.732692
981.794545
981.843450
981.908496
981.970477
982.044153
983.380081
984.789222
985.022005
985.140704
985.206072
985.270672
985.498231
985.731970
986.035949
986.650394
987.257521
987.780809
987.951146
988.170566
988.538825
988.751628
989.007483
989.212358
989.454770
989.675847
990.007040
990.235735
990.609683
990.820069
990.880998
991.043195
991.126090
991.187194
991.371033
991.458245
991.524896
991.590884
991.743843
991.951369
992.017343
992.068935
992.141139
992.209966
992.278981
992.343457
992.410091
992.436390
992.502633
992.575082
992.808748
993.035326
993.255897
993.479169
993.686940
993.892821
994.114825
994.227235
994.417969
994.487563
994.557867
994.623889
994.689939
994.741998
994.845979
995.324487
995.871237
996.371531
996.841833
996.997120
997.220956
997.437778
997.644750
997.717468
997.950233
998.175263
998.405210
998.615102
998.989188
999.331718
999.444416
1001.727846
1001.959110
1002.374633
1002.616874
1002.844015
1002.977598
1003.047231
1003.220787
1003.433217
1003.650588
1003.722546
1003.774612
1003.843425
1003.927682
1004.152339
1004.365042
1004.584236
1004.703965
1005.079236
1005.148350
1005.176588
1005.402029
1005.497580
1005.546212
1005.617536
1005.688358
1005.753489
1005.826033
1005.934636
1006.137621
1006.372123
1006.597108
1006.761068
1006.809637
1006.897091
1006.961563
1007.009338
1007.061948
1007.124712
1007.200339
1007.262730
1007.335850
1007.408233
1007.492763
1007.561586
1007.750481
1007.964144
1008.194197
1008.404739
1008.524618
1008.591465
1008.666735
1008.739456
1008.855088
1009.063650
1009.234054
1009.421148
1009.471464
1009.537353
1009.606667
1009.654442
1009.724117
1009.785796
1009.835706
1009.896108
1009.967237
1010.023276
1010.087538
1010.157731
1010.227983
1010.298085
1010.368042
1010.436468
1010.509397
1010.572997
1010.638133
1010.705231
1012.806777
1012.875543
1012.948206
1013.052582
1013.224753
1013.540060
1013.762686
1013.982373
1014.029803
1014.100807
1014.166904
1014.251478
1014.462159
1014.723688
1015.232610
1015.741306
1016.304799
1016.667415
1017.021343
1017.230424
1017.421865
1017.588710
1017.685614
1017.906849
1018.086645
1018.238696
1018.454075
1018.668416
1018.882868
1019.033221
1019.257228
1019.480062
1019.637686
1019.710394
1019.756311
1019.826025
1019.900332
1019.946986
1020.154277
1020.600196
1021.097834
1021.425589
1021.602695
1021.718071
1021.770591
1021.845995
1021.915943
1021.988869
1022.056793
1022.131126
1022.180694
1022.229602
1022.295646
1022.364072
1022.415689
1022.470157
1022.537912
1022.635039
1022.760057
1022.827489
1022.879906
1022.946929
1023.184044
1023.759017
1024.386109
1025.001543
1025.584804
1026.091984
1026.384183
1026.909814
1027.406855
1027.812605
1028.053579
1028.169227
1029.052479
1031.222530
1031.753657
1032.185461
1032.251787
1032.323252
1032.390861
1032.471308
1032.660384
1032.865979
1033.090414
1033.342611
1033.540740
1033.619516
1033.698281
1033.785649
1033.838070
1033.907043
1033.978575
1034.025673
1034.091341
1034.159988
1034.208375
1034.275343
1034.348467
1034.419223
1034.487758
1034.535260
1034.602978
1034.775156
1034.988115
1035.213103
1035.297285
1035.344820
1035.412617
1035.480385
1035.546517
1035.620931
1035.670325
1035.757540
1036.013170
1036.363062
1036.576220
1036.783345
1036.959498
1037.029807
1037.079938
1037.281408
1037.470469
1037.516226
1037.568392
1037.649061
1037.742432
1037.814130
1037.892037
1037.939937
1038.011033
1038.080793
1038.615031
1039.240159
1039.832662
1040.179242
1040.239948
1040.311442
1040.385674
1040.439529
1040.517126
1040.582667
1040.654251
1040.728100
1040.783509
1040.855967
1040.924870
1040.988963
1041.060516
1041.107728
1041.158357
1042.231302
1042.299708
1042.405478
1042.472945
1042.542225
1042.639850
1042.882763
1043.117696
1043.256967
1043.329569
1043.456706
1043.584211
1043.608618
1043.801938
1043.833793
1044.030000
1044.061062
1044.151975
1044.218410
1044.241810
1044.287160
1044.298326
1044.354715
1044.422892
1044.475465
1044.680345
1045.272776
1045.880923
1046.454458
1046.610270
1046.659325
1046.707864
1046.773690
1046.845712
1046.892297
1046.962137
1047.032490
1047.078610
1047.154351
1047.203077
1047.275289
1047.479573
1047.718133
1047.933773
1048.146728
1048.222373
1048.289638
1048.340078
1048.452286
1048.680665
1048.815042
1048.881917
1048.947999
1049.018975
1049.087372
1049.155062
1049.209811
1049.278545
1049.329185
1049.374961
1049.439404
1049.511330
1049.576735
1049.631431
1049.707252
1049.773544
1049.849551
1049.921756
1049.933607
1049.984560
1050.052781
1050.130850
1050.194383
1050.262685
1050.332785
1050.408053
1050.474193
1052.580055
1052.655089
1052.707988
1052.763166
1052.810431
1052.893130
1053.128206
1053.358804
1053.579560
1053.650802
1053.721109
1053.815473
1053.869654
1053.992909
1054.228838
1054.463897
1054.679190
1054.729753
1054.780519
1054.848589
1054.918410
1054.983925
1055.051742
1055.118214
1055.184077
1055.249680
1055.318577
1055.389523
1055.434728
1055.501058
1055.620359
1055.849732
1056.284860
1056.478816
1056.545027
1056.615083
1056.667376
1056.732963
1056.949713
1057.069912
1057.404482
1057.791662
1058.017063
1058.225836
1058.318014
1058.368932
1058.441489
1058.508301
1058.729967
1058.935949
1059.161209
1059.313321
1059.384055
1059.448649
1059.519763
1059.636449
1060.018188
1060.522642
1060.824000
1060.942624
1060.999906
1061.177986
1061.397794
1061.622272
1061.850910
1062.071065
1062.344900
1062.562154
1063.019807
1063.535975
1063.693706
1063.762570
1063.830842
1063.901627
1063.949539
1064.020134
1066.296102
1066.431757
1066.501794
1066.571249
1066.940252
1066.973715
1067.047027
1067.269693
1067.437953
1067.511212
1067.560564
1067.627369
1067.679291
1067.727181
1067.965553
1068.192903
1068.404115
1068.574814
1068.612512
1068.684221
1068.752669
1068.815575
1068.880598
1068.946854
1069.017617
1069.061122
1069.127571
1069.198543
1069.265182
1069.337407
1069.401887
1069.464971
1069.524764
1069.588441
1069.656799
1069.709178
1069.777213
1069.837092
1069.887773
1069.966424
1070.036213
1070.084502
1070.149715
1070.218395
1070.285031
1070.353454
1070.403400
1070.470796
1070.539150
1070.602069
1070.651849
1070.720254
1070.784070
1070.829534
1070.872967
1070.942115
1071.012719
1071.058760
1071.137644
1071.203774
1071.254250
1071.326116
1071.406119
1071.458768
1071.619444
1072.127816
1072.640313
1073.114380
1073.201312
1073.252469
1073.426778
1073.666423
1074.161928
1074.619088
1074.842255
1074.955926
1075.202217
1077.867768
1078.385499
1078.690790
1078.759747
1078.825801
1078.875333
1078.954834
1079.004676
1079.073837
1079.140795
1079.210673
1079.280533
1079.344604
1079.388051
1079.464480
1079.516204
1079.588531
1079.638027
1079.704285
1079.776004
1079.822812
1079.894700
1079.965602
1080.034406
1080.086721
1080.155664
1080.357541
1080.454177
1080.566870
1080.778538
1080.883530
1081.110133
1081.240567
1081.288246
1081.354038
1081.423442
1081.475997
1081.554892
1081.618432
1081.692223
1081.758746
1081.828058
1081.941137
1081.994195
1082.044788
1082.113908
1082.179306
1082.229635
1082.275174
1082.342435
1082.406125
1082.478607
1082.549065
1082.595114
1082.665661
1082.729145
1082.800554
1082.867725
1082.934124
1083.046105
1083.274491
1083.597098
1084.021657
1084.181116
1084.255816
1084.450053
1084.678123
1084.909415
1085.141481
1085.357537
1085.460954
1085.660983
1085.882475
1086.224385
1086.647854
1086.877721
1087.108160
1089.530748
1089.785402
1090.106734
1090.342260
1090.573927
1091.032857
1091.565726
1092.175350
1092.789328
1093.407917
1093.998337
1094.607757
1095.224278
1095.850698
1096.464555
1097.076810
1097.697526
1098.303128
1098.735816
1098.944653
1099.165303
1099.392252
1099.604018
1099.697464
1099.770765
1099.825316
1099.876232
1099.944945
1100.009008
1100.078345
1100.131102
1100.194310
1100.265260
1100.333800
1100.403912
1100.477034
1100.545605
1100.611799
1100.699690
1100.744380
1100.810791
1100.889416
1100.959705
1101.031177
1101.124954
1101.335009
1101.561416
1101.712179
1101.775900
1101.980880
1102.230478
1102.459528
1102.637957
1102.711465
1102.784016
1102.847341
1102.958047
1103.198248
1103.428160
1103.845018
1104.150298
1104.397944
1104.596852
1104.673439
1104.745890
1104.822418
1104.918916
1104.982007
1105.049277
1105.096495
1105.157158
1105.236815
1105.303016
1105.369045
1107.576463
1107.695804
1107.770184
1107.837332
1107.896069
1107.964403
1108.015582
1108.107723
1108.158720
1108.227816
1108.273640
1108.344187
1108.410904
1108.479367
1108.630103
1108.854075
1109.085283
1109.202121
1109.258158
1109.327082
1109.470495
1109.673921
1110.132177
1110.406212
1110.490425
1110.531850
1110.579333
1110.632878
1110.703514
1110.827764
1110.917294
1110.980683
1111.049613
1111.193622
1111.648459
1112.148389
1112.642907
1113.092848
1113.312360
1113.474617
1113.526791
1113.612875
1114.023937
1114.521046
1115.014410
1115.338433
1115.561020
1115.750936
1115.815431
1115.889177
1115.954578
1116.001255
1116.049936
1116.092615
1116.162030
1116.227686
1116.273055
1116.347148
1116.423620
1116.493272
1116.568901
1116.621259
1116.676339
1116.746746
1116.822875
1116.897046
1116.954913
1117.007036
1117.058324
1117.128033
1117.197101
1117.264857
1117.327962
1117.396813
1117.466956
1117.532870
1118.150839
1119.892458
1119.969860
1120.044913
1120.249385
1120.471939
1120.658302
1120.738759
1120.807052
1120.873159
1120.944653
1121.049965
1121.188609
1121.262067
1121.359851
1121.578393
1121.656200
1121.854765
1122.091122
1122.157277
1122.187133
1122.225656
1122.292428
1122.363789
1122.409763
1122.417245
1122.490400
1122.563682
1122.630907
1122.638265
1122.689187
1122.767376
1122.820203
1122.886502
1122.981826
1123.164476
1123.393186
1123.680690
1124.051958
1124.151562
1124.220389
1124.296848
1124.428869
1124.854996
1125.351380
1125.846174
1126.136496
1126.358441
1126.561774
1126.610091
1126.829531
1127.054603
1127.283702
1127.467814
1127.681957
1127.735267
1127.800479
1127.871766
1127.956463
1128.087074
1128.435025
1128.931748
1129.428537
1129.638469
1129.709220
1129.781160
1130.146887
1130.220048
1130.302634
1130.356234
1130.425677
1130.494597
1130.563202
1130.632758
1130.701850
1130.749164
1131.402400
1132.975355
1133.039345
1133.109139
1133.177633
1133.225705
1133.276240
1133.360758
1133.429656
1133.502014
1133.548449
1133.597928
1133.645924
1133.696084
1133.778256
1133.826083
1133.898970
1133.962027
1134.047492
1134.079396
1134.151615
1134.201994
1134.266282
1134.314378
1134.418677
1134.482999
1134.550522
1134.596687
1134.648166
1134.717070
1134.783875
1134.850882
1134.922836
1134.970570
1135.022025
1135.092408
1135.157176
1135.224794
1135.291094
1135.358863
1135.411988
1135.483351
1135.532054
1135.601198
1135.661382
1135.727796
1135.775423
1135.825504
1136.092625
1136.636977
1137.248039
1137.800119
1137.854553
1137.920454
1138.029936
1138.495400
1139.011491
1139.496651
1139.789886
1140.002634
1140.496492
1141.006592
1141.517465
1141.839182
1142.257849
1142.478150
1142.984352
1143.363108
1143.431396
1143.489630
1143.559440
1143.611838
1143.685950
1143.750840
1143.820339
1143.872239
1143.925221
1146.038985
1146.111537
1146.169638
1146.252658
1146.323140
1146.409092
1146.500033
1146.714420
1147.218246
1147.730904
1148.319544
1148.540865
1148.768844
1149.042272
1149.273930
1149.291950
1149.357656
1149.440413
1149.511659
1149.650407
1149.825421
1149.889220
1149.921848
1149.961897
1150.025962
1150.092942
1150.144497
1150.168539
1150.344898
1150.358582
1150.554600
1150.769008
1150.988092
1151.052884
1151.121148
1151.221516
1151.267311
1151.384909
1151.592036
1151.628369
1151.833025
1152.057729
1152.270469
1152.347793
1152.542477
1152.755480
1152.930473
1152.984974
1153.056540
1153.104616
1153.162330
1153.239963
1153.318743
1153.372112
1153.434637
1153.509630
1153.581024
1153.645065
1153.725681
1153.843741
1154.053633
1154.415563
1154.645055
1154.860586
1155.121106
1155.191442
1155.414344
1155.637123
1155.871060
1155.951367
1156.004883
1156.079031
1156.132977
1156.351011
1156.749002
1157.849650
1160.195534
1160.726212
1161.019479
1161.234555
1161.447109
1161.665852
1162.041266
1162.545877
1163.042573
1163.586214
1163.957615
1164.185889
1164.560859
1164.934267
1165.363211
1165.559952
1165.632709
1165.694241
1165.763925
1165.843479
1165.890703
1165.953271
1166.017640
1166.086081
1166.155582
1166.217624
1166.286261
1166.352431
1166.418354
1166.502382
1166.570852
1166.775335
1167.265818
1167.759401
1168.267268
1168.487755
1168.561971
1168.629182
1168.706654
1168.930524
1169.155562
1169.290748
1169.366891
1169.435106
1169.494611
1169.538930
1169.611749
1169.680953
1169.752196
1169.820661
1170.077297
1170.585201
1171.014448
1171.242079
1171.380680
1171.432271
1171.498728
1171.545110
1171.598460
1171.822775
1172.030726
1172.240507
1172.437218
1172.488418
1172.556339
1172.627405
1172.679829
1172.748659
1172.815993
1172.879298
1172.955069
1173.005183
1173.072424
1173.258814
1174.044903
1175.964690
1176.203905
1176.415147
1176.629838
1176.861414
1177.089360
1177.312140
1177.469803
1177.546866
1177.617380
1177.673299
1177.744971
1177.820209
1177.994236
1178.395517
1178.785026
1179.149295
1179.352121
1179.750704
1180.296120
1180.797754
1181.415750
1181.954599
1182.468482
1182.977025
1183.253036
1183.489732
1183.728848
1184.141255
1184.664112
1185.175648
1185.576430
1185.849290
1186.079685
1186.227907
1186.293783
1186.377839
1186.430939
1186.479878
1186.531642
1186.616253
1186.661049
1186.731083
1186.800339
1186.870807
1186.938116
1187.008828
1187.086544
1187.165339
1187.235417
1187.336097
1187.406774
1187.478204
1187.554089
1187.634395
1187.685739
1187.828592
1188.229108
1188.454650
1188.664745
1188.807132
1188.878076
1188.952798
1189.019895
1189.091712
1189.162779
1189.240739
1189.312753
1189.388959
1189.452380
1189.500947
1189.547518
1189.618366
1189.690942
1190.163968
1192.039018
1192.126997
1192.193689
1192.265795
1192.337794
1192.413733
1192.479538
1192.541747
1192.615031
1192.665351
1192.721580
1192.788102
1192.968637
1193.194471
1193.705288
1194.194995
1194.456941
1194.777728
1194.980558
1195.205262
1195.445910
1195.540710
1195.654292
1195.771864
1195.987591
1196.115608
1196.257836
1196.308964
1196.374723
1196.456257
1196.481555
1196.547776
1196.605932
1196.675446
1196.722536
1196.772020
1196.815477
1196.891185
1196.939874
1197.006811
1197.445050
1197.908649
1197.940685
1197.979375
1198.047149
1198.100484
1198.452756
1198.481114
1198.551307
1198.619317
1198.700294
1198.752396
1198.768018
1198.820130
1198.840257
1198.866619
1198.911146
1198.920213
1198.978150
1199.045716
1199.119329
1199.185744
1199.252263
1199.304527
1199.359249
1199.407984
1199.478932
1199.555310
1199.606173
1199.672865
1199.784413
1199.855716
1199.906226
1199.978509
1200.042825
1200.089430
1200.677343
1202.319877
1202.403480
1202.493822
1202.543433
1202.637970
1202.847904
1203.066103
1203.463236
1203.553124
1203.598600
1203.669945
1203.719291
1203.817707
1204.094167
1204.507150
1204.701851
1204.799633
1204.864826
1204.925331
1204.995506
1205.043551
1205.114443
1205.183548
1205.227354
1205.296172
1205.387326
1205.610392
1206.092562
1206.448298
1206.638568
1206.688378
1206.756588
1206.829670
1206.894590
1206.963662
1207.033372
1207.082200
1207.154384
1207.219283
1207.300772
1207.596324
1207.830608
1208.049378
1208.276364
1208.383282
1208.437429
1208.669247
1209.001374
1209.497700
1209.845008
1210.077981
1210.264804
1210.480420
1210.703419
1210.944809
1211.339651
1211.852271
1212.106281
1212.323008
1212.386224
1212.462649
1212.590710
1212.896775
1213.406573
1213.922296
1214.392282
1214.600525
1214.816801
1215.100346
1215.552228
1215.779978
1216.060806
1216.380373
1216.587584
1217.654645
1219.349446
1219.597892
1219.719270
1219.788937
1219.839246
1219.907595
1219.965441
1220.018720
1220.042967
1220.113402
1220.186009
1220.235073
1220.305544
1220.367982
1220.453403
1220.682986
1220.843147
1220.910746
1220.980545
1221.046245
1221.096176
1221.174112
1221.237932
1221.309124
1221.356376
1221.400598
1221.474618
1221.556370
1221.605586
1221.883410
1222.452213
1222.944268
1223.443384
1223.524840
1223.573099
1223.642741
1223.723835
1223.795872
1223.861564
1223.928891
1224.078244
1224.142927
1224.206679
1224.273209
1224.340779
1224.388528
1224.457781
1224.620929
1224.843160
1224.959718
1225.027443
1225.094569
1225.164140
1225.230240
1225.298003
1225.366386
1225.428296
1225.479098
1225.548104
1225.610032
1225.656711
1225.720868
1225.768516
1225.838589
1225.883784
1225.960734
1226.026226
1226.095243
1226.147168
1226.214642
1226.287842
1226.336970
1226.386270
1226.460202
1226.531369
1226.600046
1226.667094
1228.621402
1228.775372
1228.850043
1228.920385
1228.989940
1229.079735
1229.147489
1229.222708
1229.290970
1229.365601
1229.432795
1229.481913
1229.547424
1229.592333
1229.670930
1229.723084
1229.791583
1229.914758
1230.050995
1230.102827
1230.169784
1230.237243
1230.288000
1230.452943
1230.665897
1230.893382
1231.005680
1231.071087
1231.112740
1231.170257
1231.238929
1231.306010
1231.351382
1231.373560
1231.441146
1231.510219
1231.574631
1231.645278
1231.696340
1231.805982
1231.866939
1232.013715
1232.228459
1232.366578
1232.454118
1232.563453
1232.619615
1232.671550
1232.738113
1232.804470
1232.862524
1232.870989
1232.934765
1232.941947
1232.979981
1233.013084
1233.048401
1233.066313
1233.114699
1233.133580
1233.162574
1233.233709
1233.297189
1233.350641
1233.421609
1233.468566
1233.517065
1233.594177
1233.635925
1233.707036
1233.748359
1233.818392
1233.947548
