11.740727
11.199377
11.189485
11.572776
12.410915
11.788953
11.632243
11.910155
11.783294
11.238301
12.148571
11.790519
7.798995
11.790519
7.798995
11.613427
12.543633
5.240863
11.362170
11.362170
11.878107
11.400132
11.400132
11.786621
7.682809
11.497828
12.437538
11.484957
11.484957
11.216623
11.387357
11.076225
10.615459
10.777061
10.777061
12.245449
11.572528
11.572528
.586552
.586552
8.023218
11.095425
11.534197
11.534197
11.652155
9.302224
11.680128
11.579261
8.015757
6.140059
11.604435
6.140059
11.604435
11.107588
12.610694
11.275357
11.858565
11.858565
6.291102
6.291102
11.578597
6.291102
11.578597
6.418127
12.305208
11.765836
11.763329
11.599090
8.039276
8.039276
12.169561
11.592639
11.829584
11.464271
11.464271
11.567006
8.247410
12.452872
8.247410
12.452872
11.452702
11.238291
11.525868
11.210587
11.386436
8.612382
10.649565
12.106955
11.679204
8.720718
11.679204
8.720718
11.679204
8.720718
12.325538
11.679204
8.720718
12.325538
11.055429
11.452640
11.593230
11.287022
9.638801
9.638801
11.311024
7.572901
11.595210
9.888462
11.345318
11.565763
11.482435
7.869829
12.044550
10.849157
12.168909
7.863917
12.168909
7.863917
11.869275
11.890071
12.067909
11.489874
12.286116
12.380723
12.380723
11.854346
11.561825
11.272553
11.272553
11.165463
8.160837
11.859844
9.444703
11.449730
11.872293
.309234
11.988322
11.988322
12.189540
12.010764
11.558173
7.674983
7.674983
11.752900
11.385899
11.385899
11.461101
11.461101
12.261687
7.696892
11.526041
11.736773
11.671363
11.401161
11.614075
11.551379
11.551379
8.791493
11.953778
11.515269
11.363745
11.363745
11.634073
11.715592
11.846636
12.194293
8.635025
6.577211
11.634396
6.577211
11.634396
.360698
11.573541
11.309498
12.147216
12.227966
12.147216
12.227966
12.147216
12.227966
12.146395
10.441137
12.147216
12.227966
12.146395
10.441137
7.031326
11.465190
7.031326
11.465190
11.541172
11.660365
11.367808
11.364332
11.578523
11.702756
11.406041
7.536669
5.991778
5.991778
12.347589
11.422265
11.422265
10.635771
11.651664
11.651664
8.035509
11.866162
8.035509
11.866162
11.369074
8.453726
12.340355
12.255353
11.695489
9.353723
11.229224
11.900626
10.483986
11.755335
10.597736
10.597736
10.597736
11.122486
11.122486
11.498395
11.497012
11.497012
9.730403
11.143853
11.378758
12.276951
11.996982
11.996982
12.433488
11.726460
10.010419
11.740125
7.975050
11.740125
7.975050
11.740125
7.975050
12.396310
11.017394
11.668966
11.319551
11.442552
12.291005
11.609053
11.609053
12.191118
12.191118
11.147754
10.781569
10.781569
10.781569
12.445875
11.627338
12.551062
11.370706
11.448643
11.521294
10.700494
12.003772
12.192123
11.866148
10.998815
11.545479
11.545479
12.177347
10.816447
11.545479
12.177347
10.816447
11.545479
12.177347
10.816447
11.675863
10.948152
10.446238
10.446238
11.820168
11.820168
11.780419
12.212788
11.492238
8.431853
11.767029
11.111256
11.027275
11.904949
11.904949
9.863305


12.320418
11.840327
11.765211
11.605996
8.215100
11.361573
11.870446
12.657219
11.484117
11.484117
12.440115
12.357952
12.509677
11.983123
11.449051
12.254348
11.844483
11.844483
8.217946
8.217946
11.380911
11.412246
11.451063
11.570543
11.420525
11.668370
12.225464
11.936198
7.628303
11.936198
7.628303
12.503213
10.706888
11.466659
11.713839
11.713839
10.684076
10.684076
11.312631
5.934552
11.312631
5.934552
11.580691
11.580691
11.535104
11.535104
12.345343
10.638000
11.061802
11.061802
11.517178
11.973445
11.973445
12.137746
10.332171
11.973445
12.137746
10.332171
11.973445
12.137746
10.332171
12.318257
11.221997
11.701028
11.019723
9.089138
11.399402
11.407945
11.407945
11.446994
10.562913
12.406620
11.628223
12.113557
11.225203
11.783799
11.722195
8.850898
8.843318
8.843318
10.698875
11.536025
11.246179
11.260545
8.087644
11.260545
8.087644
6.940044
11.635285
11.409124
11.409124
8.014192
11.409124
8.014192
11.861680
11.783730
11.444048
11.444048
8.189756
11.939194
6.309152
12.269961
12.623115
11.346370
11.219564
11.803076
16.649943
11.995575
11.337021
11.337021
11.094441
11.619300
7.969565
11.749383
12.464629
9.461821
11.901010
9.623420
11.400311
12.214241
11.584183
8.325214
11.280769
7.671423
11.280769
7.671423
11.787884
12.337544
10.451082
11.557273
8.329391
11.533034
6.415030
12.353626
11.970215
10.488889
12.241081
11.157170
12.241081
11.157170
12.241081
11.157170
11.677849
11.941635
10.330202
10.330202
11.832675
10.939806
13.664067
11.535933
10.708639
11.909434
12.145055
11.317916
11.317916
11.199901
11.199901
11.498475
11.588561
8.321185
8.321185
11.292514
11.292514
12.029903
11.180843
12.634518
8.041385
11.371143
11.360649
11.608996
10.777350
10.777350
12.023813
12.402278
11.524183
10.607046
11.655022
11.655022
11.507015
11.507015
11.442963
11.803802
11.305355
11.305355
11.726550
11.062614
11.502195
11.502195
11.167349
11.167349
11.599629
11.498050
11.407595
12.344890
12.171699
12.340022
12.262796
11.284056
10.936503
10.936503
11.262700
12.080836
8.336511
11.343386
12.174472
11.457803
8.063817
11.887004
11.395586
11.395586
11.653863
11.718891
11.718891
11.919815
11.718891
11.919815
12.321439
11.718891
11.919815
12.321439
11.895812
9.916972
11.669218
11.242852
8.728078
8.728078
11.072719
11.295755
11.298745
8.307753
11.282607
11.471688
11.562110
11.562110
9.237871
11.677072
11.419163
8.481317
11.453818
5.749071
12.548055
11.540583
11.410530
11.857654
8.791683
11.553606
11.441284
11.511726
11.359147
11.159373
11.093710
11.808630
7.933650
11.808630
7.933650
11.212162
11.212162
12.529527
11.547985
11.795251
11.839787
8.258819
12.342003
12.666568
12.443682
11.657235
12.033680
9.713842
10.050806
10.050806
8.043169
11.938700
7.667077
11.975727
12.286344
11.458088
8.162122
11.802500
12.273354
11.746409
11.746409
11.542625
11.841273
11.206496
11.206496
11.733046
12.376350
12.333115
7.756628
7.756628
11.461374
11.461374
10.660517
11.863511
11.667657
11.461162
12.523699
12.523699
11.860675
11.309209
12.523699
11.860675
11.309209
11.687289
12.077368
12.384659
10.455167
7.343816
12.006805
11.795838
8.024758
11.311279
11.704387
11.739400
10.922105
11.952257
11.368984
8.839569
11.448605
11.299793
12.466984
117..839599406438

117..839599406438

11.413470
11.858712
11.306048
11.306048
12.377064
11.664017
12.225366
11.586956
8.640311
11.713635
11.562284
11.533423
11.533423
11.784825
11.988883
11.988883
6.584854
11.986322
6.584854
11.986322
11.619480
11.433269
11.433269
11.440804
11.458764
11.395977
11.395977
11.804741
11.964077
12.295818
8.175746
12.295818
8.175746
12.501035
11.549034
11.716790
11.243659
7.749968
11.238859
11.238859
7.683353
12.588846
11.954859
11.650057
11.631811
12.242114
11.655401
11.719694
11.922636
11.927621
11.012454
11.012454
8.375297
12.127230
11.854296
12.334544
8.240332
11.999364
11.999364
11.072621
11.999364
11.072621
10.061306
12.164967
12.637881
11.006777
11.006777
11.116784
10.536126
10.536126
11.534065
11.534065
12.218605
11.724261
12.182300
8.419381
12.491705
11.481052
9.116556
9.116556
7.326732
7.326732
11.846462
12.490042
478906
11.544043
12.548825
12.337640
11.677292
10.692667
8.025711
117..448402174429

117..448402174429

11.717994
11.967557
11.726602
8.294950
12.005450
11.629242
11.567676
11.414755
10.381891
12.354290
11.912592
9.064797
11.208864
11.208864
11.782902
11.782902
8.190762
7.120896
11.834381
11.175330
.065574
.065574
11.862723
12.220063
9.168478
11.596930
11.496997
12.400296
12.400296
9.464373
11.368540
11.868340
11.684970
10.856903
11.940395
9.8554185
.316365
5.294699
11.660845
12.019870
12.355714
11.746659
11.746659
11.254249
12.457436
12.387422
11.013391
11.013391
12.411192
10.225915
11.595648
11.595648
12.090049
11.562169
11.595648
12.090049
11.562169
11.595648
12.090049
11.562169
11.279813
11.525605
12.340339
12.340339
11.367282
8.350042
11.160661
12.310263
11.217327
11.217327
12.233127
10.003414
10.003414
12.458204
8.348969
11.843444
10.488059
10.488059
11.576997
12.215481
11.196590
10.563451
10.563451
12.363017
12.363017
11.081725
8.597615
12.377725
12.054541
11.182102
10.642601
10.642601
11.391925
11.203633
12.311214
11.035939
11.035939
12.312854
8.101352
12.312854
8.101352
11.464035
11.180241
12.256439
11.865227
12.314554
11.190567
11.317146
7.650529
11.549260
11.804130
11.515359
11.515359
12.024369
12.206328
11.591322
6.297091
13.420918
6.297091
13.420918
11.762775
11.426963
9.123257
8.898884
10.941261
11.373633
12.026514
11.277914
11.277914
11.869068
11.404056
11.404056
11.689909
11.363502
12.380964
11.147949
11.868253
10.652282
10.652282
11.461870
12.229316
11.790413
11.957348
11.307155
6.599608
11.476374
6.599608
11.476374
11.656265
11.656265
12.123038
11.546538
12.123038
11.546538
12.123038
11.546538
12.173234
11.539494
9.379492
9.379492
7.722290
6.058303
10.987807
6.058303
10.987807
11.674705
8.451110
11.674705
8.451110
.933434
11.690434
12.237847
7.667062
11.538785
9.700016
9.700016
12.389719
11.705116
11.705116
11.926987
10.944578
10.789896
11.412754
10.283234
12.015046
8.528348
12.246694
9.109719
7.135341
7.135341
12.292748
10.891235
10.891235
10.513002
11.917765
11.028637
11.028637
12.095423
11.545781
11.554696
12.258117
8.289610
10.604098
11.185545
11.185545
11.274813
11.770797
11.439193
12.058722
11.418926
11.951857
11.486715
11.683304
11.968860
9.465186
11.493420
11.493420
11.596198
12.257332
12.257332
8.072688
11.770126
10.595810
11.880843
12.228097
11.984518
8.441883
10.291606
10.291606
12.082931
11.657621
11.594030
11.594030
12.146877
12.294729
11.198744
9.813082
5.259571
11.198744
9.813082
5.259571
11.198744
9.813082
5.259571
11.198744
9.813082
5.259571
12.239165
11.946987
11.399112
12.435122
12.059645
11.985734
12.354164
11.143562
11.542187
11.417292
11.106599
11.415869
11.507177
11.468249
11.468249
11.330290
11.700591
11.890624
12.174698
11.345445
11.382976
11.397898
9.829991
11.426306
11.519535
11.519535
11.348359
11.775914
12.221441
10.942526
12.032369
11.465290
11.764410
12.398684
12.357149
11.905201
9.335479
11.691913
8.973411
11.558562
11.439273
11.439273
11.346060
11.457610
8.532724
11.963973
8.338504
10.596932
11.719954
11.767978
12.432359
11.973593
8.817876
11.472122
10.721705
10.721705
11.997760
11.723348
12.435679
12.388624
12.206799
10.825258
11.590644
11.318428
12.452164
12.195543
11.916890
8.622296
.971092
9.573685
11.494102
11.494102
11.455129
11.494102
11.455129
12.374524
11.494102
11.455129
12.374524
11.497535
11.324728
11.142243
11.142243
11.283274
11.617404
11.429390
11.431594
11.431594
7.477121
11.383065
12.019364
11.411485
11.834144
11.429301
11.429301
11.487625
11.487625
11.515490
11.606527
8.626282
11.849420
7.633869
12.311482
11.421846
11.319469
11.319469
11.559630
11.672752
11.695183
11.659817
11.659817
8.396009
11.402841
11.402841
10.719458
10.554998
10.554998
12.114399
12.114399
11.495914
8.615749
.507863
11.363142
12.276099
11.170955
12.294400
11.770277
11.569393
11.077854
11.077854
12.433687
8.198636
11.259699
11.934172
11.944944
11.509256
8.356209
11.509256
8.356209
11.332802
11.176937
11.176937
11.426319
11.426319
12.333589
11.372750
8.431966
12.456947
12.327172
12.327172
11.840196
10.646266
11.383175
11.756797
12.315507
8.204614
7.049023
11.703538
6.723705
7.049023
11.703538
6.723705
11.542225
11.445754
9.472188
8.027133
8.027133
9.478555
9.478555
12.282937
7.204048
11.522106
11.522106
10.009077
11.448333
11.448333
6.681724
12.387033
11.502246
11.706055
9.810595
12.689646
9.086665
11.402404
12.137689
12.137689
17.410916
12.218479
12.137689
17.410916
12.218479
12.137689
17.410916
12.218479
10.878062
11.384957
11.262294
11.021820
11.174620
12.277723
11.932720
11.744029
11.703460
11.703460
11.440789
8.366441
12.276195
16.163667
11.359209
8.569972
16.163667
11.359209
8.569972
12.300109
11.756031
11.767126
11.767126
10.975218
10.975218
7.826288
12.383535
11.378728
11.378728
11.186470
11.832477
11.748604
12.352323
11.733864
11.773343
11.295723
8.092513
12.219185
11.640273
10.331802
11.374267
11.414181
11.673189
11.673189
11.035588
11.805145
12.403152
11.639521
11.769496
10.835371
10.835371
12.180178
12.131569
11.587445
10.557554
11.239385
12.013341
9.403329
11.719911
8.143160
12.256260
12.446508
9.046798
11.929153
11.473554
11.473554
8.660517
12.355606
12.583628
11.184843
11.590569
11.590569
12.399325
9.887262
11.364864
11.458637
12.041145
11.531452
11.221685
12.269179
11.067546
11.067546
12.422101
11.067546
12.422101
12.268037
11.067546
12.422101
12.268037
11.443232
11.628849
504483
12.470492
11.545544
11.553642
9.325159
11.913374
11.913374
12.266685
6.563966
11.947679
11.486530
8.385486
11.553897
5.896650
12.023158
11.408006
11.696635
11.318202
.386881
11.957943
16.508317
11.957943
16.508317
11.092754
11.092754
11.644477
11.229240
11.945185
11.638559
12.259540
11.315325
11.642903
11.861849
11.534712
12.238157
8.693254
11.596623
11.738976
11.633962
8.443510
11.146924
11.499253
11.174895
11.773721
10.526253
11.810449
11.810449
11.990614
13.114433
10.810444
11.609114
11.609114
11.613041
11.871366
12.308059
11.454067
12.305803
11.394030
10.890031
12.392561
11.607072
11.667806
11.604920
9.706372
9.706372
8.324253
7.036265
12.318295
12.437939
12.214114
12.214114
11.493689
17.668922
8.972458
11.754210
11.691597
11.842533
11.967031
11.166214
11.817098
11.756427
11.868284
12.200032
12.457636
8.941259
11.476887
11.476887
11.757951
11.476887
11.757951
11.603615
8.392407
11.476887
11.757951
11.603615
8.392407
12.335537
11.526997
11.526997
11.234969
11.234969
8.274706
10.883983
8.006078
8.120061
12.231598
11.867254
.621548
12.541541
11.933244
11.757222
11.757222
11.549582
11.647043
12.143499
11.340021
12.384198
12.069555
12.329632
8.120549
6.190227
6.190227
11.682712
11.545333
11.832339
11.852661
11.770602
11.279606
7.794432
11.708659
12.972669
12.972669
11.953916
11.953916
12.466748
11.450312
7.944326
11.772392
10.616740
12.442258
11.045001
11.045001
12.419250
10.744489
10.744489
12.035291
12.076176
11.611487
11.417069
11.997708
.198209
12.268773
10.709064
10.709064
11.818446
11.818446
.921619
.921619
11.590797
12.127113
12.266260
8.105125
12.266260
8.105125
12.072478
10.580767
8.636021
11.665143
11.665143
11.083145
11.670816
11.669191
8.226525
11.669191
8.226525
11.669191
8.226525
11.795451
11.669191
8.226525
11.795451
11.455133
11.610617
11.484144
11.454157
11.066108
9.194876
8.271161
8.385025
11.374719
11.374719
11.436608
11.436608
11.151512
12.050425
10.475560
11.824539
12.248185
11.507502
11.014791
11.014791
7.806165
11.229394
9.234731
12.358018

11.971556
11.400230
11.495165
11.495165
9.390634
10.467274
10.467274
6.225496
11.426828
12.252886
.077795
.077795
11.365600
8.311514
11.365600
8.311514
10.988184
10.988184
11.553593
11.706343
11.702935
11.704749
11.688775
12.291099
11.731447
11.339184
8.323024
11.900456
11.768821
10.763856
10.763856
11.819161
8.135155
12.260807
12.370359
11.046628
11.887326
11.480504
11.672624
11.660744
11.193005
12.491398
11.838439
11.208367
11.704360
11.385896
11.335626
11.824825
11.936680
11.937009
11.868030
11.438819
12.461736
11.561212
11.777716
11.588203
12.401414
11.328202
11.328202
12.248314
8.719180
8.061134
12.098255
11.687330
7.822949
11.958775
8.169405
11.958775
8.169405
7.781031
7.781031
12.087975
12.087975
11.913597
12.087975
11.913597
12.287477
11.308765
11.384743
11.676569
10.582257
10.582257
12.130224
12.437052
11.402415
10.902456
7.039927
11.383979
11.714434
9.369896
12.316666
11.871608
11.490689
10.780893
11.743483
11.821132
11.319954
8.416414
10.941862
11.058704
9.918185
12.025401
12.025401
12.532635
12.030997
11.813101
11.813101
11.700438
8.658020
11.623549
11.845445
9.475514
12.310841
9.019170
12.251017
9.137257
11.680521
8.814291
11.365476
12.350241
12.609687
11.398245
11.901768
11.497315
8.353938
11.742018
12.334397
11.433457
11.433457
11.583656
10.973462
10.973462
11.168766
11.652150
11.690975
12.497825
6.616701
11.602862
6.616701
11.602862
12.319204
11.084669
8.333122
10.970531
11.582810
11.446668
12.433527
11.942848
12.403751
12.403751
11.799475
12.403751
11.799475
12.273063
12.403751
11.799475
12.273063
11.244668
11.589694
12.535689
7.190905
12.415751
7.190905
12.415751
11.002066
11.265260
11.652079
7.975081
11.652079
7.975081
5.962404
11.813174
11.321004
12.074746
11.293157
11.293157
10.796570
10.796570
11.350085
11.803028
8.375730
11.795775
11.795775
11.224122
12.009522
11.573227
11.655116
12.206372
10.526009
10.494069
11.803833
11.262824
10.674036
12.270511
12.208437
11.516437
8.818844
11.618684
12.199877
9.358110
10.819828
10.819828
11.119347
11.119347
11.577820
11.507978
12.384247
11.161563
11.507350
11.507350
11.813368
12.287079
11.085130
11.254986
8.621883
12.463776
11.529961
12.058750
11.494837
12.247923
8.348791
12.436460
11.632612
11.739872
11.149716
12.280897
11.497789
8.947434
10.949994
12.326199
12.393240
10.537079
10.993007
10.359909
11.736807
11.649121
11.649121
11.262198
7.610234
17.136131
11.690726
11.690726
11.639302
11.690726
11.639302
12.348508
11.599501
11.780909
11.780909
11.520994
12.314660
8.258572
6.357019
11.327519
13.161523
11.195254
12.163040
7.921918
12.584997
13.031725
11.437329
7.991279
13.031725
11.437329
7.991279
12.273029
9.886052
9.136300
6.782563
12.169811
11.325963
8.798780
8.798780
11.086915
12.078168
12.663848
10.779016
11.458318
11.143487
11.143487
11.970921
11.558963
10.363241
8.736650
12.276864
11.311009
10.831520
11.410046
11.894171
11.894171
11.340401
11.869993
11.644839
12.266592
11.387350
12.247423
11.509768
12.257610
11.446097
11.128088
11.128088
12.410090
9.002010
11.676055
11.676055
12.275953
10.814801
12.145771
11.411664
11.234677
11.776065
11.095267
11.841834
11.841834
12.438857
12.466613
11.026946
11.026946
12.346374
9.003193
12.346374
9.003193
12.346374
9.003193
12.140181
12.346374
9.003193
12.140181
11.212185
11.677362
12.154293
9.046691
9.046691
11.774978
11.407121
11.395707
11.713666
11.983369
11.146092
11.760144
11.433109
11.522570
11.522570
11.430189
12.536475
11.630254
11.522511
11.442525
11.216477
11.458107
11.727776
11.893603
11.627619
11.627619
11.217080
11.217080
7.987003
7.987003
11.308779
10.305203
12.246516
8.873827
12.385851
11.644467
9.918967
11.242693
11.242693
11.961018
12.350915
11.569587
12.268036
11.208501
7.758483
11.844323
12.367392
11.305014
11.927243
11.927243
11.962406
11.483152
12.361025
9.038315
13.113689
8.688345
12.390332
11.390058
11.445154
11.372396
8.195624
13.333948
11.648468
11.086740
12.679349
11.733102
12.364602
11.606344
11.606344
11.405001
10.909733
11.896553
11.725822
11.299048
6.664584
11.299048
6.664584
11.287028
12.345636
10.852598
13.626819
11.370797
12.361391
11.289574
12.641674
11.654078
13.238374
13.238374
12.210909
9.753595
13.238374
12.210909
9.753595
12.028504
11.893137
10.595766
11.618666
11.716230
10.592049
11.426201
12.410552
11.999336
10.240908
11.463777
12.274506
12.227776
11.368771
11.368771
8.299053
11.526233
9.357377
11.569752
11.655100
11.655100
12.091458
12.252541
11.657566
11.631929
116..229416307911

116..229416307911

11.527012
9.193903
11.527012
9.193903
11.546938
7.834237
12.218901
11.463893
11.223418
11.618699
11.934649
8.422764
11.729123
9.669247
9.669247
7.498986
5.841410
11.418730
5.841410
11.418730
11.199892
11.585057
6.741426
12.102312
6.741426
12.102312
12.415226
11.687556
11.381910
11.513203
11.399097
11.653802
7.707679
11.712234
7.707679
11.712234
12.952243
11.405812
11.405812
12.443646
12.183525
11.693681
11.562211
11.708142
12.365381
11.447462
12.208369
13.381091
11.658938
12.323663
12.218915
12.029335
11.475728
12.029335
11.475728
12.029335
11.475728
12.165157
12.029335
11.475728
12.165157
12.330993
11.732017
11.718279
12.040190
11.591831
11.114892
11.962457
11.288988
11.554817
11.453129
11.453129
8.302201
11.765328
11.520429
11.796038
6.084676
12.361560
6.084676
12.361560
11.285639
11.285639
11.376677
11.376677
6.293480
6.293480
11.706867
12.334541
12.263190
10.795088
10.795088
7.862987
11.617885
11.930537
12.127122
11.394907
9.859204
8.361992
12.176689
8.369493
8.369493
11.925080
11.852859
11.341656
11.515330
11.503119
11.503119
8.990019
11.891767
11.594640
12.322596
11.325496
11.524827
12.282432
11.501938
11.416470
11.765713
12.423688
11.313480
11.313480
11.886976
11.886976
11.260301
8.364507
12.045016
12.393692
12.519877
11.167409
11.360554
12.293958
12.293958
12.399265
11.600856
12.343863
11.673060
12.005472
11.546850
11.498347
12.100129
.527676
11.984548
10.547888
12.345750
12.468860
12.185173
11.682134
11.248937
11.567744
10.646347
11.372091
12.391985
12.391985
12.319646
12.391985
12.319646
12.013858
9.493942
12.391985
12.319646
12.013858
9.493942
.358917
12.359220
11.843228
11.777138
12.510441
12.611522
11.696878
11.696878
11.341572
11.341572
10.952867
12.270929
11.291780
11.291780
8.456514
11.602508
11.200066
11.656597
11.656597
12.269773
11.052668
11.706802
11.535768
11.696556
11.470292
9.164058
11.470292
9.164058
11.412764
10.887740
8.998257
7.813581
11.461894
11.793739
8.347524
11.659162
11.880209
12.526286
12.405136
11.657962
10.755550
10.860889
10.860889
8.143538
12.297310
11.642117
11.649815
10.850497
12.534827
12.266754
7.413269
12.364544
11.926811
11.926811
6.202008
11.696658
11.790392
11.790392
11.293211
11.127222
11.667500
8.419564
5.965715
11.870718
12.232856
12.225713
12.209971
11.453214
10.464889
10.464889
11.715609
11.715609
12.019752
11.478757
11.448881
12.220138
7.725504
11.738224
11.738224
11.394418
11.738224
11.394418
11.303665
9.234025
11.738224
11.394418
11.303665
9.234025
10.685048
10.685048
8.327346
11.537261
11.626447
10.972004
11.912281
10.651919
11.581057
10.883933
11.507610
12.326970
11.814400
11.290615
11.175389
11.987317
12.512057
10.713188
12.707944
11.721912
11.721912
11.436171
11.436171
11.918857
12.231610
12.231610
10.854967
10.854967
12.289688
11.951557
12.022063
11.611671
11.344700
11.510307
10.863329
10.863329
8.394642
15.738212
15.738212
9.685346
9.685346
11.502399
11.680783
10.602073
11.675755
11.644661
11.467578
11.562723
11.753728
12.304065
11.006313
11.209686
11.084378
11.740519
11.340520
11.340520
11.568973
11.615145
8.439315
11.493117
11.584711
11.584711
11.943509
12.8048657
.145204
12.8048657
.145204
11.841717
7.265895
11.458012
7.265895
11.458012
11.429143
12.358641
7.892319
11.558610
11.264598
11.264598
11.419323
11.264598
11.419323
12.356889
11.264598
11.419323
12.356889
11.553025
11.236322
11.820051
12.302297
6.880844
12.302297
6.880844
12.302297
6.880844
11.446487
12.107759
11.213544
11.280644
8.202080
12.180704
11.214585
13.700163
10.756823
7.109006
10.999793
10.770590
11.212973
11.212973
11.744830
11.744830
8.001602
11.744830
8.001602
11.376589
8.203369
12.398138
9.774273
11.843626
11.843626
11.961243
7.838456
11.558484
11.506702
11.392305
9.212687
12.410439
10.628163
7.841816
10.795812
11.299149
11.460403
7.262504
11.846921
11.846921
12.383334
8.612062
12.761325
10.866446
11.779107
12.386967
11.020132
12.125136
12.395332
11.197606
10.220032
10.220032
11.888276
11.406745
11.512008
11.522159
11.786574
10.401941
10.401941
12.369339
9.792251
11.514366
12.428764
11.699651
7.927340
7.927340
11.649859
7.927340
11.649859
12.036238
12.650343
11.521804
11.186181
11.821064
11.971292
11.502770
11.502770
11.530841
11.530841
12.306148
11.295239
11.323618
11.899806
11.899806
11.828495
12.183691
12.183691
8.666116
10.296799
10.820402
6.072794
12.589772
11.981676
11.715319
11.618716
11.476044
11.433290
10.943632
11.703514
10.890209
11.507257
11.507257
11.807826
11.868223
11.868223
11.956755
11.410921
11.473784
12.495101
10.496239
11.622537
12.486838
11.309742
6.331689
11.342488
11.705864
11.705864
11.501102
11.699176
11.699176
11.684077
8.438268
12.381553
12.217610
8.516630
12.213052
11.587168
11.264532
11.599473
12.221319
12.221319
8.221858
11.782217
9.464156
11.865868
12.032210
12.647764
11.128709
11.530925
11.840795
11.602897
11.854477
11.898431
10.819489
9.874173
12.065056
11.368049
11.938347
8.934768
11.938347
8.934768
11.938347
8.934768
9.936067
11.938347
8.934768
9.936067
11.749167
10.886215
11.459990
12.374060
12.339196
10.737000
10.737000
6.202100
11.708242
10.339502
11.374449
11.966648
12.335204
11.464084
11.520414
11.520414
11.851254
6.449299
11.142796
11.185380
11.340032
11.340032
10.385102
11.415705
11.667447
11.815784
8.725892
11.815784
8.725892
11.538347
11.204787
11.227461
11.500828
8.092095
11.500828
8.092095
11.830277
11.488471
11.617382
11.737482
11.351207
11.758083
11.758083
11.564538
11.688287
11.514472
11.514472
11.417594
11.431524
11.431524
11.553365
641707
641707
8.305287
11.495145
11.036551
11.514980
11.626197
11.626197
.168439
.168439
12.238176
11.410179
11.998533
11.691033
10.988660
12.320293
11.481231
12.401584
11.210338
11.678359
12.420432
9.003933
12.607175
11.509822
12.547011
12.438317
7.871479
13.340383
11.463434
11.899401
11.598330
12.972952
11.450100
12.401110
11.173320
11.323305
12.043535
7.935616
12.043535
7.935616
12.043535
7.935616
12.291842
12.297367
12.043535
7.935616
12.291842
12.297367
11.533806
10.024358
12.350348
10.599463
11.568830
8.207997
11.568830
8.207997
11.432387
11.604966
11.604966
8.694167
11.451104
10.725753
8.665450
6.408149
12.539273
11.614295
11.614295
11.569847
11.645100
12.221910
11.967408
11.967408
8.203335
11.475695
12.349616
11.319387
11.319387
11.426536
12.175463
11.193531
11.465716
11.605111
11.424690
12.420112
10.654602
10.654602
11.845294
11.575963
11.674993
11.182334
8.454792
12.532355
11.787778
11.658838
8.562793
11.111902
8.234709
11.472731
12.616937
11.717734
12.392078
12.209582
12.439101
12.439101
11.851790
11.851790
12.840030
10.730752
7.786239
12.378438
6.314886
6.314886
11.774302
6.314886
11.774302
.349758
16.769847
12.028811
12.028811
11.597384
11.685493
8.988834
11.249843
10.432390
12.021529
11.698811
11.245729
11.840819
11.840819
10.916435
11.938243
11.938243
11.740296
11.938243
11.740296
12.361246
7.990539
11.938243
11.740296
12.361246
7.990539
11.719322
10.501182
11.580929
11.599901
11.619166
11.083306
11.083306
11.506389
11.506389
12.240866
8.368071
11.354650
11.210624
11.673493
11.568572
11.717956
9.026201
11.502725
11.502725
11.613317
10.150905
11.263937
12.383286
7.115065
7.115065
11.834297
11.800761
11.800761
11.208517
11.155945
10.566733
12.054367
11.454040
11.984233
1611..605288262339

1611..605288262339

10.701000
12.329532
11.338594
10.743847
11.296687
11.358656
11.085898
11.085898
12.081536
11.871604
10.916200
10.916200
11.341653
11.658370
11.876365
11.842595
11.330220
12.420673
8.277909
11.680693
11.737195
12.299227
11.561367
8.743963
11.699584
10.411696
12.300454
9.829404
11.573225
11.186024
11.826340
11.688158
12.308237
7.423394
7.423394
7.423394
12.323939
7.423394
12.323939
12.410406
11.596112
9.684846
11.990215
12.402552
5.828204
5.828204
5.828204
13.415186
8.358811
10.867109
10.867109
11.738376
10.853666
10.853666
10.522765
11.049522
11.321511
11.630762
11.072351
11.072351
8.161001
11.556745
11.518739
11.521245
9.121013
7.334825
12.432422
11.692110
11.139698
11.434957
11.434957
8.407744
12.377556
11.668968
12.341895
8.231363
10.889189
11.515305
12.332157
11.454777
7.741792
7.927751
6.358196
11.450444
6.358196
11.450444
11.168245
8.145465
7.979022
11.913205
11.995456
11.995456
7.972191
12.276580
11.043293
11.318772
12.265276
11.375556
11.359551
8.255578
11.846514
12.283890
11.524800
11.398431
12.051793
11.295079
11.210495
7.893312
11.758939
11.964368
11.886360
8.397748
11.203575
7.895519
1212.292851
11.723503
8.624870
12.204760
11.552002
11.533934
12.460792
8.306296
11.168165
11.715839
11.715839
9.256866
12.275705
11.407739
12.034152
12.034152
11.381847
11.381847
11.355666
12.371544
10.966056
12.371544
10.966056
12.371544
10.966056
11.471021
12.371544
10.966056
11.471021
11.436009


11.559838
6.068065
6.068065
6.068065
12.389009
11.694980
11.193728
11.193728
11.430182
11.430182
12.405828
11.277756
11.531538
11.091526
11.091526
11.895007
11.510468
11.400246
11.097881
11.097881
11.754903
11.161440
12.345461
8.509577
12.345461
8.509577
8.238152
10.853743
10.853743
11.686284
11.686284
12.404380
11.668983
11.670337
12.309839
11.535470
11.014485
11.769570
8.274926
11.769570
8.274926
10.582776
10.582776
11.038970
11.038970
11.351459
8.445661
11.801822
8.373484
11.593717
11.593717
11.563971
11.363670
12.515344
11.906200
12.458453
12.458453
12.354207
11.867133
11.318160
12.288999
11.262139
12.264050
12.316451
11.350627
10.931898
12.210839
11.249222
11.249222
11.812707
11.812707
10.594109
11.472153
11.685537
11.685537
11.537206
11.293883
12.385214
11.274659
11.444286
12.122274
12.317130
12.149393
12.023167
11.158885
11.807020
11.550421
11.550421
7.857644
11.550421
7.857644
11.798331
.136731
.136731
12.352396
12.052582
12.052582
11.562971
11.786602
371949
371949
8.662240
12.345228
11.257011
11.450057
7.961868
11.450057
7.961868
11.450057
7.961868
11.647328
8.107509
11.450057
7.961868
11.647328
8.107509
10.193071
11.822980
11.584093
12.338758
12.435872
12.234744
5.320003
5.320003
12.291191
11.277914
11.386966
11.254142
11.254142
11.593686
11.903480
11.110496
10.455228
10.455228
8.828468
10.609273
10.609273
10.382375
10.382375
11.138850
8.419640
11.289591
11.789102
11.652845
11.894304
10.879557
10.879557
11.551942
9.397680
7.610742
11.391013
10.675897
10.675897
7.834681
10.675897
7.834681
12.535541
12.535541
.287392
11.577565
11.502694
6.751162
6.751162
11.773672
12.259109
10.583678
11.412209
11.302243
11.619034
12.285650
12.285650
12.337864
8.684646
12.273612
11.880629
11.489983
11.359467
11.637612
11.130467
11.130467
11.282571
11.282571
11.533471
11.730549
11.784456
11.784456
11.364668
11.364668
11.038858
11.256575
17.511521
8.299336
11.256575
17.511521
8.299336
10.444083
11.873400
11.718242
11.718242
12.275613
11.718242
12.275613
12.428281
11.718242
12.275613
12.428281
11.777709
11.953247
7.971795
11.415888
11.852458
11.432454
11.457436
11.532978
12.360743
11.610174
11.849767
11.635167
11.028406
11.028406
11.697555
11.176341
11.176341
10.047714
7.714399
10.047714
7.714399
10.047714
7.714399
11.383679
11.068297
11.650130
12.259450
11.451799
13.492317
11.425931
12.020704
11.504066
11.261641
12.191411
11.456897
11.725836
11.725836
11.709647
12.310949
11.160122
11.160122
11.766508
11.766508
11.405684
10.926291
11.391227
12.235995
12.235995
11.994164
11.679491
11.526779
11.725102
11.965441
10.390676
10.279585
10.279585
11.784288
12.435817
8.298386
7.125231
11.981728
7.125231
11.981728
11.718094
11.718094
8.289022
11.688709
11.844995
11.707046
11.707046
12.206884
11.857827
11.857827
11.247047
11.780843
12.008095
11.449952
8.791846
11.507504
7.305214
10.924806
5.987517
11.750202
11.750202
11.446371
11.750202
11.446371
12.221009
11.312360
10.981530
12.723535
11.757174
11.759698
11.314351
10.837180
12.796791
5.250406
11.695473
11.416023
11.416023
12.019334
.748578
.748578
10.921908
11.605626
11.798683
12.182070
8.265274
6.745879
11.488096
11.198882
12.441794
12.358095
10.871780
10.871780
7.584381
11.372163
11.404184
12.378842
11.358419
10.544445
5.152909
11.809407
12.237168
11.101246
11.281426
6.671492
12.187835
12.347063
12.335124
11.412036
11.433885
9.668791
11.267094
11.739423
7.766589
11.739423
7.766589
11.923414
6.653593
12.409211
11.532773
11.325265
10.805709
12.395208
11.401298
11.729513
11.356597
11.713658
12.503262
12.107933
12.408867
8.961884
6.644243
12.477517
6.644243
12.477517
11.772629
11.953493
10.851319
11.244161
12.117325
11.890064
11.890064
12.360299
12.360299
11.235582
12.360299
11.235582
11.547974
12.360299
11.235582
11.547974
11.802821
11.306525
10.809012
11.588759
5.782989
11.894115
11.255305
10.483005
10.483005
11.344124
12.321402
7.238571
11.705287
11.176389
9.068495
10.230954
11.356805
11.397982
6.048189
6.048189
11.636208
11.537068
11.431378
11.713913
10.025702
10.025702
10.025702
11.632986
12.241018
12.364901
11.941100
11.554988
11.554988
11.294699
11.846092
11.477180
11.520766
11.758156
11.457358
7.853100
13.224511
6.307402
11.432572
6.307402
11.432572
11.407219
5.979051
11.012903
11.012903
12.100329
12.100329
11.028235
8.705999
11.747433
11.577068
8.432204
11.577068
8.432204
11.472780
10.418495
10.418495
12.260955
8.068104
12.107376
812.127678
.169122
12.092869
11.674972
11.674972
9.026493
11.732920
11.046124
11.046124
11.473455
12.427529
11.481165
10.942781
11.258315
11.687256
11.981892
11.166324
11.591564
8.855480
6.989567
12.530595
12.902849
12.210145
11.353904
11.353904
11.562050
11.334386
11.353904
11.562050
11.334386
11.626458
10.837314
10.717280
8.012364
.916176
.916176
12.260480
18.040557
12.344363
11.282897
12.442368
9.678320
11.627100
11.627100
10.085809
10.085809
11.631973
16.209667
11.624446
12.376112
12.376112
12.242268
11.229388
11.648428
11.648428
11.434823
11.631476
11.724835
11.663334
11.954356
11.954356
11.552878
8.251400
11.461075
11.457897
11.457897
11.516212
9.136075
11.508957
8.370532
6.557919
12.028762
12.043500
12.373805
12.373805
12.326692
9.036160
10.667390
11.610741
11.610741
11.428494
11.428494
8.362451
11.339784
11.470940
11.506402
12.376326
10.133837
10.133837
6.372129
6.372129
12.405940
10.619372
10.619372
9.715091
11.499990
11.499990
8.206215
12.251906
8.241001
11.341961
11.061711
11.284542
12.271229
8.217311
11.438289
11.438289
11.609798
11.851267
8.795643
11.632907
12.315777
11.223830
11.452264
11.452264
11.811635
11.452264
11.811635
12.311029
8.146776
11.452264
11.811635
12.311029
8.146776
11.427323
11.518646
11.438721
11.438721
12.192685
12.192685
8.070299
11.263225
11.263225
11.426868
9.711955
11.572469
11.170902
11.170902
11.951855
12.282454
11.566447
11.566447
10.692101
11.091344
8.588929
12.063014
12.239937
12.239937
11.758938
11.611561
11.611561
12.241854
11.620964
11.530490
11.530490
8.997844
10.573626
6.652319
6.652319
11.688393
7.336707
12.170955
12.320286
12.320286
11.642094
12.483862
7.957566
6.657733
11.684759
11.369662
11.326517
11.567218
12.397892
11.936890
11.537665
11.417814
11.246685
12.433331
11.271765
9.780177
9.780177
12.359577
11.418611
10.964078
11.872168
5.469978
12.626794
10.659739
11.563368
11.431987
10.412108
10.412108
12.096623
10.412108
12.096623
8.228329
12.261023
10.412108
12.096623
8.228329
12.261023
12.325355
11.739530
11.322871
11.196784
11.604025
10.872488
7.017820
11.702103
11.770457
12.141359
11.225339
11.692750
11.088469
5.764110
12.162480
11.959201
12.260439
11.329694
11.381002
11.381002
11.284759
11.654452
11.512051
12.157214
11.881685
10.053867
9.999716
11.597553
11.981902
12.122391
11.235817
11.235817
11.466759
11.466759
11.449802
11.449802
10.149392
11.391167
11.347962
12.362321
8.426116
10.345029
.109387
.109387
8.334112
11.539487
11.385305
11.417414
11.911073
11.911073
12.408728
11.537358
12.478103
11.708364
11.708364
11.409498
11.309985
11.309985
11.802208
11.597129
11.395704
11.203613
11.203613
11.819068
7.463583
11.819068
7.463583
12.408790
12.238155
11.338603
11.747071
11.747071
12.297272
8.404384
12.318556
12.318556
7.156678
11.696033
12.318556
7.156678
11.696033
10.893025
11.484565
11.484565
11.275376
11.437726
11.369915
7.753985
11.521924
11.129486
11.129486
8.219869
.537847
.537847
8.524854
12.203121
11.380158
12.154839
11.822438
8.332231
6.742793
12.179846
8.224145
14.912454
14.912454
11.518036
11.518036
11.472361
7.499146
6.384757
12.326764
6.384757
12.326764
11.894426
12.030401
12.030401
11.062311
9.086745
11.424284
12.319127
10.243764
10.867026
11.788390
11.029784
11.459902
11.584284
11.584284
9.435647
11.199501
11.199501
10.772875
11.519922
11.383919
11.383919
11.629584
11.629584
11.180740
12.488374
12.166505
12.382126
10.218389
10.841721
12.218926
11.044087
11.471168
8.406212
10.375445
10.375445
11.956067
8.022088
11.567256
12.281061
11.529814
6.854258
11.363590
11.308826
11.800116
8.039512
12.078978
8.872470
8.872470
10.775602
9.009132
13.210604
11.637035
11.637035
12.031522
11.760120
11.381587
12.283047
11.677876
11.677876
12.298549
12.298549
11.467668
12.298549
11.467668
12.315931
11.025934
12.298549
11.467668
12.315931
11.025934
11.574846
10.705340
8.442687
11.052838
11.691036
8.429251
10.946771
6.331368
11.588440
6.331368
11.588440
11.114295
11.522442
11.111811
11.812525
11.536222
10.918179
11.704273
10.340183
11.294299
8.026496
5.956214
11.239679
5.956214
11.239679
.256400
11.834688
11.851951
12.128338
11.541166
12.241728
6.757244
9.987307
12.094950
12.278572
11.846237
10.944935
11.722076
9.610784
11.377571
11.310679
11.458853
11.458853
11.870235
8.696734
11.283447
11.532032
11.532032
8.744725
11.633611
8.351079
11.702829
11.323427
11.323427
11.392634
11.814950
11.918210
127..843682
007227
11.743344
11.427593
12.220837
12.220837
11.704682
7.876120
11.629293
12.334058
7.992344
12.334058
7.992344
12.147575
12.147575
10.720206
11.150075
11.150075
11.821692
11.769673
11.165035
8.009467
8.009467
11.629479
11.629479
10.853147
.309011
9.206328
12.241094
11.178087
8.438046
12.299667
8.438046
12.299667
11.249430
12.224083
8.075207
12.224083
8.075207
11.580226
11.465698
12.370842
12.370842
11.906892
12.601201
12.412402
11.676157
11.676157
8.557080
12.479346
12.365197
11.692075
11.692075
12.250161
11.692075
12.250161
12.352740
.575904
.575904
11.773750
10.701781
11.964034
11.578433
11.593771
11.798666
11.112905
10.278429
12.013999
7.875729
12.144810
11.418318
8.301697
12.138610
10.148989
7.281039
11.381560
6.079210
6.079210
6.605168
11.773729
11.922693
11.647919
10.741090
7.748896
11.606357
10.503473
7.782584
11.298563
7.782584
11.298563
11.250046
10.817629
11.359543
11.667187
11.866769
12.238954
11.864033
7.781468
11.864033
7.781468
11.440050
11.039310
11.750475
10.855597
12.232207
12.272758
11.879861
11.564955
12.499804
11.294608
12.322291
12.460195
11.595084
10.456868
10.456868
11.653544
12.259670
11.422549
11.868369
11.440637
11.364073
11.364073
8.188521
11.557152
6.308962
11.557152
6.308962
7.517041
7.304071
11.161215
11.399899
11.497694
11.539541
11.631635
11.783961
10.782426
10.526495
10.526495
11.485415
11.233199
11.233199
11.714030
340645
11.671846
11.671846
12.497634
11.600959
11.671846
12.497634
11.600959
11.671846
12.497634
11.600959
11.457520
11.665755
11.409753
11.279408
10.965585
11.557860
11.557860
12.340889
12.188383
11.060529
11.060529
11.317031
11.690817
10.155874
11.410015
11.259535
11.259535
11.445681
11.445681
11.239604
11.239604
11.074778
11.074778
10.536277
11.163343
11.247739
11.740734
11.734596
11.888683
11.888683
12.250196
11.730323
11.498963
8.368393
.186243
8.654389
11.455019
11.346608
11.346608
11.530205
12.126293
11.740243
11.756139
11.756139
9.003954
11.471660
11.496388
11.609618
11.847210
8.002963
12.651672
12.239724
11.779542
.006854
.006854
12.508115
12.239514
11.704731
12.042436
7.748971
12.345924
12.462599
12.311053
11.447440
11.783214
11.654922
8.437188
8.045440
8.045440
8.964122
8.045440
8.964122
10.714224
11.544616
11.544616
12.260424
11.074646
11.276515
11.276515
11.313796
11.324632
7.541051
11.702161
6.229322
13.772466
11.329234
11.888163
11.474102
12.495719
11.400419
8.823109
11.250158
9.588454
9.363792
9.363792
10.381092
11.589783
11.589783
11.525263
11.525263
237771
237771
11.523769
11.523769
11.611624
8.325250
11.568340
11.568340
12.264860
11.734228
12.404032
9.009753
11.668198
10.098277
11.646084
11.725992
11.468344
11.704882
11.960043
12.245992
12.183017
11.648477
11.647511
11.647511
11.355322
11.953788
11.670104
11.815001
17.666709
12.333235
11.548491
11.448615
11.811167
12.222762
11.450901
11.450901
11.577649
12.293463
11.393531
11.730387
11.160448
11.631370
11.333883
11.501392
12.383742
11.791088
8.522466
11.737156
11.518110
8.091946
11.518110
8.091946
11.451040
11.483713
11.360762
12.305973
11.217506
10.903822
11.472126
11.476030
12.545112
11.815255
11.764710
12.278386
11.838046
11.424134
11.424134
12.350837
11.424134
12.350837
11.621457
11.424134
12.350837
11.621457
12.732487
11.324700
11.544771
12.525346
11.548471
8.501335
6.291609
11.755547
6.291609
11.755547
11.767201
11.767201
11.541528
11.624651
6.450876
11.544640
6.450876
11.544640
11.364668
8.103031
12.016289
10.965382
10.965382
11.153372
11.153372
10.457864
11.148772
11.446749
11.446749
11.764550
11.140389
10.929342
11.732984
11.728615
9.662294
9.662294
12.095973
11.511104
11.530089
11.695604
12.050146
11.492265
12.026805
7.868087
11.462938
11.392397
10.398017
12.531019
10.401451
11.608988
12.051693
12.051693
11.765905
8.219225
12.502310
11.925888
11.897795
10.722178
8.354764
.865017
11.533493
12.333860
11.466175
12.344340
12.379069
11.861519
11.506570
11.506570
7.136552
12.370442
12.370442
11.433340
11.477381
9.590531
6.892984
12.275575
6.892984
12.275575
12.416395
12.416395
12.019531
8.951396
12.416395
12.019531
8.951396
12.416395
12.019531
8.951396
12.277874
11.253438
10.865371
11.459140
12.461558
11.894127
11.503193
11.503193
10.932591
8.326641
5.941915
11.642136
5.794591
12.314271
5.794591
12.314271
11.640573
5.995104
11.919079
5.995104
11.919079
11.563490
11.733972
11.949820
9.044250
6.278572
11.365827
11.365827
8.057199
8.057199
11.522376
11.522376
11.706020
11.467753
11.633418
12.675173
11.385453
12.076163
11.061009
11.061009
11.052752
9.221057
12.406244
11.116250
11.327927
11.687367
11.308934
7.519810
12.295974
8.109315
11.812163
12.194408
10.972206
11.674997
11.579380
11.883009
11.250430
12.195853
11.551346
11.939127
11.696966
11.500728
11.846206
11.536648
12.591217
11.776385
11.776385
11.267707
11.298918
12.228380
12.110844
12.199494
12.209894
12.273992
11.375895
11.279679
12.286625
11.341655
11.341655
8.653861
11.341655
8.653861
11.323489
12.287363
7.813869
12.356307
11.106407
12.334281
11.211276
11.214975
11.540073
11.758608
11.766753
5.223188
12.301361
12.301361
12.301361
11.951190
12.301361
11.951190
11.438159
11.491955
11.760487
11.760487

8.858302
11.733414
11.597357
11.699323
11.699323
8.976016
7.701231
5.902686
12.698873
11.422108
6.767232
6.767232
12.460673
11.900176
11.383106
9.350478
9.350478
11.891204
12.900723
11.623327
11.840820
8.835073
.336518
7.204449
7.204449
13.421371
12.302693
11.755349
6.759958
11.616788
11.387328
11.387328
10.905628
10.905628
11.766263
12.385525
10.427147
10.427147
11.273601
7.726088
11.887198
10.678064
12.387346
11.790413
12.231525
11.552982
11.574618
11.139004
11.139004
12.275213
12.248125
8.649055
11.201866
10.900610
11.794008
11.186856
11.592845
11.592845
11.331641
11.378144
7.829562
7.201903
11.439025
7.201903
11.439025
7.201903
11.439025
12.367350
12.078390
11.963006
11.963006
12.057511
12.259874
11.787216
11.787216
8.313870
11.509874
11.509874
11.876323
11.153331
11.523887
11.403994
11.885739
9.148914
12.265730
11.939400
11.379126
11.834939
12.568849
12.390073
11.712076
11.632238
11.885743
8.428698
12.292178
12.292178
12.282584
12.292178
12.282584
12.279706
11.406878
12.206119
11.070844
9.958506
11.425308
12.402412
10.594839
8.981611
11.764599
13.746326
12.046565
11.682015
11.682015
8.215122
11.169188
12.158480
8.137182
11.245933
11.596434
12.465070
10.494794
10.494794
11.151823
11.380878
11.276904
8.128147
12.097084
11.660442
11.660442
6.031679
6.031679
10.735975
10.735975
9.112700
11.516369
11.516369
8.200769
6.995001
11.852392
11.725925
9.340523
11.592662
11.655961
11.597481
11.889072
11.731108
11.731108
11.568593
12.393472
11.745779
11.666633
8.197588
12.393214
12.236742
12.236742
12.015480
12.142431
11.688335
11.384544
12.179844
11.423744
11.336829
.341568
11.489962
11.489962
11.889890
11.489962
11.889890
12.327021
11.622688
11.489962
11.889890
12.327021
11.622688
12.377348
11.470663
11.470663
11.958645
9.168213
9.168213
11.292035
11.292035
11.319898
12.383374
7.513829
11.346845
9.776571
9.776571
12.289537
11.337684
11.030928
11.457599
11.681973
11.262153
6.848873
10.535889
12.282461
11.398915
12.345746
11.255507
11.315040
11.315040
11.694699
11.694699
11.667297
11.667297
9.386456
11.244309
11.545368
12.140237
12.7052888.
866979
12.326965
11.994215
11.324430
11.324430
11.091487
11.091487
11.937356
12.254266
11.366538
12.460685
12.399609
11.142514
11.885855
11.959368
11.846714
12.096180
11.554443
12.357343
10.990760
12.253002
12.281161
9.025408
12.421150
11.974991
11.778543
12.438565
12.372829
12.372829
12.336379
10.931402
12.372829
12.336379
10.931402
12.372829
12.336379
10.931402
11.838900
12.350970
11.308186
11.807439
11.186163
11.925233
11.990071
10.432637
8.012874
12.355417
12.425525
12.355417
12.425525
1111.634216
11.542788
7.348122
11.936217
5.492609
5.492609
12.292580
11.165764
10.763167
10.763167
10.632910
11.700633
11.478563
12.343119
12.272540
12.294850
11.623846
12.304665
12.304665
11.671268
12.466498
11.997826
11.443298
11.687655
11.563407
6.948915
11.611030
11.340664
7.078978
12.024338
11.403154
11.403154
11.210547
12.240518
11.885660
11.697321
11.327584
11.327584
8.536111
12.379164
10.309679
11.441732
11.707820
9.651835
10.987505
5.898382
12.606161
12.412860
12.415558
8.278152
12.000137
11.765754
10.765650
11.317730
11.613970
11.613970
11.567727
11.532929
12.114303
8.373501
12.114303
8.373501
12.114303
8.373501
11.249184
8.820700
12.114303
8.373501
11.249184
8.820700
11.368938
11.118205
10.377962
11.719462
8.932769
11.559192
8.421952
7.532410
12.323830
12.229860
8.726141
12.229860
8.726141
12.315160
12.315160
11.751847
11.751847
12.337997
11.642534
12.015776
12.015776
11.430572
11.553181
10.722125
10.722125
11.517952
9.086571
11.958418
7.495404
11.713094
11.533417
11.939887
11.549012
12.364648
11.655817
11.702828
9.191157
11.825553
11.752798
11.752798
11.731492
11.526585
11.526585
12.321549
11.651132
6.806267
12.709879
11.860370
9.135090
11.516837
11.516837
11.306924
11.752933
10.439260
11.951672
11.410968
11.106940
11.478639
10.619307
11.707623
11.959164
12.475333
8.047699
12.476909
11.806575
11.342266
11.728336
7.788711
11.076643
11.465242
12.272634
12.272634
8.275144
11.248919
8.896034
12.095804
12.095804
11.411677
10.887362
11.202413
12.180519
11.585022
10.734131
10.734131
12.269067
11.588842
10.734131
12.269067
11.588842
9.938176
9.938176
11.020988
8.136325
11.413308
9.575929
9.575929
11.732748
11.893820
11.840157
12.759170
11.274508
11.810889
11.487683
11.486122
11.039362
11.039362
11.665023
812.609422
.535581
11.469686
7.801245
10.473603
10.473603
10.653218
12.131578
640292
640292
11.688789
.783112
8.702764
11.300713
11.467944
11.467944
11.375416
11.276475
11.820687
12.355610
12.301596
11.815446
12.327353
12.130896
12.262909
12.395788
11.977329
12.320553
11.621801
11.980087
11.580637
11.813076
8.475216
11.563753
12.019042
11.521133
12.249760
11.779821
12.039004
10.906403
12.289303
9.044638
12.329435
11.586302
12.456657
11.272969
11.613750
7.127520
12.466791
5.706875
12.310745
11.903251
12.306921
12.306921
11.563516
12.306921
11.563516
12.054355
10.959387
11.462074
10.407905
11.646094
1010.650611
11.426752
11.426752
11.600112
11.600112
11.687843
10.770600
10.770600
11.955310
11.585948
11.772537
8.625649
8.625649
11.229238
7.672388
11.116132
7.886599
11.601462
11.671454
11.671454
11.773456
11.773456
11.376985
9.060011
12.376486
11.924062
12.681434
11.339413
11.265005
10.046742
12.155018
11.467657
12.407570
10.778085
11.257915
8.256380
11.262403
12.002948
7.813873
12.353818
11.475791
8.629543
11.422615
10.592262
11.500856
1111.702169
12.380499
11.772769
11.407340
12.338987
11.789916
11.789916
12.288799
11.390023
12.249089
12.249089
.951334
11.559070
11.697800
11.669341
11.590153
11.374381
11.589836
10.993394
11.879031
11.727839
11.394969
11.394969
8.207272
11.394969
8.207272
.711520
11.164548
11.321954
12.258178
11.261997
11.992228
6.934560
6.934560
6.934560
12.335058
6.934560
12.335058
12.400134
10.062601
10.062601
9.908708
9.908708
12.101785
11.377372
11.558576
11.524042
11.429449
11.429449
11.321387
11.321387
11.763891
8.371362
711..392238543500

11.203132
11.203132
11.203132
11.544778
11.453051
12.396358
11.684778
12.481594
12.533186
12.533186
8.169364
11.295722
12.281063
12.309107
12.459928
11.409538
11.119522
11.119522
12.432104
8.418364
11.517272
11.766936
12.220655
11.520057
12.066055
11.403031
11.657445
11.862915
12.001157
8.234474
11.798936
8.269509
.108195
11.581378
6.803032
11.794526
11.845838
8.097649
12.476810
12.288508
11.685872
11.685872
11.414970
11.685872
11.414970
10.042480
