13.715720
12.597064
13.092146
12.427264
8.034580
8.034580
7.835375
10.614020
9.316222
5.217631
8.299884
8.299884
8.937013
8.937013
12.231874
10.711408
12.231874
10.711408
9.218399
9.218399
9.765583
12.359024
11.399858
9.492810
9.789141
9.789141
9.704307
10.760483
9.072690
9.072690
11.315800
11.360223
12.184825
10.804014
8.593407
8.593407
11.695377
8.599986
8.599986
11.219211
10.208246
10.208246
11.663739
11.832700
8.299177
11.269379
11.791310
8.970705
8.970705
10.397170
10.397170
11.536381
12.249934
10.468640
11.397220
11.429782
11.715944
11.700906
11.018494
11.074614
11.074614
12.514801
11.279866
10.238686
10.238686
11.934324
10.235221
10.235221
12.037438
12.392302
11.876820
11.843134
11.548662
11.449175
12.102892
12.102892
11.479382
12.102892
11.479382
11.941443
11.686034
12.184805
11.975774
11.789368
10.364437
11.908938
11.855337
11.712837
10.833585
11.632973
11.629276
11.654062
11.402402
11.496649
11.612373
10.891607
12.280830
9.821262
11.567036
11.238938
11.470795
11.836607
12.299759
11.278361
11.249693
12.154012
11.526250
12.220725
11.361425
12.281061
11.945036
11.714173
12.330111
11.697703
9.634158
10.867046
11.803125
12.155325
11.476267
11.903278
12.146804
10.588577
11.599243
11.545051
10.130409
12.221366
11.370731
12.577240
11.514530
12.364731
8.893215
11.260728
12.330181
12.323162
11.746537
11.466836
12.178699
11.182500
10.144207
12.440915
11.796921
8.901055
12.266610
10.950386
11.291550
11.400709
11.033619
11.334748
11.830513
11.248991
12.351673
12.253322
11.877367
11.462958
11.676628
12.238636
11.201458
11.926206
12.485614
11.257309
11.960222
8.224249
11.203674
12.329612
12.271496
11.258697
11.793530
11.617511
12.074413
12.262243
11.134579
9.880503
10.970060
11.890116
11.563601
11.597144
11.202783
11.787467
8.634316
11.322559
11.663883
9.626935
12.456073
11.392552
10.320981
11.418963
11.468870
10.342691
12.209699
11.508803
11.849401
11.457594
11.530766
12.082070
12.645154
11.643176
12.415277
11.951658
12.105155
11.342775
11.690603
11.400491
11.812153
11.709191
10.242292
11.377856
12.212823
12.202600
11.565593
11.472918
11.616732
11.963853
7.484369
11.296846
12.265262
11.545819
11.637062
11.780927
11.689462
12.488176
11.939426
12.251819
11.086543
10.947614
11.668546
11.508857
11.259113
11.991998
12.483894
12.427429
8.215644
11.172296
11.296886
9.902803
11.389407
11.223587
11.486157
10.731386
12.352413
8.063961
11.347622
12.451723
12.350180
11.424993
12.017685
12.549753
11.723667
12.468463
12.315623
11.364487
11.870196
11.391815
11.797325
11.008320
11.588984
11.385396
12.379891
11.286899
12.322925
11.303153
11.853980
11.550429
11.567951
11.642169
11.615447
12.168763
11.444845
11.995292
10.449467
11.091626
6.073462
11.091626
6.073462
12.418501
11.923691
11.090029
11.929041
12.348811
11.803483
11.296858
12.182180
10.871022
11.904852
11.380003
8.222852
11.772518
11.990714
10.884907
12.533509
11.279604
11.315654
12.142070
12.354154
11.237151
11.429653
8.220745
12.245175
11.902090
12.934734
12.138324
11.502208
11.803183
11.514146
12.304719
12.775342
11.397993
11.761717
10.051647
12.248231
11.720945
12.335501
12.335501
12.339110
12.335501
12.339110
10.295720
12.347181
11.254192
11.264334
11.604962
12.360470
12.227810
11.741879
11.461057
11.772642
12.243336
12.330541
11.719818
12.952703
12.226803
12.365091
11.885232
11.431440
12.193824
11.604630
11.637526
11.670211
7.749782
12.295922
11.336836
12.151818
12.298213
11.657855
11.851247
11.516059
11.704583
12.305979
12.384471
11.566495
12.367345
12.403828
11.926067
12.162127
12.362869
11.036696
11.217610
12.232037
12.417308
11.877870
12.321104
11.530003
11.859637
12.568113
12.620421
11.069494
11.274144
11.790331
12.222328
12.333643
12.524519
11.455269
11.679381
12.345016
11.103928
11.635987
11.772392
11.480156
11.577144
11.965877
12.428756
11.543175
11.862652
11.273344
12.283319
8.007899
12.283319
8.007899
12.489128
11.446575
12.209822
12.181267
11.437852
12.368736
11.690562
12.338627
7.820272
12.313601
11.714643
11.886209
12.393605
11.571913
11.326260
11.585954
12.171896
11.854110
11.331422
8.850341
12.330315
12.136805
12.354921
12.223018
12.343913
11.711908
11.437401
12.374399
12.213000
11.782397
11.785301
12.387117
11.525658
12.003476
11.714612
11.615494
11.492088
11.566346
12.112513
11.730127
11.648273
11.387952
11.950618
11.858549
11.911815
12.357129
12.281585
12.372605
11.251412
11.862603
12.238329
11.998624
12.247150
12.341141
10.982179
11.767430
7.748965
12.154271
12.370136
12.302792
7.998182
12.194751
11.427609
11.310940
12.576546
11.735980
12.384536
11.449825
12.430199
11.880428
12.216712
12.413251
11.671818
11.801273
11.512183
12.136100
11.806078
12.038972
12.610916
11.649491
12.240852
11.495392
11.845088
11.757995
12.139671
11.766124
12.678000
11.432071
11.388038
11.916095
8.316717
12.001260
11.044759
11.182960
11.669535
12.463361
12.217477
12.199324
12.316152
10.277765
12.768794
11.765905
12.314946
11.248644
12.297203
11.763478
.172361
12.256181
10.805569
11.651888
11.883201
11.476734
612616
.987276
11.728489
11.686201
11.577636
11.350595
12.179331
12.374542
.212824
12.308323
12.298587
12.357254
11.623761
11.456401
12.338897
12.310191
11.450230
11.643912
12.234612
11.701961
11.416527
12.238888
12.190090
11.998055
11.785419
12.613616
12.481629
11.585707
12.065673
11.849337
11.551277
12.741801
11.166102
11.835274
12.336156
10.679546
11.650509
5.719836
12.350135
5.719836
12.350135
12.380822
11.985198
11.462975
11.605604
11.718688
12.071363
12.229234
11.776427
12.043097
12.296584
11.856466
12.235523
12.270631
11.408943
12.320304
12.204248
11.719039
11.855818
12.407124
10.175640
12.163804
11.816153
11.776458
11.475527
11.494671
12.171072
12.295401
11.496246
11.847716
12.129664
11.921861
12.235500
12.263887
11.803751
11.299591
12.241604
11.411491
11.586983
12.306129
12.350630
12.200608
11.566977
11.634006
12.223081
7.867556
12.270543
11.649110
12.316765
12.369684
11.775763
11.089594
11.987718
11.642389
12.284935
11.884202
11.303194
11.765359
11.878243
11.221809
12.175737
12.274061
11.480587
11.524052
11.386967
12.451918
11.991011
11.659952
11.745685
11.458647
12.460303
11.456791
11.552591
12.145855
12.285675
11.507450
12.051929
12.891514
12.425244
11.612664
11.859133
11.506355
12.148601
11.332325
12.381030
11.762422
12.163864
12.276629
12.389888
11.759107
11.947708
12.083706
12.217627
11.815049
12.201928
8.701252
12.324020
11.244300
12.005242
11.624156
12.314233
10.304326
11.391142
11.611850
12.294200
11.333444
11.847533
11.710516
12.386757
12.385347
11.672716
11.089965
11.283279
11.283279
11.767744
11.283279
11.767744
11.257323
12.389054
12.326369
11.738473
11.808575
11.812635
12.327362
12.291689
11.715311
12.353232
12.307823
12.347506
11.981369
11.573093
11.677067
12.886768
12.245689
12.123284
11.299209
12.021192
12.274435
12.467064
11.579008
8.245851
12.278277
12.381315
11.760629
12.233045
.498871
11.862652
11.563902
13.502606
12.326155
11.730346
10.815202
11.665858
12.210465
7.719109
12.210465
7.719109
13.839871
11.560517
12.001259
11.744279
12.359745
11.842577
11.742605
12.099251
11.751439
12.388517
12.359723
12.332550
11.660615
12.517561
12.418929
12.272111
11.131395
11.750362
11.882044
12.277878
442843
12.606766
12.327731
11.382309
12.235122
12.043812
12.293979
11.865251
12.021167
12.231351
12.346902
8.382875
11.592231
11.375244
12.179933
13.223267
12.720456
12.720456
8.662371
11.485925
11.592226
7.740368
11.777666
13.630409
11.738508
12.385866
12.225764
12.257745
11.706538
12.095018
12.319969
8.454161
11.491500
12.217849
12.024091
12.303308
12.286199
11.830301
12.226360
11.532827
11.587854
12.260093
12.103812
14.332104
12.204391
12.396492
12.291595
11.439051
11.749362
12.378503
12.328907
11.938309
12.361988
11.652276
12.244320
12.371251
13.341738
12.365962
13.608822
11.745635
12.219048
11.669162
12.194901
11.585889
11.294610
12.365473
12.416268
12.378444
11.595407
10.337088
127..963128
313110
127..963128
313110
11.428322
11.552085
12.290595
12.552144
11.402712
12.354294
12.403283
12.228664
12.116006
7.246402
12.057248
12.331564
11.359991
11.969294
12.232977
11.776118
12.123224
12.481278
11.174203
12.469094
12.310341
13.811383
12.139530
12.806997
12.148924
11.430128
11.994336
11.563439
11.560363
12.369804
12.071130
11.740189
12.307844
12.455758
11.643720
11.645899
12.324277
12.360745
11.585405
13.656827
12.191534
12.343519
12.056845
11.947228
11.555494
11.567510
12.221993
12.155457
9.069949
12.150968
11.640124
11.579716
11.535694
11.883360
12.157744
11.476062
12.341768
11.415503
13.676584
11.415491
12.184312
11.586944
11.494774
12.304751
12.154976
12.481535
12.439075
11.096019
11.381050
8.034193
11.381050
8.034193
12.313419
12.288840
11.680661
12.387033
12.367852
12.353302
12.301895
12.378097
11.915155
12.278211
12.200847
11.635703
11.635703
9.155399
12.305866
12.642953
8.700612
12.000217
12.333077
12.298196
12.209464
11.866426
11.778886
12.432599
11.484856
12.251344
12.310757
12.076561
12.071108
12.411385
12.376990
12.458640
11.501525
11.458811
12.044370
12.294615
12.419637
7.261302
11.374458
12.200151
8.514164
11.713480
12.351498
11.918126
12.449133
8.333467
11.730856
12.195572
.344579
12.327469
8.237983
12.238361
12.386556
12.386556
11.441238
12.386556
11.441238
11.509355
13.280631
11.498875
12.199922
6.694516
12.378618
12.311110
12.179658
12.237379
12.278222
12.226438
12.040289
12.179456
12.504234
12.359504
13.837473
11.204474
12.378394
12.327824
12.390502
9.067964
.805804
12.456675
12.316959
11.690412
11.601229
12.178919
10.988925
12.264172
9.049773
12.018170
12.388132
12.404793
12.434103
12.510269
11.849741
12.094607
12.408140
7.828754
12.408140
7.828754
11.845002
11.876442
11.876442
9.094061
12.578493
12.201983
12.328164
12.345051
12.280781
12.558074
12.242498
12.610631
11.353276
12.376102
8.713945
12.105681
11.593702
13.749420
11.966766
13.685097
12.376177
13.487712
12.331920
12.275765
.321438
8.376291
12.322296
12.418849
12.317472
8.986639
12.242131
11.112049
12.304298
11.013562
11.506679
11.868975
8.410239
7.428039
13.650447
103673
12.379409
12.394290
13.687641
9.262631
12.244085
11.593315
11.450443
11.450443
9.441716
12.215350
8.187970
14.087189
12.460774
12.282489
13.709270
12.290901
9.737387
11.180043
11.354150
7.858693
8.982944
6.761988
5.926055
7.584477
11.243919
12.395001
9.951344
12.059920
12.059920
11.249785
11.216311
12.133294
12.133294
13.683789
9.334634
13.683789
9.334634
11.428034
13.289940
8.730212
11.261142
11.775703
9.958833
12.195776
12.487115
13.628884
8.268677
12.326187
8.434765
6.685760
8.631886
12.853830
.505918
.505918
9.537177
8.975468
8.795667
.418390
11.555238
8.044060
9.429258
8.607402
12.539661
11.184184
11.945892
12.300229
11.585083
9.054744
11.216032
12.164938
10.363361
11.906398
11.337253
11.500486
11.455411
5.162548
11.719980
10.519175
8.368916
8.353861
12.335815
8.710515
9.111748
10.976718
9.408558
10.258719
10.788903
8.188266
11.297916
12.254948
11.935897
11.982448
8.374009
11.665550
11.610381
11.156972
10.673138
13.003449
13.003449
12.250964
11.427202
11.318575
9.398855
11.450524
11.495503
9.292489
12.301744
10.804671
11.287338
10.513123
12.412575
10.933008
8.282232
11.622095
10.490721
12.482647
12.308405
10.943820
12.426993
12.214026
11.541138
11.430093
11.617585
11.196282
11.424007
11.527775
13.669020
11.682190
11.380329
8.794082
10.818531
12.273932
7.025017
6.077123
11.848906
11.631992
11.468908
12.235974
10.904889
10.888139
12.062669
12.887980
11.805926
11.853374
16.927034
16.927034
10.610852
9.318646
9.415792
11.443964
8.139086
8.970323
12.132906
11.257019
18.318354
10.478428
18.318354
10.478428
13.462034
11.323706
11.553285
12.444957
17.121023
11.587223
17.121023
11.587223
11.780272
12.357715
11.635530
11.477571
12.525575
11.001557
11.040102
11.326568
8.509100
7.066446
11.395781
9.409285
12.527665
11.772042
11.264123
12.189746
12.157252
12.214258
12.094578
12.240073
11.560913
11.489767
11.821300
11.742435
12.378698
12.401852
11.703146
12.200527
9.131680
11.502045
11.348252
11.504259
11.769725
8.448188
9.310747
11.137117
11.720264
10.271862
12.263541
12.160490
11.788593
11.651103
12.220246
11.494176
11.838082
11.304947
11.420968
11.495315
11.574425
12.688908
7.329424
11.465063
12.469445
12.123625
11.557448
10.405109
11.662130
11.695029
11.426183
10.549349
11.293378
11.505909
11.619865
7.920139
11.700308
12.139268
11.757555
11.985267
11.950322
11.476617
12.072755
11.487093
11.582163
11.430716
11.464635
12.205401
10.498051
8.577105
8.656589
6.984438
8.947103
12.169947
9.479496
7.471472
12.044948
12.397213
11.649777
11.758408
11.546639
11.567349
11.418916
11.418916
13.313269
12.358284
12.393077
11.904159
12.246341
9.729749
11.592404
12.137574
12.203345
11.432668
10.430455
11.095484
12.306267
11.949169
12.104157
11.973449
11.809707
11.128743
11.994086
11.520966
11.572153
11.627010
11.427137
12.312209
11.646729
11.577436
11.797258
11.852761
11.838453
11.398455
11.792675
11.929986
11.597580
11.947332
11.334224
12.221129
12.181400
12.056921
12.189813
11.315431
11.991594
11.488704
11.026726
12.598786
11.789514
11.305918
11.754543
9.875909
11.737568
12.342962
10.675513
11.671693
11.413689
11.638022
11.420335
11.903665
12.336611
11.798329
12.237878
12.278450
12.279925
10.866058
12.265510
11.983907
11.621264
12.375225
11.517731
11.774397
12.312884
11.744245
12.266741
12.346385
12.152014
11.676685
11.788769
11.395043
11.586941
13.050186
12.303832
11.428926
10.365878
12.219901
10.031850
11.365488
12.054266
11.527868
11.677163
11.442014
11.397377
11.882059
11.547210
10.936255
12.430095
12.235831
12.120732
12.372248
11.606635
11.631204
9.616392
11.376516
12.216025
11.215711
12.423631
12.361627
11.963031
12.313900
11.634373
12.174171
11.733120
11.110357
12.229031
9.102286
9.610904
12.449685
11.357673
11.807009
11.479374
11.276552
12.485426
11.256782
7.741812
12.145217
12.306042
11.891141
11.627077
11.456998
13.082348
11.739244
8.101893
11.785585
12.330110
10.836706
12.128511
11.734337
11.694490
11.488385
11.886254
11.539762
11.444661
12.977525
12.459523
12.425688
11.889130
17.497991
17.497991
11.627816
12.120645
11.840930
11.718533
10.851459
12.352954
12.337119
18.744470
11.510219
18.744470
11.510219
12.258425
11.630806
11.683156
11.647407
11.827609
12.289176
12.379131
12.175103
12.423710
12.270042
12.195574
11.587985
11.359865
11.441761
12.211279
12.322229
12.394307
12.362425
11.745168
11.679673
11.307841
11.844967
11.764779
12.286363
11.485694
12.364795
12.403338
12.537394
11.933608
11.986968
11.500528
12.260456
12.640262
10.369931
12.443940
12.249922
12.362724
11.586864
11.529401
10.095080
11.487504
11.597817
12.409009
12.257744
12.368362
9.003922
12.202964
11.602502
11.492575
11.617877
10.276245
12.155480
11.805443
9.611487
11.156083
12.564643
12.279821
11.771573
11.914759
11.560145
11.316859
11.463928
11.880533
11.426444
12.284758
12.459722
12.365489
12.335747
11.252873
11.336523
11.643329
11.496551
12.272265
11.860503
12.262614
11.556082
11.778039
12.215224
13.631731
11.968704
11.571114
11.372857
11.940669
12.308473
11.532932
11.748479
12.359864
11.798795
11.680233
11.434179
11.957399
11.853044
11.320636
12.351090
11.666672
9.893976
11.710840
11.530358
11.273939
11.109946
11.778659
10.567735
11.602894
12.486286
11.220881
12.253903
10.265749
10.015223
11.692572
12.339161
12.405439
11.788770
12.249720
9.140445
11.685232
11.646523
11.717843
12.276084
11.513930
11.564895
12.399090
12.030861
11.685004
11.427803
11.810905
12.500961
12.314469
11.690260
11.592586
12.169019
12.142351
11.738459
12.107672
11.806713
11.813387
11.768021
12.441305
12.312438
9.881454
12.619092
11.915848
11.515143
11.454018
12.467741
12.276351
9.523947
9.116232
11.789300
12.857532
10.582089
11.662451
10.976752
12.278913
12.151872
11.629933
12.365204
11.956276
12.908430
10.989694
11.705110
12.279709
11.921319
12.028619
8.529550
11.726973
11.610759
11.610759
11.082448
11.426474
11.893091
8.252560
12.304057
11.805365
12.229149
12.570169
12.197311
12.167244
11.660247
10.525653
12.282057
11.245344
12.397914
11.580760
9.096414
12.241466
11.629260
12.278059
11.403686
11.675553
12.600829
12.172943
12.057960
12.481275
11.745435
12.463474
11.906867
12.085866
12.197705
12.227100
12.015693
11.832883
12.258947
12.380545
13.407407
11.809317
10.839574
12.167482
11.778674
11.190413
11.504558
12.221600
11.718806
10.976955
12.216374
11.813999
12.071393
12.407495
11.612287
12.277535
11.320127
11.432668
13.796865
9.403755
11.152126
12.281919
12.369366
12.320377
11.744940
11.439070
12.270041
12.980556
12.220618
11.543690
12.057926
12.217439
11.083460
12.460305
12.465274
11.838330
11.921515
11.371754
11.569926
11.710120
11.557176
9.589504
12.475144
9.423505
12.397469
12.090672
12.364702
11.323065
12.266725
11.417076
12.335991
12.318127
11.391559
11.638254
11.908657
12.269985
12.346105
12.457754
12.790275
12.290302
12.254525
11.614991
11.601804
12.248954
9.855800
10.265059
10.980758
11.461668
12.186479
11.662357
11.574261
12.409272
12.423810
11.300560
12.188092
11.317063
11.759421
11.921727
11.820793
12.095835
11.797130
12.406797
11.150324
11.467573
13.052747
12.104499
11.800471
11.363469
12.306264
12.031414
12.012303
12.295285
12.318010
11.375452
11.051785
12.234596
11.825141
11.435382
11.586353
11.530719
12.418040
11.622889
12.414606
12.456619
8.793322
8.066179
10.922322
12.194343
11.801463
12.303512
10.919461
10.286425
11.594056
11.589505
11.551384
11.441410
11.657346
11.533430
12.319519
11.547945
11.792423
12.294403
12.302009
11.922969
11.465057
10.536232
12.267804
12.149696
11.832224
11.310537
9.068127
13.750226
12.317245
12.217128
11.381121
11.590595
6.382461
11.391375
12.799511
13.067323
12.293618
11.005155
12.339674
12.124846
12.605279
10.355775
12.344155
12.293611
11.046219
12.424358
11.914467
11.534819
11.481511
10.953686
10.916029
12.395056
12.310877
12.228819
11.413013
11.693602
11.748788
12.254109
12.528852
11.442606
12.299763
11.866536
12.384932
12.504947
11.628487
11.430403
12.278786
12.339960
12.411554
12.301400
12.228873
11.546866
11.226941
12.354864
13.105685
10.986346
12.315943
12.111829
11.585151
12.253198
9.820296
12.275406
11.467521
10.742484
12.462683
11.353409
11.590460
12.264271
12.030913
11.828709
11.587199
11.712662
12.513505
12.536674
12.269772
12.346173
11.570512
12.323247
11.752091
11.598363
12.219341
12.483401
12.234098
11.559299
12.730162
11.615819
12.260222
12.415682
9.890133
11.540285
11.407183
12.309892
12.254778
12.120249
12.420313
11.410375
11.579507
12.402476
11.625117
11.878932
12.727409
11.545535
11.733595
12.506858
12.376861
12.144915
10.151467
11.689436
12.339967
11.641582
12.369271
11.488358
12.137004
12.281614
11.391363
12.268359
11.824423
11.691464
12.116919
12.125945
12.337906
12.278919
12.399150
9.567808
12.345406
12.278399
12.424400
12.799491
12.405619
11.990889
12.287236
11.234107
12.229554
11.577226
12.117977
11.292531
11.333291
11.861083
13.748758
12.227833
9.363799
11.874538
11.568751
13.643359
12.505399
12.936122
12.313370
11.418220
11.766931
11.900619
11.731858
12.176499
12.746489
9.491886
11.429429
12.204013
12.341777
12.603024
11.433326
11.427285
12.302149
13.636591
13.960800
11.753166
11.280679
11.893111
12.455812
11.895715
12.028481
11.427244
11.688456
11.415129
12.418822
11.673401
12.221810
11.638951
10.986485
12.362162
9.958681
11.765546
12.314878
11.712538
10.030531
11.594182
12.362337
11.407430
11.336450
12.225005
11.585154
13.370043
10.210254
11.542620
7.050781
11.737002
12.238537
11.988084
11.769445
12.435129
11.557522
11.231597
12.175581
12.598985
12.323906
12.216575
12.375158
10.676943
12.411841
12.428943
12.351603
11.442774
12.164031
12.169280
12.227658
9.337363
12.205250
12.693564
11.774995
11.525068
11.525068
12.302049
11.523897
12.336276
11.162320
12.224770
11.514940
13.015391
11.896453
12.374756
12.477393
11.027033
9.570911
11.949011
12.155267
11.528350
12.176558
11.480040
11.846101
11.558482
12.183825
10.273281
12.277462
12.348523
11.214513
11.326778
12.225383
11.767842
11.026415
12.211743
12.325884
11.902843
11.761461
12.087912
12.025460
11.625705
11.675167
12.294904
12.095176
11.338770
11.421085
12.168789
8.737390
11.645881
12.160160
11.875966
11.572373
11.870982
12.370185
11.216494
11.217340
10.663957
13.715284
12.063784
11.559620
12.310662
12.034246
11.806055
11.756113
12.337762
11.308333
9.102653
12.594546
11.713206
11.604286
11.352150
11.726001
12.436959
12.378706
11.443413
12.161230
11.569533
12.271545
11.716508
12.253335
11.943209
11.465685
11.279035
12.195139
11.473060
11.642292
13.741993
12.494161
12.267751
12.496239
11.754047
12.357244
12.407423
12.064967
12.334392
12.272103
12.322090
12.050698
12.127980
11.141677
11.371901
12.138118
11.733750
12.098119
12.220435
12.318449
12.313634
12.474619
10.860673
12.480074
12.174026
11.623019
11.326266
11.888482
11.727948
12.081641
12.324239
11.682803
12.044728
11.748337
12.071584
11.865249
11.828119
9.871275
11.998695
11.461971
13.487149
11.296430
12.001233
11.805100
12.307584
12.158557
11.269975
12.147566
11.653943
11.779755
12.261776
11.761904
12.484658
12.199357
12.418066
11.163952
12.368821
11.917718
11.661058
11.997950
12.435261
11.402110
11.635287
11.758325
5.048912
12.270025
11.438844
9.251320
11.744745
12.057391
12.357758
12.383876
11.773489
11.337724
13.179660
12.312710
11.468774
12.244944
12.400011
11.859806
12.427656
12.778440
12.360235
12.204036
11.631211
12.265344
11.330126
12.382928
12.756799
11.971907
12.101274
12.372103
12.393157
11.932084
11.478640
12.285323
12.141896
11.826032
12.389469
11.514285
11.855201
11.682010
11.657249
12.738869
11.614942
11.568740
11.308562
11.494725
11.817003
11.859558
12.424208
11.898521
12.275568
11.382182
12.465749
11.462802
12.070789
11.823313
12.560986
11.419753
11.582948
12.356924
11.578350
11.559040
11.841151
11.850507
11.662428
11.477504
12.694690
12.326186
12.497626
11.783662
11.621803
9.981678
11.622236
11.279617
11.547611
12.461032
12.207058
11.935144
12.821157
12.183647
12.629063
12.296592
11.801824
11.315938
11.552841
11.905161
11.917551
11.844513
11.936972
12.137744
11.450800
11.330648
12.161182
12.568424
11.670970
11.511072
12.278090
12.909974
11.302395
12.087459
12.120701
11.368752
12.152457
11.755006
12.413886
12.324026
11.655558
12.005183
12.439211
12.354993
11.482868
12.202663
11.725907
11.688884
13.626154
11.374893
11.707468
11.739978
11.641962
12.270079
12.311025
12.266480
13.125913
11.726759
12.360898
12.329050
12.068254
13.730786
12.274697
12.090611
12.827763
10.628094
12.306413
11.905996
12.383581
11.754663
12.310441
11.348322
11.143492
12.228245
12.230454
12.445382
12.683350
12.104777
12.230731
13.001692
11.706999
12.265358
13.323218
12.316787
11.648259
11.872197
12.263454
12.342906
12.000129
12.144829
13.650300
11.577214
12.194652
11.508107
12.366972
12.209325
13.299635
12.186939
12.218516
12.451367
12.201950
12.269677
11.773689
10.740390
12.281028
12.386655
12.361361
11.831717
11.432494
12.152611
12.008674
11.579928
11.491536
12.245266
13.036664
11.307589
11.459457
12.475137
11.870036
11.968024
11.193916
13.021650
10.618395
12.252802
11.036111
11.741769
11.614290
11.479974
11.599084
11.796250
12.349606
11.438538
11.565609
11.485985
10.558499
12.361860
12.301736
11.744844
12.225188
10.393016
11.676586
11.559586
11.247513
9.973448
12.794900
11.162800
11.299151
11.540996
11.554901
11.376339
12.138805
11.970787
12.210466
12.325339
11.677854
12.372410
12.390922
12.549778
12.061115
12.311538
12.381057
12.437866
13.514310
11.911780
12.247200
12.377978
12.023116
11.825417
12.410853
12.289470
10.917375
12.129785
12.470449
13.868510
11.858984
11.683593
12.278484
12.055450
12.241532
11.561587
11.545193
11.545193
11.465683
13.270368
12.358901
13.685506
11.666294
11.752346
12.410525
11.717466
8.990451
11.652690
11.984285
12.232214
12.190611
11.132011
11.580481
12.369830
11.816080
11.452759
12.233263
12.284836
12.190604
11.188465
10.558889
12.265826
12.199525
9.811378
11.358848
9.307973
10.558751
8.273954
11.289263
12.099919
12.123720
12.439166
11.756471
11.372837
12.381356
11.749605
11.753097
12.370114
11.636172
11.575063
12.221552
12.210830
11.744545
12.165092
12.352550
11.465623
12.407884
11.899139
12.247630
12.337645
12.293909
10.808548
12.364093
13.317928
12.348149
11.970544
11.448322
11.153578
12.371690
11.792514
11.559417
13.797923
11.380784
10.341186
13.616145
11.746708
11.668967
12.087582
12.231068
12.276595
12.398748
11.769295
11.731441
11.447640
12.169825
11.982415
12.293233
12.396806
12.209591
13.133347
12.488546
12.461775
12.431742
12.401882
12.344212
11.332422
11.812174
12.078904
12.042457
12.075055
12.321492
12.355173
12.254228
12.352021
11.466988
13.514236
12.136871
12.525586
11.378813
7.526248
11.757749
11.351057
12.383734
11.645135
12.221650
12.268398
11.036736
12.386323
12.375547
11.952151
12.034572
10.614767
11.686232
10.020579
11.659314
12.024993
12.427396
12.482920
7.151645
12.366317
11.440278
12.279727
13.611394
11.732813
12.375355
11.601124
11.768064
12.384348
12.445073
11.652605
12.157757
12.209649
11.751090
12.227689
11.947941
12.133077
11.830339
12.250896
11.537291
13.617746
11.817006
12.196069
11.713750
12.549026
12.555234
12.260454
13.685509
12.295642
11.450698
11.815034
12.778187
12.430771
12.161011
11.706594
12.281568
12.278122
12.020799
11.577210
12.194162
11.435271
11.701837
12.254619
11.324799
10.385822
11.741688
11.601561
12.298296
11.648590
12.000135
10.368393
11.458586
11.689641
12.379314
12.354237
12.557635
12.079612
12.283911
12.356803
12.094375
11.886109
11.906892
12.444997
12.245577
12.141557
10.757581
12.112917
12.332018
12.078348
11.745708
11.900052
9.445403
11.323920
11.762430
11.659569
11.703154
11.466601
12.206690
11.354132
11.798941
12.324768
11.800901
11.498414
12.428382
12.205812
12.457017
11.738909
12.346766
12.262606
11.954148
10.370172
11.472354
11.874858
12.346074
11.635155
11.987202
12.308768
11.312226
12.353092
12.272969
12.137617
12.295683
11.457527
12.204530
11.897994
12.178891
11.869406
11.691852
11.896578
12.235770
11.752150
13.172641
11.595757
12.113249
12.276226
11.320737
12.529437
11.818360
12.166666
12.321950
12.404830
12.690422
11.705549
12.604702
12.280589
11.530891
11.595424
12.436719
12.504414
12.270442
12.045731
12.305134
11.698954
11.886598
12.419728
11.494930
11.648972
12.098798
11.506476
11.695019
11.685363
12.000442
11.581286
9.021881
11.860419
10.656631
12.010020
11.508110
11.564602
12.298524
12.341441
9.765906
12.369742
13.376709
12.027894
12.287833
12.375634
10.107241
12.318310
12.161244
11.543363
12.532107
12.370350
11.733905
11.399181
11.354834
12.441411
11.703737
11.083962
12.447129
10.203700
7.187188
11.266705
11.440579
12.372652
10.378053
12.449852
10.857319
11.996658
11.540199
12.971194
12.230892
11.571415
12.362355
11.818118
11.296959
11.044010
12.153198
11.640249
11.517745
13.995674
11.702073
13.650697
11.124405
12.339810
12.208128
12.318548
11.162423
11.849917
12.288154
11.562856
11.168691
9.841560
11.349499
11.457903
12.326451
11.712680
10.355133
11.234732
10.892778
11.843680
12.113985
11.885664
12.073731
12.271701
12.281214
11.193814
12.327538
11.334326
12.192054
12.604524
12.273556
10.605304
11.042364
12.362340
11.830299
11.225560
12.584390
11.800323
13.857847
11.453419
12.266091
11.999011
12.296922
12.275661
12.354117
12.273139
11.858120
12.314430
12.266019
12.343380
11.480182
11.539825
12.270518
10.955244
11.533829
11.795548
12.086585
11.803302
10.762380
12.307684
12.464653
13.708463
12.347226
11.700257
11.501794
12.017140
6.671654
11.329371
12.161254
11.607597
12.383541
12.405834
11.375701
12.191035
12.099806
12.207723
12.270605
12.270605
11.562724
11.685743
11.909467
12.302297
12.305990
12.395504
10.818616
11.543604
11.574586
11.301736
8.241881
11.763985
12.319050
12.283979
13.275544
12.519750
12.188817
12.062324
11.285560
12.037317
12.387427
11.469301
13.616080
12.308627
12.159899
11.559475
12.036031
13.669659
12.008812
11.829438
11.521676
11.751473
11.621956
12.635858
12.207735
12.241027
12.350790
12.338615
11.685993
9.393216
11.887246
13.712207
11.020003
12.477833
10.026577
11.682042
12.702350
12.139507
9.308026
11.338444
6.123251
9.088923
11.962619
11.750546
11.529800
12.027780
11.522594
13.742345
11.682577
12.189291
12.331054
12.160333
11.864031
12.389901
11.678489
11.523218
13.040372
11.456453
11.835739
8.571235
11.640925
11.640925
8.097554
11.271279
12.397184
12.379558
13.741046
11.636255
11.387475
11.566395
12.220019
12.308415
11.585733
12.287599
12.351677
12.054558
11.203097
12.280389
12.113150
11.683164
12.256520
11.356775
10.538983
11.617399
12.213284
11.696534
12.213136
12.350434
11.490399
12.350956
12.423190
12.138454
12.354589
11.081241
12.170697
11.268129
12.215815
12.393284
11.350050
10.805684
9.024169
12.253442
11.506183
10.448406
11.871820
12.046382
12.371226
12.036484
11.453317
11.509426
12.537866
12.538096
11.589793
11.597144
12.353372
12.267686
12.207707
12.246976
11.375038
12.302195
13.145195
11.796913
12.340876
11.835965
11.924682
11.810784
11.751949
12.228213
11.422965
11.581986
12.330012
11.996835
11.174042
12.070035
12.731483
12.247741
12.116597
12.359105
12.354517
11.731188
12.372036
9.971121
12.100840
12.753197
12.319244
11.634581
11.757796
12.292134
13.063329
11.487853
11.475544
11.474383
11.355276
11.378451
11.754074
12.281544
11.781731
12.386940
12.254934
10.985859
12.243570
12.152762
11.462541
11.818249
11.993749
9.338834
12.937002
12.285106
12.443076
12.213734
12.362072
12.376521
12.018967
11.551772
11.557236
11.438117
11.715775
9.816024
12.328695
12.499030
10.117273
12.267265
13.285051
11.755017
12.335022
12.584941
11.799108
11.409915
12.364338
11.701502
11.707541
11.737326
8.466401
12.297113
11.570986
11.526322
11.845067
12.293502
12.940778
11.882098
11.420367
13.779353
12.134719
11.347740
11.555044
11.608095
11.733293
12.205952
12.282539
11.547232
12.310078
11.546101
8.724390
12.125090
12.421643
11.317151
12.349931
12.003045
11.598420
12.444259
12.305235
12.311687
12.189579
11.333546
11.405409
11.803613
12.174671
10.644944
11.747395
11.870892
12.362315
12.349337
12.384043
12.586971
12.326535
11.841787
11.558903
13.709262
12.157196
13.417128
11.376201
12.072557
11.079642
12.301656
11.589726
11.493972
12.269490
11.214698
11.683560
12.186523
12.283948
11.633528
12.012699
12.253549
12.545202
11.825755
11.524290
13.440976
12.055523
12.701216
11.983918
12.031738
12.230511
12.339772
11.468466
12.468161
11.964646
11.898064
12.108120
12.239925
11.493282
12.285315
12.395482
11.122418
12.296139
11.595141
12.395195
11.564311
11.826611
11.595450
11.797193
11.911884
12.276447
12.868559
12.394252
11.892975
10.308575
12.036910
12.230591
11.055932
8.835318
11.759156
12.304196
12.325123
12.387370
9.470399
11.645929
12.272852
12.146328
12.302766
11.711986
11.353138
10.638044
11.841638
11.710637
11.759058
11.605067
11.640808
12.288364
12.218957
11.629914
12.239718
12.517199
11.272239
12.106636
11.949712
12.120737
12.213275
10.783280
12.173262
11.777934
11.370728
12.231388
12.436301
12.057504
9.800707
12.288635
11.764738
11.651381
11.597651
11.844371
11.412201
11.549135
12.080843
11.845022
12.449463
11.559562
12.293349
11.622736
12.239650
12.262047
11.649900
12.200700
8.425928
11.526237
11.764921
11.627643
11.363128
12.261287
12.270567
12.502545
12.366978
11.680376
12.243839
11.603008
12.160289
11.682685
12.406991
11.672441
11.894390
9.199099
11.913834
11.561658
12.650406
11.769338
11.407003
12.241228
12.127211
11.202251
12.220363
12.317569
12.194953
11.687472
12.442286
11.580279
12.184104
13.310240
12.279650
12.251851
11.365850
11.365850
11.512852
12.267647
13.734507
11.444155
11.570106
12.214839
12.013487
13.798873
13.387842
11.299547
12.107807
11.540621
10.429632
12.180143
12.342799
11.562017
12.361980
12.057186
11.870508
12.033453
12.364113
11.436766
12.696879
11.716807
11.667111
12.013302
12.385654
11.347427
11.527042
12.774372
11.750520
12.239870
11.608811
12.082080
12.008304
12.334057
12.978648
11.375063
12.821779
12.202408
11.674522
12.341614
12.245035
11.384918
12.273457
11.766156
11.867252
12.517369
12.496747
11.547196
13.030089
11.214070
12.305212
10.698028
9.731875
12.260418
12.014157
11.718588
11.727767
12.065823
12.308207
12.281847
12.385117
11.997160
12.198727
11.790812
11.519157
11.686029
11.298325
10.826082
12.314473
12.337060
12.369612
11.615441
12.381577
12.330526
12.433690
11.604664
11.273340
12.247881
10.152564
12.110260
11.490395
12.206457
11.529036
12.081289
12.366919
10.995179
12.385133
11.500529
12.223585
12.369568
12.688094
12.248119
12.156836
12.283820
10.221812
12.789660
12.301259
12.262244
12.308163
10.533135
11.380945
7.837449
12.301076
11.470218
12.186784
11.864864
12.393885
12.472142
11.175647
12.376854
11.444565
12.275693
11.991847
12.228837
12.308038
12.395376
12.274170
11.579112
9.723019
11.734708
11.893355
12.322429
12.296558
12.183258
12.131907
12.134255
12.292099
12.338258
12.359026
12.984769
11.950538
10.834134
11.590254
10.982225
12.308193
11.908405
10.294389
11.659766
12.310465
11.366720
11.379308
12.446769
7.674094
12.276831
12.222272
8.933944
12.777030
12.238144
12.314061
11.170366
11.519612
12.401864
12.310350
11.232329
11.222357
7.917834
11.674957
12.373508
12.615134
10.737189
11.586923
8.113428
8.965396
12.275024
11.476702
12.212897
11.166652
12.146669
12.017891
11.682466
12.355109
12.478436
11.715204
11.179703
8.142412
12.284037
12.070008
12.482709
12.436262
11.781811
11.955009
11.885251
11.880637
12.360008
11.566229
12.443747
9.863258
12.167332
11.819018
11.790788
11.434347
11.654342
11.625342
12.160252
9.735001
10.984029
11.268888
11.949425
11.838196
11.125216
12.134920
11.182256
11.784256
12.231830
8.204592
11.955215
12.005183
12.368785
12.336550
11.711502
12.506051
12.160313
12.178541
12.204568
11.580815
12.300189
12.451210
12.738786
12.273546
11.972485
12.355782
11.625896
11.221488
11.434081
11.490935
13.015058
9.068400
12.637067
11.075052
12.406305
12.263730
12.423026
12.000978
12.215926
12.025780
12.203312
12.411183
12.366051
12.518914
12.308358
12.202768
12.246397
12.332712
12.369437
11.838305
12.320400
12.287081
11.407604
12.189502
10.672787
12.310289
12.320526
11.670263
12.328735
12.463009
11.870376
12.250286
12.006934
11.554054
12.295600
11.547594
12.159145
12.403388
12.375850
6.115765
13.664587
11.806433
11.444429
11.545369
13.264204
11.546668
12.262387
11.235080
16.754336
12.208004
12.345923
12.332366
12.230275
11.668509
12.299547
11.581685
12.247052
13.116257
12.323814
12.837714
12.596245
11.919412
12.504377
12.225371
11.335077
11.415857
11.809060
11.536606
11.529227
11.587976
11.829761
12.139031
11.657470
12.273690
10.354834
12.202012
11.760311
11.366232
12.236289
12.197044
11.633595
10.874623
11.603231
12.065045
11.685575
11.512819
11.901268
11.589774
12.360441
11.780095
11.915456
12.276713
9.370946
13.765751
11.304672
11.545024
12.305831
11.442908
12.256175
11.752426
12.126860
11.685229
11.909618
8.255127
12.351100
10.981763
12.460502
11.940532
11.663760
12.159787
12.189895
12.152703
11.933227
11.554512
12.315862
12.068183
12.222192
11.354641
12.197388
11.545652
11.619626
11.692435
12.254747
11.766876
10.958109
11.896236
11.825835
12.356996
12.418131
11.858123
12.342099
12.223342
11.236912
12.472707
12.181138
10.654413
12.240879
10.079045
12.043983
12.287499
11.435963
10.215313
11.287037
13.649503
12.126178
12.349538
11.426143
11.453051
12.105554
11.919926
11.082269
12.329161
10.667378
12.403325
12.403325
11.575075
11.599134
12.185135
11.331921
11.591338
12.295538
12.271584
12.001238
11.326156
12.304867
8.877201
11.727919
11.853035
13.678727
12.430579
12.268540
12.427411
11.740933
12.382617
11.495950
12.606477
11.632917
11.376326
12.237924
11.832354
9.862539
12.146614
11.681304
12.212716
10.992388
11.432647
11.670453
12.272205
11.648860
12.219727
12.417776
11.922837
8.251142
12.082129
11.521114
12.306018
11.832473
13.651044
12.349147
11.885798
12.250320
8.564009
12.372499
11.850281
12.354869
11.151522
11.785560
8.913714
10.161376
9.487141
12.249800
12.424910
11.502108
12.258243
10.969925
10.446709
11.598120
13.678827
11.332304
11.671085
11.860638
12.253090
11.652003
11.574506
11.469581
11.591479
12.316418
11.765348
11.281420
11.986870
11.869342
12.273079
11.226683
12.312096
13.278255
11.576253
12.290318
11.846673
11.764760
11.641731
11.858853
12.513891
11.876693
12.172514
11.750759
11.654579
12.313415
11.232754
12.250573
11.918040
11.419698
11.318227
11.908500
12.337597
11.842780
11.794318
11.993510
11.663977
11.767057
12.298286
11.838873
12.421150
11.241929
11.726699
11.401339
11.680905
13.649653
12.310794
11.829715
12.322390
12.680257
12.342713
12.216296
12.218432
12.291741
12.520692
12.330240
11.527802
11.047717
12.321634
11.523856
12.258426
11.926242
9.411115
12.017261
11.403880
12.305333
11.665029
11.169516
12.373337
9.070065
12.140813
12.303219
12.171112
12.497962
12.309810
13.485619
11.915800
11.479505
12.583394
12.087367
11.283718
13.648015
11.692821
11.502806
11.735512
11.425637
12.385078
11.943966
12.101327
12.209448
11.704930
11.180472
12.259948
11.346734
12.351307
12.063281
12.419826
11.802516
11.642477
12.941483
12.236795
12.387975
13.627658
12.121973
12.408534
12.189077
11.529268
12.246633
12.557491
11.916530
11.527764
12.250765
12.400587
11.795414
11.832118
12.023484
12.555943
11.252200
11.276052
12.897446
11.443551
11.708167
12.388641
12.145851
11.310029
11.310432
11.866378
12.271062
12.067844
12.287027
12.366070
10.765851
12.359650
11.423792
11.734923
12.285098
11.320435
12.399363
12.434919
12.376736
11.849127
11.825566
13.008300
11.722152
13.592567
11.473477
12.349988
12.363962
11.534333
12.270765
12.233933
12.289355
12.058415
12.219475
11.417897
12.075614
11.916674
11.830555
11.830555
7.449388
11.710140
9.662069
12.150910
11.560729
11.881014
12.330353
11.510098
12.466999
11.595505
11.959986
11.516157
11.587374
11.473809
10.746119
10.952200
11.722676
12.164970
11.713675
11.367469
12.239491
11.288846
11.764946
12.069273
12.361197
12.193245
11.869792
12.136119
10.693681
12.278836
8.937942
11.845950
12.220837
12.352505
11.362258
12.394698
11.699245
11.742985
11.159359
11.844611
10.628159
12.386525
12.414933
10.214257
12.243427
12.016494
11.534646
11.534646
12.262726
