8.064321
8.064321
12.127727
10.572155
11.539919
10.274830
9.716866
9.716866
9.482306
10.868223
10.598665
12.400787
11.789365
.162390
.162390
10.810697
8.055771
12.304441
11.379302
11.361833
7.061020
11.922650
10.098602
11.738033
10.251326
10.251326
10.559997
11.413862
10.927954
11.640180
10.059930
10.059930
7.962209
7.962209
11.360683
11.559787
11.684669
8.402954
11.598880
12.300049
11.708960
7.302653
11.744949
8.857845
8.857845
9.560527
11.231027
9.090573
9.090573
11.570646
10.807716
11.261511
11.126253
17.402772
11.756864
10.980129
11.530293
11.037778
11.649822
11.267480
8.135072
12.114380
11.476210
12.660620
11.600122
10.307170
11.262810
10.023373
11.649684
11.582478
12.026118
8.211006
11.618313
12.203792
12.080629
10.349538
10.349538
9.828398
11.188576
11.568923
11.744336
11.240189
11.198441
11.781112
9.687563
11.701212
11.753069
11.661395
10.518520
11.600896
12.322874
7.725153
10.389311
11.480367
7.570551
10.747570
11.438111
11.330080
9.830002
9.830002
11.484444
12.340203
12.424923
12.424923
12.349421
11.778825
11.451563
11.107997
11.107997
10.897572
11.107997
10.897572
11.012085
11.222721
11.468794
11.013879
12.335139
7.670613
11.285772
12.255753
10.875436
11.718389
11.884079
10.920439
12.989001
10.489029
12.160446
12.309035
11.436768
10.301508
12.281496
12.299713
11.197607
11.197607
11.208930
9.929236
11.594186
11.425110
11.758615
11.645353
11.695140
11.266519
12.297262
12.369438
11.991183
12.381060
11.492118
12.339834
11.961637
11.609787
12.421464
11.617068
11.798571
11.907026
12.283463
11.625984
11.528316
12.004902
11.435235
12.099944
12.332969
12.276176
12.418859
11.770846
12.154294
8.307203
11.342299
12.075469
11.466082
11.486961
12.223518
11.250688
11.689218
12.311197
11.698159
10.675109
11.449602
11.974914
8.208266
10.220656
11.639411
11.150935
10.741528
11.623495
12.272999
11.386739
9.407168
11.784935
12.183227
11.757616
9.466020
11.399124
11.645229
11.362749
11.439380
9.225126
12.179421
11.170024
11.665714
12.369124
12.332920
11.388152
11.736850
11.785499
11.448919
11.356758
11.622984
11.871954
12.405847
12.089455
11.893556
11.304840
11.915090
11.555251
12.538508
12.133648
12.351501
12.325870
11.272550
11.416160
11.496370
12.264143
11.673764
10.621746
12.155567
11.865721
11.423043
11.571526
12.326067
12.284962
12.250408
11.405481
12.288051
12.340899
11.497954
11.573791
11.883609
12.136182
12.437732
11.640892
11.951291
12.504560
11.207233
12.278463
11.343240
11.597700
11.630213
11.497277
7.843957
12.012391
7.209675
10.770942
12.393889
12.334951
13.700961
11.875105
12.343318
11.057818
11.119017
12.214755
11.412334
11.742884
11.455250
12.298909
11.482745
11.416738
11.989407
12.190093
12.371434
8.957745
8.957745
11.718808
12.279465
11.295430
11.315164
12.063403
12.713029
11.504280
12.385406
11.775727
12.334280
12.340254
11.355867
12.180145
11.189991
10.512835
7.226339
12.441916
11.853811
12.132912
11.833373
12.150918
11.405561
11.742601
11.619825
12.009948
11.693790
11.460928
11.633818
11.555569
12.484751
12.211907
11.682679
11.682679
12.290839
12.155651
11.676105
11.143223
12.249726
11.519784
5.297121
11.519784
5.297121
12.380213
12.311330
11.194520
12.070281
9.463517
12.244054
12.187613
11.301214
12.184943
11.071657
11.387354
12.282255
11.215092
11.038445
12.066559
12.300710
12.394248
11.619358
11.338344
11.744174
12.356528
11.235391
11.557115
11.723514
8.281732
12.328762
11.615486
11.705537
11.613656
11.691487
12.655417
11.363533
11.611665
12.382892
12.313471
11.656694
12.370037
11.640686
11.199665
11.480543
12.252222
11.780796
12.184117
11.650939
11.525354
11.268900
10.913886
11.528086
11.949198
12.610810
11.745102
11.338875
8.279397
12.009018
12.308369
11.561690
11.184144
11.856614
11.668138
12.239849
12.424918
11.447691
10.495398
11.392021
6.891304
11.863379
10.892797
12.401963
12.040777
11.753968
11.499157
12.557630
11.661877
11.641753
12.433930
7.763126
11.987154
11.178012
11.178012
12.318255
11.178012
12.318255
12.309619
12.360577
12.253645
12.289188
11.911447
8.675020
12.206093
12.203891
11.716247
12.302794
12.295053
11.904200
11.483020
12.336396
12.120008
11.424794
11.209179
12.362196
11.520688
12.381196
12.338509
12.271045
11.379229
11.617971
12.227510
7.726149
12.179189
11.461274
12.274579
11.686095
12.868808
11.088245
11.795153
12.883824
12.161983
12.381824
11.842917
11.901708
11.785020
11.575998
11.874224
12.196016
11.689946
8.810554
11.691737
12.277602
12.929595
8.670576
12.418067
12.329637
11.444083
12.393707
12.201071
12.279727
8.829425
11.296398
11.460130
12.449346
8.183527
12.464201
12.385911
11.397959
13.620365
11.091784
11.825930
12.096078
11.646299
12.329542
8.015813
12.307709
12.393303
8.286216
12.243219
11.499490
12.115304
11.545564
12.120753
11.521895
11.467149
12.269550
11.712664
8.486730
11.868297
10.285316
12.464746
12.366141
11.194480
12.547420
11.886149
12.209554
11.327928
12.460645
11.512201
12.364382
11.225179
11.413733
12.200343
11.327904
12.333241
11.443029
.003544
11.627837
11.205084
11.812862
11.508874
11.673313
12.301813
8.012318
11.639991
11.950869
12.367454
12.257715
11.278211
11.714048
12.248653
11.777698
12.157863
11.196213
12.375059
11.578917
12.281283
10.648292
12.012922
12.314091
7.809195
11.881090
12.350243
12.320324
12.265406
12.627771
12.327187
11.376064
12.259052
7.047067
12.259052
7.047067
12.313764
12.338942
11.681230
12.276879
12.248816
12.202017
11.490542
11.326038
12.216362
12.345061
12.288875
12.448566
12.305432
12.162376
11.515816
12.369047
12.214721
12.519990
11.549843
11.336020

12.281345
12.359596
11.262994
12.384740
12.406608
12.365381
5.291980
12.365381
5.291980
12.040606
6.700802
12.040606
6.700802
5.862043
12.380309
11.562219
12.349536
12.349536
12.290424
11.746740
12.541662
12.342398
11.537716
12.464376
12.275333
12.328011
12.437948
11.633605
12.279308
11.805956
11.805956
12.237151
12.153716
11.387523
12.458739
12.204753
12.998070
12.312796
12.379500
11.340508
12.196133
11.257019
12.507594
12.468329
12.289462
12.386646
12.004304
11.404918
12.377508
12.270361
11.622913
12.379360
11.623102
12.274299
11.620667
10.863724
12.287236
12.372481
11.707693
12.176701
11.345426
11.723980
11.670764
11.499915
11.639916
7.944086
12.255253
11.779970
12.239727
11.620855
11.975231
11.872852
11.458738
12.380831
11.797109
12.327543
12.416533
11.533386
11.517088
12.365414
7.572411
12.296095
12.121121
12.009771
12.443842
12.529774
10.773400
11.403162
13.457876
12.278023
11.713875
11.378956
12.205549
12.264155
11.465443
11.486907
11.647509
12.285547
12.419686
12.303135
.359150
.359150
8.630552
12.178824
11.779349
12.292464
11.402987
12.179117
11.925905
11.449134
12.000775
11.294117
12.425544
11.765050
12.678545
12.404116
12.256658
11.769283
12.195259
11.553770
12.322535
12.773562
11.278820
11.041512
11.415841
12.310074
11.998329
11.224997
11.828631
12.375123
12.178302
12.084362
11.425491
11.846746
12.094181
11.604844
11.630758
12.168382
12.272569
12.352418
12.307200
11.397494
12.397685
12.183965
11.811821
12.317992
12.321101
11.478749
12.299219
12.238749
8.379018
11.440490
11.819252
12.525846
12.101636
11.356340
13.000945
12.489168
8.527575
12.489168
8.527575
12.202172
12.279595
12.464628
12.292375
12.595941
11.548580
11.399944
11.620014
12.251992
12.311009
11.240788
12.326382
12.402685
11.666650
12.362137
.352668
11.417687
11.343550
11.343550
12.535016
8.655017
11.343550
12.535016
8.655017
12.625609
12.306892
11.715698
11.861423
11.452262
12.269710
12.853521
8.480266
12.853521
8.480266
12.507703
12.414676
11.587353
11.894758
12.113762
11.379433
12.448212
11.388858
12.031673
12.267372
11.595924
12.560969
12.277566
10.611042
11.089282
12.124380
11.264399
12.393938
11.875873
12.240188
12.178480
11.525384
12.270136
12.328271
.514353
12.361625
12.413479
12.288281
11.434481
13.718288
11.890659
11.939563
12.133752
11.409109
12.554275
5.385784
11.715970
5.385784
11.715970
11.727475
13.733348
12.116499
12.116499
8.194514
12.868011
11.527888
12.222149
12.927564
12.085280
12.285260
12.166328
12.068882
12.400697
11.875210
12.099370
12.350830
12.146460
11.613317
12.502152
11.896454
13.591710
12.047389
11.975035
11.668510
12.711198
11.614948
11.524855
12.494420
12.570988
12.508227
11.599551
12.117960
12.317872
12.348005
13.007359
.627657
12.304737
11.205644
8.426581
11.205644
8.426581
12.717371
12.407283
12.448030
11.682182
7.470682
11.682182
7.470682
12.237478
12.614223
11.742194
12.230804
8.167022
12.394122
12.495202
12.056336
12.448771
12.496052
12.042739
11.797186
12.239411
11.641372
11.470802
12.160227
12.280769
11.660497
10.889363
12.243473
12.117986
12.423896
11.581744
11.644124
12.080169
13.692705
12.636008
12.191337
11.869889
12.302163
12.215774
11.631119
12.495623
8.197674
12.495623
8.197674
11.791525
12.600170
.302367
12.203443
8.438923
12.041418
12.683454
12.471289
8.381045
12.179127
12.262877
12.205158
11.460376
11.755608
12.066990
12.213634
12.338758
10.218784
11.992131
12.327671
12.188783
11.917554
12.292675
12.311925
11.461595
12.285792
11.769094
12.215501
11.849102
12.248071
12.302785
12.792916
11.794668
11.397762
12.421746
10.383214
10.383214
8.210043
12.316573
11.455138
13.284653
11.964324
12.229430
11.399238
13.692297
12.307634
12.297554
11.554303
12.281285
12.125456
13.157093
11.809297
12.018810
12.372520
13.399136
411140
12.321945
12.375515
12.210855
11.547568
12.308857
12.339761
11.421804
11.783075
12.200485
11.638340
.354676
338350
12.278995
12.320776
11.559838
12.466584
12.222968
8.264309
12.468840
12.239983
12.314780
12.453157
12.355663
12.165665
10.840913
12.361158
12.630014
7.769143
12.138685
12.182544
309361
10.709808
12.333494
12.427868
12.335348
12.219062
12.360052
11.533097
12.613400
12.412874
13.695676
12.357390
12.222282
.362865
12.249252
12.901124
13.681961
11.351160
11.464664
12.104542
12.394295
.901871
12.194265
12.333805
12.294395
12.269916
12.330683
12.330683
16.695147
11.767009
13.441319
12.242246
12.165300
8.273720
13.940152
8.066430
12.626957
8.612479
8.612479
6.222298
12.192439
12.454754
12.415668
11.988166
13.646378
12.347812
11.817443
12.377543
12.391873
12.284986
12.204686
12.432199
12.602874
12.723671
13.809016
11.514638
6.975546
6.975546
11.681951
.787993
12.042725
7.597671
12.799447
12.418178
12.317116
12.223441
9.240952
11.722107
12.274979
13.258594
12.401662
12.339779
8.705453
12.245662
7.680028
9.484433
11.274335
12.181722
11.661575
12.377410
12.433510
12.541054
11.964743
11.473353
12.214673
11.615915
13.730773
8.701594
9.765689
13.706390
11.746996
11.669698
.264267
5.130846
5.130846
11.496236
11.679928
9.345943
9.930013
12.485685
9.067826
13.369590
8.534142
9.583452
8.019975
7.696293
11.967752
12.317599
8.830198
12.511235
12.206817
9.614373
12.389430
11.477297
9.439832
11.976387
.193590
12.595531
12.337369
11.016885
8.616127
7.839206
11.765568
11.429845
.653698
10.488599
12.336137
12.374737
13.813251
12.090516
12.090516
11.582456
12.282172
8.497923
8.687641
8.399422
13.415669
9.200334
7.098023
12.442675
9.305840
5.299139
5.299139
11.768310
9.546337
13.870855
12.019972
.298356
8.527681
12.094324
13.761363
12.233364
9.594366
9.061369
8.282309
12.528729
12.341130
12.293445
10.768802
9.192147
10.843403
9.020682
9.108266
9.199907
12.307610
13.758528
11.396013
8.670403
8.313003
11.256720
9.472636
11.725357
8.492324
11.193148
8.761942
10.124057
9.922929
5.157213
5.785632
11.815583
5.785632
11.815583
11.927960
12.322620
8.169175
12.322620
8.169175
11.548288
12.532273
8.749702
7.172477
11.579900
11.875378
11.812649
11.893905
9.073512
11.433362
11.523828
12.159085
11.475006
8.431156
9.018285
11.721562
11.420300
11.324552
10.155986
10.301710
8.529114
11.433174
7.805617
7.805617
11.747325
11.747325
12.219620
11.626811
11.614627
9.746539
11.344056
11.800406
.891514
11.185349
11.851555
12.312633
10.535151
6.598988
6.598988
7.988642
11.555811
12.143959
11.319635
8.364942
10.287721
11.581971
11.699303
12.504047
12.504047
9.917532
11.669169
11.191250
12.126748
13.616023
11.700782
11.895186
8.552214
11.611304
11.003090
9.077969
663302
663302
10.609038
8.376301
11.664333
12.052980
16.005090
16.005090
11.500216
12.367485
9.098269
12.338928
9.353723
12.075185
11.091783
11.440174
11.676296
11.448011
11.747335
11.269263
11.568728
11.854151
11.672822
12.253299
11.977546
11.899889
10.011452
12.353153
11.755962
12.301943
9.480941
12.353341
11.774478
11.997060
9.922146
11.602730
11.838914
11.446028
11.200437
7.388360
11.403254
12.424985
11.570338
12.167868
11.963713
11.557319
12.130145
14.149840
10.240893
11.804626
11.844703
11.603768
11.289238
13.659312
12.634270
11.461773
11.811728
11.688192
12.336867
11.489317
9.045671
9.686467
11.612730
12.078566
12.223979
11.452368
11.339653
12.340544
11.727163
12.473385
12.537466
12.294397
10.448145
11.775204
11.404111
11.271538
11.539294
11.921437
12.370925
11.378266
10.238675
12.243707
12.224220
12.224220
11.359941
11.842051
11.581279
11.394482
11.749055
12.461363
11.470131
11.655746
10.954515
10.388654
11.466390
11.817853
11.571190
11.613902
12.049938
11.737892
12.145631
10.619615
11.284906
10.724776
12.071014
11.484404
12.281418
10.930937
11.684656
12.406856
11.690470
12.222878
9.021668
11.381479
12.090527
11.505407
12.292299
11.156383
11.783204
12.165556
11.048214
12.394075
11.715286
8.397482
10.988202
9.574866
12.108658
11.855700
11.894209
11.781744
12.175074
12.265482
11.885872
11.219929
9.892141
11.522337
11.523946
11.891936
11.032252
12.168852
11.078430
12.099197
11.779729
12.038392
11.582650
11.540653
11.897708
11.705798
11.833921
11.654795
11.436714
10.633411
11.219368
11.996131
12.380515
11.517905
12.283877
12.223576
11.550676
11.802150
11.802150
12.307790
11.564374
12.219487
12.455676
12.297944
12.244967
12.058566
11.663146
11.623412
11.778035
12.316522
11.789749
12.021651
11.708895
11.372697
12.327095
11.951691
12.372286
12.250107
12.329498
12.135503
12.152773
9.825305
11.556476
11.683174
11.627031
12.358252
11.943618
11.760319
10.988850
10.958129
11.898864
12.434977
11.510429
11.434553
11.928163
12.517332
12.325301
10.547403
11.756344
11.465698
11.475504
11.336398
10.209103
11.704848
12.296075
11.378637
10.098537
11.686984
12.171051
11.686846
12.283545
12.060509
12.760717
11.476365
11.566034
12.008096
12.476275
11.569598
10.654100
12.437026
11.715838
11.874768
12.229665
11.567486
12.439782
9.606373
12.191693
11.673778
9.080621
11.706051
11.800754
12.428367
12.345138
12.282238
12.705141
11.901187
11.334869
11.957972
5.337731
11.056653
11.598465
11.539238
12.167414
12.313228
11.878619
12.295751
12.363704
11.455541
12.299658
11.756970
11.525817
11.629092
11.238096
10.159190
11.587028
11.771410
11.724107
12.098899
11.700252
12.452734
11.895137
12.433797
11.686701
11.535841
11.793288
11.959603
11.774764
11.892902
11.536444
11.976331
11.625499
11.353598
11.492688
11.436637
12.286155
11.659834
12.437944
11.903283
11.559528
12.335942
11.830814
11.548089
12.317457
11.440484
11.699445
12.483485
11.688728
11.693560
11.831946
12.124475
11.705108
11.572892
12.321473
11.778845
11.937339
12.425533
12.423331
11.363718
11.923361
11.894440
12.285287
11.549403
18.008455
8.812987
18.008455
8.812987
12.201905
12.290121
11.793186
10.512913
12.126781
12.291288
11.610018
12.272268
8.435939
12.213033
11.481235
11.536848
12.034192
12.523410
8.544925
11.075193
12.264979
11.825096
11.792594
10.441720
11.601124
12.276931
11.579430
12.039367
11.721721
12.440991
12.288014
11.539889
11.776230
11.604548
11.652295
11.606072
12.280973
12.350854
11.686153
11.607995
12.437403
11.888583
12.196300
12.361716
11.716071
12.368427
12.222046
12.451866
11.480860
11.317385
12.058435
12.357630
12.337385
12.011077
12.243469
11.081207
10.982116
10.947522
10.892644
11.570297
12.291078
12.288927
10.452591
11.918563
10.914865
11.804749
12.043541
11.428792
12.283805
12.309896
11.662501
11.457808
12.144237
11.473948
11.599228
12.460707
11.830150
12.304257
11.049453
12.335105
12.059903
12.150961
10.199511
11.768402
11.946932
12.213905
9.587644
11.666471
11.622326
12.306315
11.975872
12.199103
11.787909
11.753977
11.970165
12.213370
12.075971
11.532752
12.166193
12.461555
11.328341
12.497102
12.433703
11.365142
12.258060
12.290943
11.946442
12.102804
12.450406
10.352549
12.141888
11.943320
11.872564
10.567300
11.521498
11.167408
11.256484
11.639133
12.540206
11.421707
12.220725
11.511760
12.250215
9.030035
12.213859
12.199396
12.301972
11.046737
11.266154
11.540177
12.434191
12.204766
11.665978
11.730680
9.104912
12.224542
8.237681
9.049686
11.435113
12.460548
12.491553
12.238393
11.407775
12.291503
11.813149
12.531280
11.856299
11.674005
11.594807
11.344487
11.654743
11.685241
10.480351
10.351766
12.221269
12.093716
11.411318
12.410169
12.016338
11.948805
12.916764
11.466166
11.682536
12.343803
12.301685
12.834180
11.220544
11.773510
12.267417
12.470000
12.523407
11.419559
12.062980
11.799679
12.420785
11.629582
12.284966
11.918655
12.214023
12.207044
9.210037
9.536908
9.536908
11.828957
11.728316
12.176922
11.220170
12.320980
11.179153
11.594931
12.375710
11.683177
11.290672
12.216571
12.339299
11.630132
11.908739
11.327798
12.189912
11.446461
11.681176
12.255673
11.401740
12.151987
12.251090
11.434976
11.505480
12.246886
11.745032
12.272177
12.421838
12.349526
12.268554
11.473229
11.676945
11.674210
12.154282
12.075873
11.632310
11.574050
10.489555
10.475223
11.870302
12.295876
11.643137
12.240635
12.935186
11.854665
12.273026
11.437167
11.463434
9.967670
11.590597
12.338566
12.272722
12.322738
12.227987
11.710883
11.842189
11.761463
11.650220
12.314835
11.685171
11.773839
11.414965
12.347285
11.566350
12.354522
11.653171
11.709523
12.567930
11.378549
10.135962
11.451327
11.398782
10.724896
11.574714
12.255298
11.365418
12.232933
8.773731
12.033348
13.759959
11.736571
11.338770
11.613941
12.255113
11.406406
12.311279
12.636241
11.403158
12.830202
12.256664
12.349618
12.395460
11.831593
11.382216
11.793694
12.272650
10.050942
12.164406
13.446928
12.226502
11.704963
11.457848
10.474098
11.426753
11.286060
12.218768
12.175319
12.350725
11.577898
11.669568
12.219806
12.305970
11.708205
12.350124
11.639348
11.020803
12.455763
12.283876
12.022064
12.314713
11.811048
12.655869
12.434950
11.682296
12.014560
12.216230
12.248577
11.388750
11.726400
12.253928
12.241028
12.193637
11.156210
11.735246
12.291071
9.525400
11.704811
11.648717
12.095792
10.089732
12.172861
11.914321
12.279826
11.693652
12.259371
11.395759
12.290683
12.415899
12.394160
12.354073
11.839243
9.161225
11.698743
11.873628
11.627438
11.644821
11.707575
12.003217
12.276871
11.846024
12.391153
12.204577
11.678213
11.141280
10.137739
8.167857
13.140372
11.797983
12.238800
11.786780
12.291725
12.189846
12.384351
11.662888
12.302939
12.329732
12.351206
12.603715
13.106973
12.388052
12.346838
12.534492
10.813073
12.329401
11.365293
11.624478
12.201938
11.681903
12.358960
12.105096
11.623657
11.096378
11.591201
12.219733
12.455046
11.931431
12.080435
12.286241
11.594475
13.658775
12.240954
12.317882
12.159947
11.489219
11.847021
12.396670
12.322102
11.341396
12.322451
12.953233
11.388784
11.585905
12.269286
11.719436
11.570407
11.304251
12.052660
11.689163
12.154123
11.625073
11.250333
12.065596
12.246862
11.380936
11.474576
12.269483
10.004327
11.794503
13.223362
12.336412
11.701198
12.102084
10.621881
12.490427
12.036420
12.229105
11.357717
11.751517
12.389207
11.596187
11.476498
11.691574
12.379421
11.568645
10.605949
17.334684
17.334684
11.563915
11.682829
10.347423
9.410554
13.694504
13.694504
12.166131
12.304976
11.963013
11.339422
11.568686
17.946778
17.946778
12.234129
12.409692
11.377423
12.034906
12.326249
12.212195
11.600094
12.217889
12.903851
11.430849
12.340067
13.631404
13.528994
11.666458
11.437027
12.287248
12.355546
11.939965
11.935494
12.574195
12.385280
9.480261
11.042047
12.331511
9.431227
11.609611
12.163725
12.296018
12.401550
11.673399
12.326513
9.891039
12.796483
11.498222
9.842919
7.070117
12.131041
11.955513
11.779778
11.629461
12.382200
11.582087
10.574399
11.466730
12.351866
11.708281
12.333235
11.701123
11.732123
10.244540
12.752151
11.784255
12.281440
11.464769
11.807135
12.488592
11.793892
11.552564
11.685601
11.777262
11.519168
12.463398
12.210510
12.045582
11.657969
11.695150
12.142660
11.961470
12.055410
11.132548
11.668407
11.854276
12.317243
11.689580
11.881785
11.453518
10.837953
11.883441
12.425362
11.556193
11.677723
12.437351
12.251164
11.301499
11.545941
11.196667
12.255833
12.338768
11.237886
11.896301
12.434418
12.362569
11.201364
11.493341
11.625590
11.602707
12.547504
13.730748
13.170664
12.250424
11.240564
11.245503
12.511676
12.453768
12.020991
11.570570
12.216911
11.774458
11.412978
11.719324
12.346670
11.388144
12.272549
12.438362
12.450825
11.493759
11.877334
9.392213
11.745775
12.271402
11.569061
11.569061
11.694434
12.058862
12.323152
11.211186
12.173113
8.524741
12.281952
12.302876
12.285890
12.306140
12.417287
11.551364
11.255615
11.467241
11.971490
11.576300
10.298923
11.487882
12.083069
12.396951
12.302398
11.843644
11.450792
11.293947
12.361769
13.223190
12.432699
12.247692
11.095215
11.368193
12.254692
11.710870
11.803887
11.770006
12.068956
12.192152
12.004415
11.740611
11.966490
12.309983
11.479856
12.131842
11.404011
11.502264
12.419800
11.172406
12.392117
12.461345
11.712386
12.310668
11.782455
11.896043
12.371497
10.409547
12.926661
12.291623
11.790362
13.542005
12.017460
11.749532
12.528770
12.388189
12.256092
12.290342
12.262319
11.661005
11.221050
11.556193
12.225505
11.786604
12.214873
12.123136
11.495860
11.742094
11.476692
11.729772
11.736075
11.173405
10.861281
11.429155
12.314583
11.860501
12.309893
10.094506
7.969133
11.952580
11.818108
12.327368
12.305326
10.051569
12.304174
12.569646
12.409599
12.089779
12.089779
5.316496
12.221792
12.123720
10.121282
11.594290
12.368058
11.132205
12.350670
11.642048
11.402358
12.364297
12.293364
12.234048
12.915979
11.587111
7.816296
12.233257
12.302574
12.285312
12.012976
10.833049
12.708012
11.576923
13.003287
11.900451
11.479639
12.287914
12.509654
12.323557
11.384870
12.363699
11.692449
11.530258
12.326799
11.297671
12.315300
12.126191
12.062877
12.286489
12.304123
11.194475
12.094849
12.008227
12.246669
11.946392
13.433888
12.304926
11.328377
10.811195
11.004981
12.460732
11.999262
11.809773
12.369092
11.849867
12.339733
12.323794
12.164222
12.174248
11.888137
11.652291
12.018226
11.928196
12.406413
13.435045
12.235920
11.266700
11.549093
10.986972
11.529561
12.324688
12.182200
11.862457
11.724999
11.039033
11.875042
9.424755
12.226531
12.509581
11.582682
12.329099
11.759873
12.179582
12.198863
12.255510
12.451968
12.605643
11.806007
9.267571
11.305366
11.129377
11.608465
11.403344
12.353606
12.182506
12.211010
11.615719
11.175451
11.371662
11.715294
12.394043
11.674217
11.611714
12.075090
11.410632
11.590565
12.265856
11.726373
11.641549
11.785983
11.425644
12.314943
11.552809
12.079797
12.030514
11.534613
11.715406
12.104186
12.357876
11.063900
12.264050
11.752669
8.129640
11.711532
12.186071
11.056556
11.784028
11.637170
11.619784
12.005437
12.153133
11.157193
12.562192
9.421713
12.257426
11.418565
12.027730
12.457741
12.244809
11.044405
11.925347
12.256422
10.918792
13.797887
12.361330
11.626855
12.241500
11.529601
11.852225
12.432683
12.050266
13.119918
11.359757
12.190476
13.022671
11.694923
13.734011
11.230500
11.665461
10.416123
11.558896
11.632329
9.784301
11.422787
12.164486
12.251578
11.861076
11.335173
11.636066
12.253077
12.238284
11.133403
12.322298
12.490699
11.922232
11.638402
11.645980
12.229069
11.971813
10.939069
11.481892
13.674551
11.736266
11.075629
12.371490
11.537866
11.665835
8.367393
11.095097
10.680644
11.737688
5.448450
11.737688
5.448450
11.893709
12.288250
9.561018
11.594486
13.210695
11.842785
13.696437
11.762963
12.216815
11.771519
10.179900
11.872656
11.990792
12.084121
11.562416
11.677133
12.460636
11.392145
12.258630
12.303659
11.832874
11.862184
12.220171
12.295481
12.249227
12.444716
12.389792
12.247750
12.132429
12.258346
11.202938
12.379752
11.702757
11.928426
9.325263
9.270100
11.877720
12.343199
11.245615
12.720234
12.257737
12.459219
12.220120
11.460677
11.913096
12.744891
12.204816
12.301857
11.903126
12.297194
11.814963
12.266823
10.477922
12.285425
10.216979
11.948184
12.381743
11.828802
11.857059
12.278007
12.418448
11.652074
11.778323
12.202114
9.645224
7.806193
11.533994
11.862733
12.100972
11.684038
11.524389
13.686347
12.230393
12.096744
12.863153
12.267010
12.268128
11.321622
12.963415
11.302569
12.205954
11.501883
12.340311
11.753716
12.329150
12.208087
12.743110
11.949376
12.099846
12.524828
12.348667
11.784960
12.294311
11.939862
11.706757
12.321166
12.499621
11.636498
11.764161
11.606478
11.927972
11.354289
11.494190
12.009035
12.017294
11.542652
11.542652
12.212783
12.358655
12.271304
13.456402
13.748528
10.252482
12.230097
12.073166
11.127653
11.782975
12.254634
11.699213
12.385178
12.249628
12.490991
11.460243
12.166288
11.626740
12.330072
11.751677
11.475340
10.965149
12.240775
11.826320
11.640491
11.822653
12.181067
11.379169
12.252293
11.023329
12.182068
11.603691
10.682759
11.939389
11.557923
11.706122
11.793413
12.483233
12.354466
11.597980
11.969396
10.578524
12.096393
13.956313
11.819276
12.366018
12.302378
11.761832
11.727592
11.988322
12.065687
12.182448
11.167169
11.503205
11.956834
12.010316
10.025305
9.463103
12.875378
10.724757
12.243957
10.159772
11.749516
12.299283
12.308443
12.420589
12.538991
11.520050
11.457980
12.351357
12.854454
10.948689
12.199995
12.382609
11.997453
12.314442
12.293709
12.205511
12.224847
12.290954
12.342065
12.017796
9.267052
12.361446
12.383975
12.108743
11.619026
11.798501
12.246845
12.433450
12.374048
9.834318
12.302855
11.458331
12.267045
13.506432
11.395677
11.205898
11.776473
11.969816
11.706122
11.825039
12.357959
12.359465
11.492901
11.860854
12.757303
11.793370
12.398270
11.491044
11.572963
11.419633
11.560667
12.337204
11.769033
12.252409
11.518001
11.340300
12.288256
12.328722
11.393073
12.187057
12.278738
11.039536
12.194291
12.195879
11.355885
11.467796
11.602587
12.076183
12.387648
11.999720
11.548717
12.434714
11.718472
12.128423
11.504842
12.248194
11.113331
12.484342
12.429293
12.207895
11.270057
12.041630
11.823709
8.179491
12.218376
11.666634
11.777789
12.413994
12.337737
12.082439
12.700092
12.475965
11.868323
10.324500
12.208691
12.263418
11.204374
10.121014
11.720380
10.894118
11.271877
12.043433
10.652485
12.412765
12.338387
12.218658
12.202481
12.386248
8.936684
11.526091
11.760615
11.385793
11.421085
12.195105
9.122315
11.605804
13.060413
10.823292
12.237957
13.044296
11.719516
12.245723
12.205923
9.636447
11.794463
11.585386
11.503812
11.782837
11.754165
11.050828
12.289834
10.691925
12.796278
12.587725
11.478847
12.216816
12.253712
11.257225
12.203425
11.459160
11.426888
12.186510
12.241524
12.047234
11.542398
12.283148
12.218640
14.747808
9.011965
11.751193
12.446282
12.356007
12.486823
11.873455
11.622791
12.022672
9.518751
11.622998
11.418172
11.778310
11.600051
11.702062
12.453973
12.154771
10.086426
12.235211
12.065626
12.130176
12.391983
11.787696
11.240279
11.705240
11.717708
12.313106
11.673614
10.059480
12.352114
12.411038
11.825937
12.346832
9.912334
13.341560
11.203641
9.681190
13.488677
11.595416
12.595810
11.663303
10.143820
11.504985
13.876658
11.960582
12.269956
11.912085
10.090574
11.929739
11.675739
11.461350
11.851825
12.269645
11.423240
12.162629
11.687236
11.684344
10.422582
13.730017
12.079409
12.326589
12.283356
11.378318
10.938181
13.006786
11.384777
11.125956
12.507698
11.647348
9.568154
11.631355
12.297012
12.244965
11.826078
11.696582
11.674893
11.760621
12.264092
13.302396
11.935633
12.154627
12.437285
12.394952
11.821668
12.280153
10.788574
12.274446
11.654181
12.243837
11.556800
12.296875
12.981111
11.558373
11.367406
11.075562
12.248772
12.347508
11.910208
12.074638
12.466368
11.352699
12.260339
12.420818
11.913998
11.842229
12.297101
11.649382
12.331393
12.286801
11.235660
12.267938
12.243489
11.385173
12.146404
11.892112
11.194788
11.326457
11.936990
12.768373
11.859424
11.897982
12.340397
13.237038
12.362964
11.751883
12.524677
11.544416
11.808061
11.976237
11.984319
12.222565
11.766010
12.394215
11.681943
11.554611
11.678206
11.592389
12.305071
11.069185
11.461442
12.405354
12.356801
12.135283
12.983705
11.619238
12.232008
11.979937
12.005780
12.312110
10.836663
11.713072
11.368580
12.399013
11.617688
12.322642
11.843291
10.979960
11.887006
12.640532
10.850571
12.292272
12.145389
12.313673
12.399901
12.282045
11.751017
10.484990
11.433188
11.802718
11.611755
12.996909
11.969472
11.922770
16.864654
11.831562
8.125019
13.673280
11.615094
12.253407
12.694160
11.423163
12.287319
12.287319
12.079464
11.660475
12.254164
12.502987
11.386433
11.197502
12.169909
11.922858
12.226616
12.044529
9.178012
11.631209
10.076237
12.100666
11.329008
11.372952
12.533581
13.603413
11.620319
11.807018
12.235485
12.339450
12.263547
11.904346
11.413359
12.238069
12.126340
12.213151
12.279967
12.042318
11.730251
11.659184
12.183356
12.013433
12.463902
12.407284
12.329070
12.349469
11.709602
12.037668
12.376876
11.253802
12.478076
12.243658
11.781347
12.250980
12.176300
11.620153
11.574089
12.266180
11.631124
11.670920
12.379252
11.343020
15.014929
11.770254
12.032967
11.699438
12.432215
11.829596
11.743025
10.300550
12.587587
11.981469
12.212313
12.242646
12.240589
11.329830
11.692935
12.004199
8.192535
9.893499
12.396477
11.857360
9.376367
12.157871
11.639623
11.562041
12.351508
11.777566
11.734439
11.490429
12.303769
11.644045
11.427204
11.644070
11.073364
10.021392
11.395460
12.203082
12.294137
12.202592
11.746650
12.258736
11.675180
11.467695
12.272874
12.454247
10.441437
11.721938
13.221913
11.900985
12.567056
11.425064
12.367872
9.488311
12.527619
12.144769
11.461706
11.747983
12.365761
11.860525
11.745808
10.929024
12.283820
11.563460
10.334743
11.971370
12.655144
12.316458
12.138832
13.420974
11.728621
11.854538
11.040880
12.227368
12.406122
13.649551
12.374796
11.518307
11.260003
12.427159
11.997042
10.909977
11.900913
11.696712
11.722341
11.561733
12.706050
11.552824
11.509069
10.758559
12.279775
11.555057
12.340626
11.355677
11.757195
12.370070
12.166496
11.262277
10.281426
12.194806
12.197870
12.200258
12.957866
11.601472
12.391616
12.061657
11.923111
13.727109
12.523729
10.015943
11.691656
12.212683
11.520767
11.519793
12.295021
12.232742
11.478606
11.642930
13.437958
11.174094
12.172895
12.490633
11.380736
12.200614
11.541110
12.246076
10.863715
11.432629
11.383816
12.294298
11.321353
12.395225
11.279773
11.680569
11.888773
11.662465
12.278074
9.882829
12.287853
10.891825
11.459035
11.379659
12.472915
11.495034
13.793627
11.605830
11.874808
12.322331
12.429011
12.467590
12.246282
11.229455
12.228487
11.043861
11.876186
12.088546
13.012818
12.119997
11.889306
12.510096
12.235106
11.266398
11.869589
11.602820
11.760306
12.228775
12.295984
12.175813
12.261244
12.136322
12.279370
10.170035
11.246567
11.645959
10.259713
11.765873
11.528100
11.953454
12.387073
11.204315
11.987313
12.608716
12.299940
12.153628
12.230395
11.158635
11.633957
12.266853
13.639632
11.610868
12.394108
12.613083
11.597430
9.800982
11.567119
12.095179
12.245147
13.717471
11.883534
9.247372
11.809927
11.399147
12.448236
12.524193
11.722275
11.905407
12.534531
11.701964
12.097135
13.799262
12.308138
12.337144
11.075924
11.717141
12.166946
13.446554
12.196427
12.430705
16.776144
11.516804
11.709533
11.713982
12.212788
11.978261
11.068067
7.709386
12.214262
9.828892
12.562202
12.111548
11.338504
12.257714
12.289451
12.299017
11.864724
12.612669
12.370673
11.883155
12.169926
12.047137
12.424779
12.254357
12.172042
11.917171
12.192752
11.972573
12.254884
11.499318
11.428696
10.575921
12.029594
11.820467
12.386177
10.825606
12.161920
12.416207
11.442749
12.225293
12.297219
12.323545
11.652484
11.753054
11.869153
12.285900
12.393644
11.641760
11.437241
11.938008
12.342364
12.222592
12.409660
11.651278
12.404288
12.372872
12.461921
12.068223
11.409738
11.366415
12.305549
11.757569
10.743490
12.334702
11.732950
11.507162
12.364173
11.666220
12.235691
11.715561
11.599451
12.679993
11.474895
12.235855
12.169558
10.797059
11.463074
11.880805
11.493402
12.489873
12.278904
11.486379
12.108857
11.742024
12.194170
12.406994
12.367136
10.567641
8.104172
12.988542
10.852094
12.435467
12.238499
11.563484
12.217083
12.078046
12.337252
11.889569
12.160294
12.373049
12.396178
12.106575
12.149920
8.820494
12.131232
12.143199
11.465084
13.164912
12.060934
11.537020
12.187619
11.802049
12.146164
12.146164
12.148073
12.398557
12.182101
12.028284
11.646711
11.757297
12.185192
12.042090
11.798377
10.589903
11.540862
12.119282
11.462656
8.075588
12.311276
13.770676
12.326067
12.160441
12.272766
11.633837
11.532578
12.220759
11.831046
8.176827
11.578034
12.029281
11.662510
12.211159
8.147869
11.462244
12.317812
12.357681
11.865782
10.646149
12.270085
9.060135
9.060135
6.293057
12.473816
13.298425
9.019169
10.536640
11.588532
11.331653
11.244669
11.918104
11.447977
12.225992
11.774090
12.252539
11.953851
11.427289
12.288364
11.530508
12.312683
11.300224
12.382162
13.497872
12.892837
11.407974
12.091462
11.568348
12.187114
11.748203
12.576133
12.150589
11.874182
12.247386
11.317369
12.337161
12.096482
11.401371
12.226104
11.630822
12.490098
12.186271
12.372580
11.667360
11.316795
12.351008
11.597042
10.321549
12.163260
11.585749
11.968659
12.380796
11.198108
12.415374
11.799960
11.467331
11.576329
12.259173
11.868313
11.283134
12.229585
11.767378
10.000178
11.931379
11.661631
12.262836
11.256783
11.708870
8.725075
12.042640
12.805481
11.518113
12.312441
11.357434
11.999650
11.603524
12.205867
16.464517
12.453916
12.060650
11.841425
11.565401
12.247938
12.247938
8.191694
11.797078
12.488208
11.620868
12.277739
11.761204
11.487232
11.791991
12.220179
11.447664
10.749494
11.592209
12.629185
10.400296
12.014041
11.532643
12.609588
11.798843
11.228630
12.331521
11.510986
12.420635
12.106153
12.309938
11.479350
8.051828
11.512904
11.901069
12.316272
12.104919
11.490658
12.072316
12.271992
12.089493
11.888345
11.803160
12.145107
11.394661
12.120490
11.651652
12.287504
12.242823
11.023703
13.388257
11.583916
12.272822
11.423835
11.629786
12.443264
11.610342
11.775722
12.059323
11.287657
8.307087
8.307087
6.021583
12.303296
12.408363
11.459857
11.735950
12.246268
11.678766
12.348614
11.494142
9.633667
11.740746
11.746753
12.303368
11.619758
12.292584
12.467635
12.070775
11.785105
12.309861
12.287210
12.973309
12.162057
10.845989
11.830057
12.460301
12.032962
11.567672
11.864909
12.034315
12.461453
12.032261
11.502677
13.595657
11.635924
12.248756
12.160108
11.685458
12.255924
11.481678
12.504184
11.718704
9.567400
12.474852
11.710233
12.289487
11.386215
11.271452
13.706937
11.506117
12.247830
.877617
10.894994
12.123508
11.436788
12.429127
12.370640
11.673260
11.713549
12.350088
11.761272
11.431164
12.163366
11.316420
13.666733
12.747087
11.505123
12.303171
11.508962
11.482912
12.371138
12.349389
11.316497
11.633443
12.257847
11.591499
11.795618
12.405957
12.351978
12.327863
12.185737
11.313362
12.659566
11.511798
12.375523
12.037752
12.392150
11.195274
11.504413
8.364531
12.361256
12.094152
12.370748
11.416893
12.267361
12.245098
12.088526
10.000051
11.405166
11.399413
12.288730
12.027183
11.578539
12.155102
12.473444
11.803847
13.560605
11.608565
12.303854
12.231134
11.679008
11.440700
12.234788
13.741964
12.310439
11.606063
11.682987
12.693502
11.665920
11.487971
12.375082
11.315934
12.357816
12.261250
11.325393
13.372521
11.718538
12.273139
11.813888
11.376193
.352288
11.493307
11.301152
12.270807
12.032418
11.915232
10.693966
12.644542
8.836212
11.882610
11.798119
11.818529
11.829362
13.473755
11.643960
12.050178
11.615669
12.159296
12.058867
12.206214
11.647768
10.529814
11.659084
12.282635
11.851635
11.367184
11.486924
11.726951
12.425173
12.030076
12.664864
13.232244
11.214762
12.270840
12.350374
12.290129
11.266254
12.385866
11.383272
11.693690
13.620008
9.258949
8.987558
11.682355
11.702744
13.587695
11.475640
12.483840
11.797791
10.866977
12.266545
12.124343
11.487805
12.304293
11.486543
12.382709
12.073071
11.452757
12.204712
11.062706
12.212636
10.846171
11.658546
12.088991
11.653629
11.670325
11.230496
12.268493
11.953176
12.369975
12.369975
11.829418
11.784048
10.266961
12.874218
12.224794
11.678693
12.481369
11.173511
12.170867
11.051212
12.597246
11.383138
11.722993
12.361720
11.940709
12.265713
11.309288
11.822520
12.222746
12.268248
12.409557
9.003350
10.818869
13.276463
11.494135
11.836710
12.432812
12.172055
12.301216
11.284293
6.581485
12.291515
12.132059
11.831736
11.525887
12.132325
12.337279
11.718854
12.706111
12.300000
11.483642
12.228162
11.476939
11.466797
11.806656
11.014908
11.625576
11.614219
8.472586
12.163615
11.173235
12.363684
11.328870
10.984250
12.598300
11.640527
12.577313
11.898068
12.206273
11.281708
8.001917
13.563524
12.267947
8.071128
11.517979
11.195252
12.295036
11.461328
13.556418
12.161347
12.503022
10.500177
11.231012
13.677347
12.300101
11.342785
12.226397
11.575097
11.571825
9.760338
11.823728
12.556234
11.148863
12.506779
11.717074
11.466612
11.500308
11.427341
12.249080
12.337128
12.337128
6.664702
11.742485
12.220453
11.458953
12.263943
12.056991
13.749914
11.615081
11.019358
12.123243
10.963081
11.845909
6.810154
11.539581
12.369337
11.525668
12.325143
12.496862
12.377765
12.237657
10.186443
12.194702
11.112590
12.200103
11.851015
12.312948
11.468753
12.278363
12.124270
12.484203
12.205571
11.956408
12.586228
11.825050
11.298617
11.999383
11.983724
12.427088
11.835484
11.709941
12.328973
11.829837
8.656609
11.610329
11.601829
12.497643
12.546755
11.753649
12.287492
12.214439
11.680287
12.238370
11.280118
12.256139
11.390861
12.162192
12.231788
12.250248
11.468140
10.559853
11.670493
11.670493
9.749987
11.639797
12.167265
11.849103
12.300554
11.814721
10.965245
11.874956
11.248135
11.438164
10.614335
13.108935
11.576903
11.570207
9.416816
11.599531
13.357904
12.309828
12.098806
10.051308
5.145606
12.191234
9.479948
12.298697
10.866316
11.969110
12.179523
12.190998
10.987788
12.248488
12.423635
11.765185
11.443548
11.443548
12.216784
