4.913910
4.913910
5.685337
5.661612
5.380457
5.380457
5.435252
5.435252
5.480265
4.897776
5.625260
5.625260
5.260139
5.260139
5.547228
5.547228
4.856706
5.150580
4.842339
5.466706
5.466706
5.805948
5.534364
5.534364
4.828972
4.828972
5.831256
4.817925
5.375714
5.035003
5.035003
5.035003
6.111075
5.579564
5.579564
4.897445
4.827101
4.827101
7.370971
7.370971
5.224204
5.167103
5.167103
5.500796
5.480063
5.480063
5.128511
5.359940
5.775294
5.205745
4.994415
5.067406
5.649362
5.649362
5.122203
4.820970
10.560711
6.182811
4.817346
4.817346
5.185764
5.185764
4.952695
4.952695
4.952695
4.952695
4.963291
4.963291
5.686455
5.686455
5.549844
5.549844
4.962972
4.962972
4.900895
4.900895
4.900895
5.027030
5.589579
5.589579
4.912975
5.060584
5.060584
5.128588
5.128588
5.819054
5.504746
5.504746
5.713480
4.894228
4.894228
5.506585
5.506585
5.627241
5.334539
4.906047
4.906047
4.784951
4.784951
5.680217
4.950933
6.901976
6.901976
4.894213
5.074424
4.925202
4.977622
4.977622
5.581266
5.342216
5.342216
4.937733
4.820172
4.820172
5.645779
5.292450
4.969793
5.917744
5.773303
5.773303
5.193904
5.193904
5.528180
5.528180
5.784105
5.784105
4.888564
5.563748
5.563748
4.914631
4.914631
5.406438
4.961828
5.412721
5.412721
7.961807
5.586256
5.586256
5.547386
5.547386
5.547386
5.125960
5.504348
5.504348
5.504348
4.927754
4.910916
4.910916
4.910916
5.300519
5.300519
6.859191
6.859191
4.872345
4.872345
4.779972
5.141826
5.141826
5.141826
4.918177
5.424155
5.293213
5.293213
5.464537
5.547701
5.257631
5.480969
5.596926
5.596926
4.932382
4.932382
4.932382
5.482228
5.482228
7.714716
7.422771
4.911544
4.911544
.987025
.987025
.987025
5.000495
5.000495
4.849048
5.278932
5.278932
4.867284
4.867284
4.875371
5.311533
5.573626
5.573626
6.973985
6.973985
5.593597
5.593597
4.820543
5.357321
4.986047
5.367450
5.651183
4.842635
5.646546
5.646546
5.064196
5.782732
5.332032
5.787031
5.500983
5.881778
4.963522
4.963522
4.871569
4.927042
4.927042
5.990430
4.933562
44.933562
4.933562
4.983334
4.983334
4.959154
5.469250
4.840847
4.840847
5.722261
4.969604
4.924344
5.340025
5.340025
4.835177
5.521162
5.521162
5.202882
5.547995
5.547995
4.903644
4.903644
4.903644
5.770549
5.701572
5.701572
5.437276
5.437276
8.202724
5.139926
5.139926
4.872633
4.872633
5.529727
5.529727
5.526556
4.799595
5.589178
5.683918
4.988138
4.988138
5.660312
5.660312
5.874882
5.874882
7.406171
4.775286
4.916638
4.916638
4.789914
4.789914
5.305381
5.305381
5.305381
6.785781
6.504144
4.930990
4.930990
4.835032
4.835032
5.923813
5.923813
5.923813
5.736938
5.845290
4.880237
4.880237
5.704492
5.754089
5.605038
5.605038
5.718775
5.718775
5.718775
5.560267
7.380626
7.380626
7.380626
5.273183
4.898313
7.501153
5.788475
5.288034
5.288034
5.569767
5.357647
5.897378
5.897378
5.897378
7.740486
7.740486
7.740486
7.740486
4.926251
4.703250
4.703250
7.066119
4.938355
4.938355
4.938355
5.502238
6.496188
6.496188
5.562065
5.562065
5.468536
5.569627
5.409744
5.409744
5.499464
5.099495
5.307473
4.808569
4.841629
4.841629
5.475984
8.120732
8.120732
4.875967
9.573605
5.004778
5.004778
5.276143
5.592098
5.592098
5.592098
5.023405
5.023405
5.057856
4.965960
4.889984
5.587059
5.275906
4.914594
4.914594
4.914594
4.871566
6.815679
4.830064
5.113762
5.598510
5.598510
5.217985
5.545808
5.551734
5.551734
5.290443
5.667684
5.667684
5.417683
5.410547
5.410547
.307677
.307677
4.792359
4.792359
4.931290
5.009604
5.009604
5.876830
5.876830
5.624751
6.719912
4.997286
4.997286
5.534942
5.326905
5.747625
7.524991
7.524991
7.524991
7.524991
5.171495
5.171495
4.858611
5.205525
5.413293
5.413293
5.472516
5.784437
5.423194
5.423194
5.461367
5.514027
5.671665
5.104803
5.104803
5.740485
5.546200
5.546200
5.092352
5.092352
4.781578
4.781578
5.388663
5.078057
5.078057
4.817585
4.829513
5.014934
4.869718
4.869718
4.869718
4.869718
4.911626
4.773816
5.392282
5.392282
8.131317
8.131317
4.795116
4.795116
5.114178
4.942106
4.942106
4.942106
5.274610
4.772996
5.426246
4.741740
4.947664
5.399322
5.541799
5.496955
5.093248
5.093248
4.904253
4.901442
4.754626
5.100852
5.100852
5.430308
5.680263
5.329319
5.308293
5.164111
5.164111
5.014713
4.921332
4.921332
5.561187
4.878386
5.078015
4.797724
5.300849
5.300849
5.300849
5.300849
4.860040
5.987251
5.987251
5.987251
5.987251
4.869167
4.869167
5.259502
4.810586
4.810586
4.810586
4.835610
4.835610
5.053692
5.053692
5.571658
5.571658
4.841548
5.389154
5.389154
5.337715
4.866705
5.448683
5.448683
5.369450
4.824303
4.824303
7.316589
5.557385
7.403901
4.916931
4.916931
6.057532
5.544360
5.544360
5.319282
5.319282
4.915207
4.915207
.944717
4.869006
4.869006
5.643481
6.318256
5.643481
5.687726
5.687726
4.812856
5.337280
4.911245
4.916288
4.916288
4.916288
4.916288
5.340067
5.304058
4.906128
4.906128
5.578611
5.429721
5.429721
5.574112
4.828769
5.105669
5.105669
5.105669
5.402825
5.402825
5.402825
4.937842
4.792373
12.161529
12.161529
12.161529
4.980443
4.980443
5.511194
5.178536
5.210640
4.895357
4.895357
4.895357
4.883479
4.883479
5.457814
5.457814
4.794000
4.891425
4.891425
4.891425
4.855858
5.441119
4.810484
4.810484
5.675297
5.624889
5.072134
5.359539
5.359539
4.956792
4.956792
5.491974
5.491974
5.194174
5.822520
5.682010
4.944240
5.306909
5.306909
5.306909
4.910001
5.621348
5.621348
4.970335
5.261397
5.261397
5.261397
5.261397
7.020305
4.864005
4.864005
4.864005
4.915731
4.915731
4.915731
4.892401
4.821010
4.821010
4.885237
4.885237
4.915430
5.395479
5.099503
5.099503
5.404861
5.110375
5.110375
5.510726
5.510726
5.548864
5.640971
5.640971
6.295737
4.924930
4.924930
5.587497
5.587497
5.587497
.478082
.478082
.478082
4.888002
5.509032
4.748674
5.466405
4.918721
4.918721
5.352961
4.833994
4.833994
5.034067
4.997279
4.997279
4.856420
4.764456
4.764456
4.988719
4.861155
4.861155
4.861155
5.036301
5.036301
5.036301
4.879020
5.384033
5.253420
4.881709
4.881709
5.407723
5.407723
5.022275
5.022275
5.023291
5.023291
4.836979
5.474134
4.898865
4.898865
5.404233
5.255154
5.255154
4.719181
4.719181
5.018181
5.485186
5.485186
4.862041
6.793305
6.793305
5.291631
5.291631
4.952960
5.230013
5.230013
4.855660
4.855660
7.491207
5.871112
4.796117
4.796117
5.003059
4.844605
5.308322
5.308322
6.010373
8.151567
5.419285
5.419285
5.299253
5.451227
5.451227
5.718436
5.765880
5.765880
5.763089
5.763089
5.563164
5.563164
5.563164
5.061986
5.061986
7.634867
5.503563
5.503563
5.267913
5.267913
6.371215
6.371215
6.371215
5.025618
5.025618
4.878533
5.068753
5.068753
5.068753
4.975220
4.924958
5.006541
5.035110
5.035110
5.036971
5.036971
5.351863
5.351863
7.682848
5.023264
5.023264
5.334093
5.177734
5.654786
5.654786
5.816854
4.936850
4.936850
5.638018
5.226955
4.847738
4.807663
4.807663
4.807663
5.012275
5.059392
5.059392
4.961845
4.961845
6.510108
6.510108
6.510108
4.957125
5.003504
5.060718
4.967862
4.967862
4.967862
4.967862
9.148434
9.148434
6.867207
5.054293
4.834398
5.383809
5.383809
5.383809
7.149582
5.288794
5.481939
5.481939
5.481994
5.435496
5.435496
5.435496
4.709452
4.709452
4.709452
4.968815
5.725694
5.352582
5.356058
5.580019
5.015105
5.015105
5.015105
5.015105
5.347775
4.765526
5.754306
5.754306
5.051028
5.051028
7.663552
7.663552
7.663552
5.636461
5.636461
4.887052
4.730590
4.730590
4.889492
4.889492
4.865754
4.831110
4.920036
4.920036
4.920036
5.309221
5.318617
5.862707
5.239117
5.239117
8.119078
8.119078
5.563917
5.538469
5.538469
5.825308
5.086892
5.086892
6.539889
6.539889
7.883433
5.688325
5.359881
6.083251
6.083251
5.069890
4.922619
4.922619
4.922619
8.278396
6.519944
5.705998
5.024694
5.024694
5.024694
5.024694
5.157625
5.157625
4.795765
5.119504
5.119504
5.323718
5.323718
10.047965
5.980115
5.980115
5.695269
5.554833
5.554833
5.549358
5.739574
5.301991
5.301991
5.564397
5.564397
5.640810
5.568704
5.568704
5.240110
5.240110
5.110666
4.905564
5.162923
5.162923
5.567829
5.567829
5.013709
5.414406
5.250198
5.250198
5.250198
5.412854
5.412854
6.084472
6.084472
5.198629
5.743840
6.490695
4.971433
5.777587
5.777587
5.777587
5.777587
5.013979
5.013979
5.013979
4.938094
4.938094
5.539692
5.000637
5.000637
5.183856
5.183856
5.514933
5.531119
5.531119
5.531119
4.918015
4.887116
4.887116
8.158364
8.158364
5.534892
5.534892
4.716365
5.903557
5.246332
5.246332
6.958844
5.270046
6.651823
6.651823
6.651823
5.845188
11.293329
11.293329
6.789920
6.789920
6.789920
5.058072
5.058072
5.997820
5.997820
6.362081
6.362081
7.913812
5.563453
5.772485
5.772485
5.627754
5.627754
5.364962
5.564803
5.079658
5.534510
4.937987
8.236829
5.867030
5.329840
5.329840
5.329840
5.515326
5.515326
5.515326
4.846263
4.846263
4.846263
4.875758
5.416988
5.416988
4.893492
4.757621
4.895521
4.880117
4.880117
4.795898
4.795898
5.689432
5.689432
5.510964
4.964990
4.718176
4.718176
5.556569
5.593536
5.593536
5.607654
5.516574
5.516574
5.717198
5.717198
5.533671
5.369742
5.369742
5.369742
5.554865
5.202215
5.516830
5.3622525.362252
5.053971
5.362252
5.378224
5.378224
4.945004
4.945004
6.501939
6.501939
5.095831
6.318724
5.182762
5.182762
5.182762
5.182762
6.759280
6.759280
6.759280
6.759280
6.759280
4.868367
4.700352
4.700352
5.144032
5.144032
4.817518
4.817518
5.262932
5.201913
4.853721
5.343316
5.547679
5.529148
5.529148
5.115185
5.003953
5.003953
5.063229
5.063229
4.844327
4.986759


4.980766
4.980766
5.765796
5.765796
5.765796
5.641421
5.374165
4.957614
5.462881
6.613153
5.964687
5.280390
5.280390
5.280390
4.867833
5.250634
5.540977
5.540977
4.920925
5.164773
5.164773
5.533259
5.533259
6.088623
5.350188
5.350188
5.081805
8.212335
8.212335
5.745198
5.483749
5.483749
4.888454
4.888454
8.019724
5.492817
5.492817
4.886078
4.886078
5.836973
5.836973
5.836973
5.836973
5.296249
5.296249
5.317594
4.877989
4.877989
4.877989
4.877989
5.169214
5.169214
5.169214
6.041163
6.041163
4.863363
5.173104
5.173104
4.987850
5.826177
5.826177
5.826177
5.273008
5.273008
5.170253
5.170253
5.552496
5.408494
5.317476
5.317476
5.086253
5.491721
5.413092
4.870237
5.331833
5.743965
5.135213
5.135213
4.844816
4.943104
4.943104
4.943104
5.347614
5.347614
5.347614
5.098641
4.967995
4.967995
4.930926
4.930926
5.493051
5.493051
7.426344
7.426344
4.892811
5.089373
5.089373
5.533167
5.533167
6.867747
6.867747
5.241589
5.241589
8.136742
4.849327
5.533125
5.543407
5.542570
5.542570
5.527753
5.527753
5.524860
5.345096
5.345096
5.345096
5.657610
4.860868
4.860868
4.860814
5.139180
4.860814
4.860814
8.585971
8.585971
6.401836
4.843898
4.888344
5.009695
5.009695
5.009695
5.549074
4.866921
4.866921
5.586241
4.986519
4.986519
4.986519
5.014583
4.959561
5.303618
5.303618
4.870710
6.059501
4.924928
5.285643
5.489790
5.489790
5.516450
5.300423
5.569085
5.774890
5.646752
5.646752
4.942340
4.942340
4.942340
5.868631
5.868631
5.868631
4.815002
4.916052
7.955390
7.955390
5.545387
5.651000
5.651000
5.497793
5.497793
8.586988
5.764195
5.764195
5.764195
4.909929
4.909929
5.196574
7.699572
4.904465
5.828253
4.849891
4.849891
4.849891
7.212330
7.212330
4.814163
5.632139
5.672645
5.672645
5.052298
5.745575
5.660158
5.351696
5.351696
4.868129
8.249531
5.036466
5.036466
4.884035
4.884035
4.884035
4.884035
4.969437
5.536398
5.536398
6.454950
4.961467
5.396602
5.492016
5.492016
5.563211
5.563211
5.383566
5.383566
5.505503
6.554057
4.936899
4.936899
5.125281
5.125281
5.125281
6.670864
6.670864
6.670864
5.557579
5.334903
4.830320
4.860463
4.843337
5.375381
4.904850
4.802370
4.905379
5.575383
5.575383
5.745318
4.914856
4.914856
5.331457
5.331457
5.331457
4.966778
5.417027
4.966778
5.834321
5.834321
4.963586
6.793315
6.793315
6.793315
6.793315
5.168476
5.168476
5.168476
5.144106
5.144106
5.085405
5.647329
5.647329
4.959428
4.959428
4.944880
4.944880
5.564895
5.796725
5.796725
5.300645
5.701091
4.893171
4.893171
5.341059
5.341059
5.424851
5.305123
5.305123
5.305123
8.332888
8.332888
8.332888
5.667337
7.491231
4.929118
4.929386
4.886963
4.948484
4.948484
4.779811
6.085195
5.478920
5.478920
5.101472
4.922638
4.922638
7.246709
4.941126
4.941126
4.908650
4.908650
4.908650
5.231004
7.481635
7.481635
4.816642
6.551818
6.723956
5.240554
4.864737
5.287652
5.287652
5.188792
5.188792
5.571979
5.516807
5.516807
5.516807
5.233052
5.233052
10.467847
10.467847
10.467847
4.788724
4.788724
5.265586
5.265586
5.265586
5.167847
5.167847
5.168269
5.353154
5.353154
5.171340
5.171340
5.171340
5.355855
5.355855
5.355855
5.003362
5.003362
5.003362
5.003362
4.843061
4.834863
4.830419
4.830419
4.830419
5.460838
5.145313
5.327300
5.327300
5.511096
5.511096
7.675503
4.809685
4.809685
4.809685
5.500365
5.500365
5.336874
5.336874
4.804296
5.174718
5.085181
5.085181
5.085181
4.974222
4.897009
4.897009
5.460385
4.799800
4.881459
4.881459
5.337698
5.337698
5.264979
4.928643
4.928643
5.011192
5.011192
5.465952
5.465952
5.338545
5.338545
4.926051
5.580818
4.922291
4.922291
5.645096
5.645096
5.533451
5.214119
5.214119
5.017645
4.888063
5.642108
5.317227
5.317227
4.832284
4.858163
4.858163
5.065366
5.065366
5.065366
5.007629
7.669310
7.669310
5.563027
5.563027
4.891945
5.490501
5.490501
5.250777
7.400487
4.938422
4.938422
4.938422
5.267311
5.232030
5.143286
5.164252
5.604419
5.604419
5.527736
8.767572
7.014307
7.014307
5.485817
5.401199
5.420800
5.759809
5.278002
5.278002
5.587180
5.453368
4.863248
4.863248
5.095450
4.878581
5.095450
5.463097
5.309266
5.309266



6.715993
6.715993
4.920201
4.911261
5.757094
6.499563
6.499563
4.931141
4.931141
4.783617
4.783617
5.353125
4.841486
4.763983
5.230799
5.230799
5.230799
5.230799
4.691748
4.769009
5.338326
5.338326
5.322236
5.291146
5.509129
5.656249
5.656249
5.546777
5.293952
4.782482
4.782482
5.464191
5.464191
5.368519
4.847376
4.945041
4.945041
4.945041
4.945041
4.956140
4.956140
5.119501
4.833440
4.870444
5.168324
5.168324
4.801217
4.801217
5.187479
5.187479
4.767203
5.360129
7.797155
7.797155
7.797155
5.731115
5.731115
4.795868
4.689146
5.396148
5.487938
5.347962
5.290210
5.290210
5.314738
5.492990
5.457394
4.883789
4.883789
5.249056
5.249056
5.547067
5.547067
5.644194
5.644194
4.906318
4.906318
4.996679
4.996679
4.759717
4.759717
5.486486
4.953134
4.911739
4.911739
4.911739
4.945850
4.830279
7.525230
5.204717
5.204717
5.204717
4.855590
4.905428
4.905428
5.293642
5.293642
4.834916
4.873270
4.873270
5.230104
5.268783
5.578869
5.607103
5.607103
5.376103
4.915151
4.915151
5.867524
4.983894
4.983894
5.342751
5.023199
4.869793
5.023199
5.200011
5.200011
5.273556
5.273556
5.273556
5.211737
5.352626
5.345409
5.345409
4.917221
4.917221
5.363270
5.363270
5.450088
4.934137
4.886600
4.886600
5.292091
5.292091
5.160826
5.605813
5.605813
4.838492
4.956701
4.775270
5.102947
5.438550
5.661180
5.477008
5.477008
5.437890
5.213799
5.079151
5.079151
5.592407
5.114895
5.114895
4.888653
5.089024
5.089024
8.281894
6.066435
6.066435
5.538008
4.823855
4.836408
4.836408
4.836408


4.923361
4.927014
4.927014
6.011949
6.011949
4.802349
6.055559
4.953355
4.953355
5.658942
5.470390
5.470390
5.330643
5.663980
5.663980
5.629243
5.349446
5.159502
5.159502
5.576963
5.576963
5.532605
5.230973
5.230973
5.563772
5.563772
4.835865
7.583119
7.583119
7.195216
5.401690
5.401690
5.401690
4.959253
4.959253
11.206087
11.206087
5.391466
5.391466
4.928154
5.314695
5.314695
55.445640
4.841048
8.031601
8.031601
5.642708
5.642708
5.305039
4.922488
6.221683
6.221683
6.221683
6.221683
5.574854
5.657108
5.441419
5.441419
5.623685
5.623685
5.458400
5.434675
5.5112114.825953
5.507698
5.507698
4.890017
5.878367
5.878367
4.680529
5.571591
6.814949
6.814949
6.814949
7.080560
7.080560
7.080560
4.879146
4.879146
4.879146
4.935102
6.043867
4.929756
4.929756
4.929756
4.929756
5.447814
5.447814
5.667958
5.667958
5.550996
5.550996
4.730694
5.456858
5.218869
5.218869
7.846412
5.491018
5.491018
4.853009
4.853009
5.257786
5.361156
5.361156
5.024417
5.078564
5.078564
5.314229
5.611221
5.611221
4.860576
4.860576
5.243497
5.243497
5.299890
5.299890
5.048031
5.048031
5.275963
6.816887
5.085741
5.085741
5.134771
5.436730
5.436730
5.145029
5.042173
5.002854
5.002854
5.355270
4.924995
4.924995
5.153486
5.514732
5.391976
5.630139
5.305602
5.305602
5.649586
5.545498
5.545498
5.254606
5.254606
4.907881
4.907881
4.812078
5.707377
5.707377
5.707377
5.752504
5.752504
4.780099
4.952760
5.046951
4.922295
4.922295
5.742123
5.742123
5.329587
5.329587
4.913754
4.875463
4.875463
4.875463
4.844341
4.844341
4.942683
4.942683
5.286856


5.318965
5.318965
5.479874
5.479874
5.110185
4.959312
5.412687
5.476929
5.476929
5.607583
5.051579
5.051579
5.529753
5.529753
5.501203
5.501203
5.748688
5.748688
5.427278
4.921754
5.294328
5.294328
5.426684
5.426684
5.627993
5.627993
5.627993
5.627993
5.791504
4.845865
5.654498
6.777066
6.777066
6.777066
4.870090
4.870090
4.735318
10.092303
5.533117
5.533117
5.161575
5.161575
5.161575
5.085340
7.941725
5.472745
5.384945
5.384945
4.838187
4.838187
4.906648
4.940119
4.795159
5.541951
5.541951
4.930370
5.156057
5.156057
5.126125
5.126125
5.806852
5.568948
5.258206
5.376806
5.376806
5.628825
4.946752
4.946752
4.946752
4.985690
4.985690
5.910195
5.910195
4.962099
4.864310
4.864006
4.864006
4.837384
4.837384
4.837384
6.432967
4.824061
4.824061
5.370654
5.370654
5.337852
5.481400
5.481400
5.351021
5.351021
4.978885
5.650175
5.650175
5.470132
5.470132
5.330910
5.321396
5.198325
5.198325
5.687587
5.687587
5.687587
5.687587
5.596682
5.596682
7.163369
4.917576
4.994741
6.046186
6.046186
4.879237
4.879237
4.879374
4.946918
4.946918
4.957992
5.425920
5.425920
5.425920
5.474402
4.848675
6.164195
6.164195
4.932780
4.932780
5.220789
5.291632
5.291632
5.492014
5.492014
5.786871
5.368229
5.368229
5.445547
5.637763
5.459641
4.945395
4.945395
.933370
.933370
5.279731
5.279392
5.279392
4.962274
4.962274
4.962274
5.327521
4.904647
4.915846
5.409955
5.931689
5.931689
6.513392
5.028659
8.596248
8.596248
8.871505
6.097702
6.097702
9.491949
9.491949
5.494782
6.057437
5.403974
5.403974
5.566347
5.662799
5.662799
5.227795
5.520778
4.833039
5.740954
5.265162
5.265162
5.605789
5.626079
5.545832
5.545832
4.904518
4.848712
4.848712
5.518642
5.518642
5.190178
5.190178
4.850966
5.502856
5.502856
5.502856
5.598588
5.444308
5.444308
5.263416
5.263416
6.494446
6.494446
7.281913
5.276486
5.276486
5.276486
7.609244
4.836209
4.836209
4.836209
6.328007
5.934462
5.536444
5.536444
8.281340
8.281340
6.033885
5.382381
5.382381
5.031955
4.943736
5.509603
5.509603
5.063677
7.573822
7.573822
7.573822
5.936423
5.936423
4.891601
4.983706
5.019927
5.521112
5.255017
5.030550
5.030550
5.030550
6.387880
6.387880
5.018955
5.018955
5.018955
5.018955
5.122245
5.263458
4.841691
4.841691
4.763037
4.763037
607040
607040
5.597417
5.597417
5.515275
5.104323
5.104323
5.103723
4.902563
4.902563
4.942238
5.612821
5.607208
5.607208
5.457968
7.482582
4.937456
4.937456
5.509340
7.766537
7.766537
7.819476
7.566436
7.566436
7.566436
4.884158
4.895509
4.833897
4.833897
4.969944
4.969944
5.169672
5.169672
5.463224
4.818949
4.802606
4.802606
4.802606
.846663
.846663
.846663
4.845245
5.077727
4.778544
5.276591
5.276591
5.526186
5.610306
5.618901
5.238103
65.765642
5.765642
5.765642
4.869760
4.869760
5.370593
5.085701
5.085701
5.570043
5.570043
4.895811
54.908224
4.908224
5.545800
5.545800
5.545800
7.246201
4.803893
4.803893
6.117381
6.117381
6.117381
6.117381
4.766941
5.449469
5.449469
4.970319
4.970319
5.143111
5.113592
4.913187
4.913187
5.750563
5.750563
5.755530
5.755530
5.157563
5.157563
4.970192
4.945361
4.945361
5.444028
5.000325
5.000325
5.000325
5.996643
4.859223
4.859223
4.923677
6.516935
4.915065
5.492086
5.492086
4.863952
4.863952
4.865893
5.354113
5.354113
5.354113
5.354113
5.689028
7.044669
5.446537
5.446537
5.680325
5.680325
4.839527
5.537358
5.724906
5.303417
5.286874
5.590999
5.663311
6.056394
5.429112
4.812336
4.812336
5.427483
5.427483
5.562764
4.874649
5.516696
5.516696
5.516696
4.904299
4.900779
4.900779
4.900779
4.962583
6.994414
4.776837
8.166931
4.949333
5.083283
5.083283
5.083283
4.778288
5.134569
5.134569
5.779339
5.779339
5.779339
5.775446
5.567978
5.278007
5.523507
5.523507
5.523507
6.326011
5.451574
5.371340
5.371340
7.848456
5.524343
5.166991
5.166991
4.869839
4.869839
5.151357
5.151357
5.265476
5.265476
5.333037
5.177148
4.882726
5.138069
5.138069
4.967684
4.925432
5.027159
5.027159
4.892039
4.892039
4.923725
7.285726
7.285726
4.977482
4.977482
5.517392
5.517392
5.456001
4.859680
5.181584
5.181584
4.795518
4.750748
5.248178
5.248178
5.480562
5.196807
5.187282
5.271331
5.406901
5.406901
4.661548
5.658845
5.412876
5.412876
4.950993
4.950993
6.843541
5.842219
4.814126
4.814126
4.929320
4.977462
4.977462
4.977462
5.615177
5.586122
5.586122
5.586122
5.199133
5.199133
5.291108
4.915557
4.915557
5.472467
5.659883
5.659883
5.412026
5.412026
4.795471
4.795471
5.128845
4.865297
4.917902
4.917902
4.917902
5.719248
4.836547
5.132372
5.132372
4.951461
4.951461
5.272572
5.743158
5.445809
5.445809
5.445809
5.344339
5.344339
5.344339
4.884029
5.158681
4.831823
4.831823
4.831823
8.202505
7.388170
5.466170
8.249287
8.249287
8.249287
5.455273
5.455273
5.522700
5.522700
5.522700
5.522700
4.914144
4.866058
4.866058
4.866058
4.866058
4.761966
5.203739
5.349049
5.218737
5.539555
5.687601
5.530447
4.890732
4.890732
5.091379
5.260357
5.260357
5.357821
5.357821
5.357821
5.439668
4.870259
4.870259
5.191776
6.102353
6.102353
6.102353
4.928364
4.928364
7.320558
5.474537
5.474537
5.474537
6.045956
4.834637
5.138732
5.138732
5.157379
5.157379
5.349908
5.349908
5.366530
5.366530
4.802041
55.300771
5.300771
4.902125
5.031304
7.941838
5.330104
5.054258
5.054258
4.884364
4.884364
5.450921
5.450921
4.816846
5.043482
5.043482
5.156608
5.156608
7.584402
5.086128
5.460150
5.460150
4.946379
4.946379
4.946379
4.844345
5.127809
5.127809
5.392385
5.419515
4.951963
4.951963
4.951963
4.951963
8.492879
8.492879
8.492879
4.766837
4.766837
4.766837
4.859712
4.859712
4.901025
4.901025
4.901025
5.989813
5.359457
5.253345
5.253345
4.960892
5.342116
5.342116
5.413287
5.413287
5.456628
5.615287
5.592388
5.592388
4.961277
5.372460
4.961277
5.648319
5.648319
5.315639
5.315639
4.784290
4.784290
5.227647
5.777551
5.227647
5.304212
5.304212
5.083613
5.083613
5.436461
5.137904
5.482348
5.513406
5.470899
5.470899
5.470899
7.238791
7.238791
5.204358
5.345510
5.484794
4.975826
7.753743
7.753743
6.829714
4.806033
4.806033
4.806033
4.920230
5.472828
5.472828
4.882266
4.882266
4.854079
4.854079
4.844535
4.801873
5.689963
4.965880
5.412242
5.598753
5.451788
5.451788
4.822878
4.898614
5.707647
5.707647
5.757049
5.656275
5.464262
5.535746
5.207969
5.207969
5.207969
5.696073
5.696073
5.696073
5.696073
5.585178
5.049930
5.781227
5.593795
5.508499
5.065065
5.065065
5.737825
5.486801
5.486801
5.545788
5.813278
5.791927
5.469211
4.968719
4.968719
5.441312
5.441312
4.954965
4.954965
6.443294
5.300055
10.502880
10.502880
10.502880
5.234056
5.234056
5.234056
5.257103
5.257103
5.066461
5.066461
5.066840
5.956774
5.956774
5.956774
4.812074
5.614583
4.833095
4.677684
5.621815
5.621815
4.874468
5.627286
5.123591
5.123591
5.067495
5.067495
5.376000
5.376000
5.475733
5.542387
5.311947
5.508113
5.062557
5.637165
5.637165
4.987021
8.108093
5.088653
5.357972
5.357972
5.357972
5.958860
5.958860
4.957462
5.256398
4.819356
4.819356
57.908000
7.908000
5.521488
5.521488
4.815117
5.070168
5.070168
7.263615
4.726265
4.726265
5.382397
5.382397
5.784125
5.311578
5.311578
5.515106
5.515106
5.610219
5.216389
5.216389
5.175471
4.931257
4.931257
4.837921
5.460133
4.892527
5.817148
5.404671
5.404671
4.965619
5.383724
5.383724
7.421132
5.455295
5.455295
5.455295
5.095824
5.095824
5.095824
5.095824
5.010877
5.900753
5.900753
5.337660
5.419821
5.557664
5.557664
5.557664
5.557664
5.570976
5.737101
5.737101
5.191738
5.188193
5.188193
5.436459
4.832117
5.610072
5.354936
5.354936
6.345997
6.345997
6.345997
7.780122
5.723492
4.827710
5.351017
5.351017
5.395826
4.980584
4.980584
4.980584
5.568081
5.568081
5.102768
5.102768
5.423535
5.598145
5.598145
5.598145
5.598145
5.598145
5.598145
4.889155
4.889155
5.462268
6.163199
6.163199
5.110971
5.110971
5.110971
4.910805
4.910805
5.822409
5.556105
5.556105
5.471577
5.349880
6.007980
6.007980
5.760310
5.672647
5.258907
5.239514
4.932405
5.631265
5.631265
4.867948
4.867948
4.867948
5.191776
6.021929
4.964552
5.001781
5.001781
5.466040
5.466040
5.466040
5.474857
5.171363
5.420985
5.420985
5.420985
5.706106
55.503884
5.239018
4.920378
4.920378
4.920378
4.964627
4.881714
4.881714
4.775424
5.803534
5.803534
5.587074
5.758139
5.758139
5.471678
4.889938
5.487247
45.395428
5.395428
7.342994
7.342994
5.631343
4.923768
4.808772
4.808772
6.508609
5.029982
4.913578
7.822329
5.422409
5.422409
4.817219
5.130735
5.770416
5.327448
5.327448
5.327448
4.854465
6.110430
4.806462
4.671694
4.671694
5.605555
5.605555
5.287273
5.287273
5.287273
5.394474
5.746571
5.746571
5.746571
5.463592
5.463592
4.965379
4.964697
5.624187
5.624187
5.624187
5.798973
5.389176
5.389176
5.389176
5.389176
4.995289
4.995289
5.021571
5.021571
5.292859
4.773640
5.622045
5.622045
5.622045
4.813368
5.589314
5.476348
5.476348
5.027534
5.027534
4.911203
4.829400
4.747954
4.892431
4.892431
4.892431
4.878728
4.878728
4.826237
5.309683
5.854981
5.042915
5.042915
5.275534
5.703930
5.356928
5.356928
5.225333
8.076423
5.610783
5.610783
5.610783
4.951352
4.951352
4.895183
4.895183
4.895183
4.924185
5.557974
8.521288
8.521288
6.391375
5.657365
4.882604
4.882604
5.544593
5.544593
4.897729
4.897729
4.4.987144
5.437451
5.437451
5.437451
5.921553
5.244625
5.086269
5.541216
5.454220
5.511426
5.615266
5.615266
5.383022
5.383022
5.321087
5.321087
5.499900
5.499900
8.345467
8.345467
8.345467
4.962165
4.857626
4.857626
5.245933
5.761271
4.964070
4.930781
4.930781
6.841543
6.841543
5.109257
4.879844
5.484204
4.941530
6.511992
6.511992
6.511992
5.296423
5.296423
4.862659
4.862659
4.862659
4.823338
5.682664
5.682664
5.111855
4.949991
4.949991
5.523565
5.490374
5.729538
4.891349
4.891349
5.379760
5.379760
5.654044
5.207315
4.919856
4.919856
5.569065
5.569065
7.925891
6.987129
6.987129
6.987129
6.987129
5.686038
5.013279
5.013279
7.840603
4.843149
4.976059
5.037141
5.037141
5.037141
5.037141
4.956970
4.956970
5.540430
5.540430
4.795898
4.881827
4.881827
5.301391
5.301391
7.768364
7.977968
7.977968
5.104252
4.895305
5.291430
5.291430
5.545214
5.836358
5.507519
5.315951
4.884004
4.884004
5.234627
5.402228
5.402228
5.121905
4.957258
4.945164
4.945164
4.945164
4.945164
4.978374
4.874399
5.532391
4.891894
4.957269
5.133927
4.957269
5.133927
4.916416
4.861725
44.739131
4.947265
4.651217
4.651217
4.872332
4.872332
4.872332
4.878603
4.878603
5.324489
5.513055
4.830119
5.586617
5.559245
4.906376
4.906376
5.064835
5.166480
4.909508
4.909508
4.909508
5.260488
5.372042
4.864215
4.877381
4.891907
4.891907
4.891907
4.809403
4.809403
4.809403
5.920826
4.855887
4.855887
4.855887
5.458302
4.814990
5.346602
5.346602
5.882375
5.882375
8.040293
8.040293
5.014954
6.510195
6.510195
4.897665
5.239252
5.788452
5.788452
5.437454
5.308907
5.308907
5.438537
5.134416
5.134416
5.238912
5.238912
5.396290
4.866084
5.599852
5.599852
5.046766
6.915562
6.915562
6.915562
5.379930
4.776724
4.776724




5.437109
4.843297
4.749991
5.298971
5.298971
5.298971
5.109673
4.775932
4.963548
4.963548
5.291803
6.189692
6.189692
6.189692
5.465074
5.465074
7.319883
5.391162
5.391162
5.678998
5.678998
5.723071
5.723071
4.798769
4.798769
4.798769
5.676583
4.863333
4.863333
4.950716
4.961592
5.306739
5.306739
5.306739
4.865591
5.423342
5.616119
6.209911
6.209911
4.895292
5.861545
5.861545
5.861545
5.861545
4.932017
5.284847
5.284847
4.925556
4.925556
4.834287
5.739748
4.881035
4.881035
4.881035
4.881035
7.903253
7.903253
5.746311
5.541455
5.004857
5.004857
5.276352
7.832386
4.997573
5.961262
5.961262
4.914763
4.914763
4.914763
4.914763
5.545857
4.859914
4.922695
4.922695
4.891730
4.891730
4.917861
4.917861
4.907395
5.877604
6.030794
4.691328
4.691328
4.882484
5.316682
5.316682
4.997972
4.887488
4.887488
4.833142
5.285606
5.261960
5.261960
5.261960
5.261960
4.804965
8.068173
5.522943
4.859481
4.859481
4.923961
5.662971
5.419351
5.407365
5.407365
4.781485
5.566752
4.984520
4.984520
5.382981
5.007847
5.007847
5.469606
5.469606
4.986958
4.986958
5.057251
5.869016
5.930929
4.832672
4.832672
5.317204
5.317204
4.938723
4.938723
7.659122
4.838364
4.769072
5.131387
5.131387
5.121940
5.121940
6.065536
4.959324
4.959324
4.959324
5.728063
5.526193
5.526193
5.316929
5.334398
5.334398
5.298350
5.298350
4.860065
4.860065
4.855127
5.515648
5.515648
5.515648
5.543714
5.543714
5.344704
5.344704
5.445874
5.445874
5.247222
6.200630
6.200630
5.770244
5.266580
5.266580
5.266580
5.266580
5.266580
5.577219
4.872817
4.956866
5.380600
5.682455
5.682455
4.949710
5.735799
5.735799
4.921131
4.921131
4.987296
5.072466
4.891495
5.742773
5.742773
5.568790
55.500976
5.096029
5.096029
4.906504
5.394429
5.394429
4.910242
5.445333
5.445333
5.095085
5.095085
5.614039
5.614039
9.152346
9.152346
5.321765
6.516950
6.516950
4.911417
4.869405
4.869405
5.117403
4.868644
5.534076
5.272503
5.272503
5.272506
5.272506
4.948475
5.313061
4.845162
4.845162
4.845162
8.061867
4.673210
5.364026
5.535105
5.268416
5.268416
5.640341
7.927636
5.448297
5.207085
5.448297
5.207085
5.473354
4.977041
4.977041
4.977041
4.799780
4.799780
5.098209
4.887157
4.887157
5.655007
5.655007
4.896617
4.896617
4.896617
4.895749
4.854671
4.854671
5.032211
5.032211
4.878812
4.973917
4.973917
7.036230
4.953251
5.089124
4.890549
4.890549
4.890549
5.488894
5.062733
5.103827
5.103827
5.501910
4.912469
4.912469
5.615679
5.530302
5.411957
5.411957
4.886941
4.886941
5.573499
5.573499
5.345735
4.852414
4.852414
4.852414
5.324219
5.179622
5.772064
5.772064
5.772064
4.905818
5.423802
4.972665
4.972665
5.355369
4.939561
4.939561
4.960598
5.316393
7.734358
7.734358
4.712364
4.712364
4.814618
5.351028
4.919680
7.835213
5.700229
7.652685
5.536565
5.395587
5.395587
5.261566
5.385924
5.661905
5.358110
5.358110
4.958847
4.958847
7.400912
7.400912
6.363871
4.870048
4.870048
4.870048
5.453368
5.571550
5.965769
5.965769
4.918064
7.762522
7.762522
7.762522
4.983685
4.983685
4.907181
4.849097
4.849097
6.824334
6.824334
6.824334
5.065903
5.065903
5.082308
4.831898
5.390684
5.468996
5.703823
7.816775
5.513871
5.513871
5.544252
5.544252
4.787921
4.787921
5.643662
5.139959
5.593291
5.593291
5.555352
5.555352
4.884448
4.884448
10.373174
10.373174
10.373174
4.960307
8.134975
7.623691
7.623691
7.623691
5.841146
5.841146
5.841146
5.318633
4.953143
4.996435
5.148874
4.922235
4.922235
4.922235
4.922235
4.908953
4.755624
4.870394
4.870394
4.966497
5.489975
5.489975
5.544428
5.452548
5.452548
5.676522
5.239163
5.239163
5.239163
5.254040
5.183994
5.313796
6.660538
6.660538
5.003824
9.493511
6.176620
5.104180
5.104180
4.846040
5.453854
5.453854
5.709534
7.390711
5.285948
5.667112
5.667112
5.429806
5.429806
4.769047
5.480151
5.763091
4.898965
5.454650
5.454650
5.174718
5.102464
5.102464
6.761504
6.761504
4.800917
5.363865
8.790279
5.436304
5.436304
5.436956
4.840604
5.061347
5.061347
5.361490
4.962205
4.962205
5.469230
4.839181
4.839181
5.303801
5.303801
4.890150
5.444615
5.444615
8.073033
8.073033
5.412894
6.199944
6.199944
6.199944
6.199944
4.935801
5.340425
5.340425
5.214735
5.197102
5.597563
5.597563
5.337882
5.337882
5.337882
5.659331
5.659331
5.444752
5.700890
5.341711
5.412379
5.482721
5.482721
5.192585
5.431113
5.431113
5.066433
5.526659
5.526659
5.526659
5.658643
5.658643
4.898667
4.898667
5.001124
5.001124
5.001124
5.148648
4.905594
4.905594
4.822417
4.822417
4.998077
5.070341
5.070341
5.070341
4.870742
6.887610
6.887610
4.689437
4.678906
4.678906
5.574891
5.574891
6.111419
6.111419
5.153022
5.153022
4.822024
5.596753
5.409540
5.670573
5.670573
5.444637
5.387658
5.377291
5.483934
4.902998
4.902998
5.152757
5.452848
5.452848
4.905124
4.967529
4.967529
7.494771
7.494771
7.494771
4.755759
5.170547
5.170547
5.335226
4.920453
4.920453
4.875680
5.653730
5.653730
5.653730
4.829696
4.843679
4.884190
5.023774
5.023774
7.123915
5.456892
5.456892
5.527359
5.619919
5.255961
5.255961
5.653269
8.251342
4.937950
5.697356
5.492764
4.905543
4.905543
5.742794
4.904573
4.904573
4.896600
4.896600
4.896600
4.896525
4.896525
4.836915
4.836915
5.532478
5.532478
4.950008
4.950008
5.171407
5.672456
5.443139
5.073678
6.572957
5.073678
5.353355
5.353355
4.862848
5.874908
5.874908
4.918368
5.274194
5.274194
4.795711
5.469922
5.469922
5.162140
5.279944
5.279944
5.758826
5.758826
5.652701
4.826221
5.736988
5.333838
5.333838
55.619109
5.619109
5.213593
5.213593
5.969622
4.901970
4.901970
6.412819
6.412819
5.066309
5.066309
4.917123
5.542107
5.040276
5.040276
5.890160
4.872598
5.859577
5.859577
7.478868
4.789623
4.789623
5.163511
5.471972
5.471972
7.150315
7.150315
7.514122
5.358725
4.931244
5.800571
4.919703
4.919703
5.660190
5.114801
5.114801
5.249322
5.249322
5.510875
5.060609
5.060609
5.060609
5.382266
5.382266
4.849705
5.240532
5.240532
6.839982
6.097762
6.097762
5.108750
4.903811
4.903811
4.826652
4.826652
4.975890
5.105496
8.380558
8.380558
8.380558
6.311061
6.311061
6.311061
4.762954
4.762954
4.969534
4.969534
6.263854
5.491220
5.166431
5.166431
5.767061
5.548298
7.595685
5.651319
5.060433
5.060433
7.541523
5.659545
5.659545
5.659545
5.659545
5.600160
5.600160
5.600160
5.158997
5.419177
5.269471
4.951939
4.951939
4.876565
4.876565
4.876565
4.806610
6.377103
6.377103
6.377103
4.983003
4.882500
4.882500
4.882500
5.538069
4.886443
7.334246
4.650607
4.650607
4.650607
7.483740
4.912468
5.373109
5.373109
5.272271
5.138288
5.138288
4.677414
4.677414
8.064382
8.064382
4.741534
4.741534
5.559726
5.559726
4.844924
4.915117
4.915117
4.915117
5.320665
5.529269
5.938685
5.938685
5.938685
5.938685
4.920322
4.920322
5.447985
5.447985
4.944709
4.944709
5.340035
5.340035
4.889567
4.889567
6.052871
5.195787
5.195787
5.195787
9.610930
5.718355
5.371935
5.058190
5.606026
5.585727
5.406339
5.406339
5.245764
5.577327
5.577327
4.811889
5.385694
5.385694
5.443438
4.790219
4.888087
5.514383
5.503204
6.547254
6.547254
5.000200
5.000200
5.000200
4.909480
4.972192
4.972192
4.972192
5.455063
4.909354
5.631076
5.631076
4.870309
4.870309
5.457184
4.832549
5.591993
5.751990
5.275376
5.275376
5.901636
6.717937
4.989834
5.010363
5.342417
5.751876
5.366895
5.366895
5.883701
5.560926
5.560926
5.560926
4.910953
5.525844
5.525844
4.913065
4.913065
5.296538
6.051744
4.763327
4.763327
5.389447
5.389447
5.389447
4.728738
7.798725
5.014252
4.844697
4.844697
4.844697
5.453980
5.484383
5.224674
4.782724
4.782724
4.782724
4.836717
4.836717
4.809614
5.482888
5.482888
4.944514
7.920787
4.979277
5.854477
5.854477
5.043158
5.043158
5.487212
5.214819
5.214819
4.860705
6.130547
5.619005
4.936717
4.936717
4.738276
5.575568
5.575568
10.256023
5.447535
4.825747
5.388373
5.388373
5.388373
5.531800
4.863978
5.511903
5.511903
5.247903
5.247903
5.247903
5.338634
5.338634
5.338634
5.588936
5.588936
4.729988
4.890042
4.890042
4.995940
5.445382
5.895626
5.026477
5.833352
5.329964
5.329964
4.906257
4.906257
5.434301
5.537467
5.537467
4.906641
5.644309
5.5.232741
5.232741
6.264926
5.083692
5.083692
5.083692
6.768383
6.768383
6.768383
4.975965
4.975965
5.032452
5.032452
5.027917
7.372305
7.006212
4.837988
4.966170
4.890037
4.890037
5.594463
5.594463
4.901961
5.510312
5.422334
5.438034
5.799305
5.272941
5.341172
5.434369
5.434369
5.477182
5.070525
5.471682
5.618332
5.490862
5.490862
11.303848
5.592119
5.383245
5.383699
5.383699
4.915230
5.944187
5.944187
5.944187
4.910041
4.910041
4.910041
5.656973
4.960483
9.609037
9.609037
5.199544
4.859184
4.859184
5.091867
5.091867
8.113337
5.018508
5.036516
5.567240
5.567240
5.567240
4.882233
4.909122
6.257627
6.257627
5.322582
5.466391
5.557012
5.333337
5.333337
5.308498
5.308498
5.090139
4.859325
4.859325
4.859325
4.892771
4.892771
4.892771
4.764349
5.416859
6.799406
6.799406
6.799406
4.900205
5.462347
5.462347
5.805703
5.492817
5.492817
5.492817
5.503836
5.823341
5.823341
5.620929
4.829311
8.162599
8.162599
5.802258
5.802258
5.370389
4.904529
4.904529
55.449627
5.212292
5.212292
5.552717
5.504493
4.826765
4.915775
4.915775
4.915775
4.791175
5.474799
5.474799
4.848817
5.578552
5.530037
5.530037
4.872409
4.872409
5.774364
4.930134
7.454693
7.454693
7.454693
4.827377
6.286036
6.286036
5.845994
5.845994
5.026204
5.026204
6.041534
5.242491
5.242491
5.242491
5.094604
4.980353
7.419561
7.419561
5.619985
5.786204
5.023455
5.565490
5.565490
5.773667
5.646933
5.492902
5.567605
5.537401
4.898975
5.356562
6.460466
5.281194
5.108169
5.108169
5.108169
4.994790
5.668935
5.104646
5.104646
5.104646
5.104646
4.913586
4.862909
4.928471
4.928471
4.928471
7.623323
7.623323
4.838205
7.494801
7.494801
7.494801
5.600069
5.076811
4.845330
4.845330
5.434240
4.928995
4.928995
4.928995
5.637563
4.960968
5.387402
5.637423
5.637423
5.144346
5.449023
5.599910
5.757963
5.504679
5.504679
5.504679
5.6.959504
4.944131
4.989589
4.989589
9.727212
8.622500
5.629262
5.629262
6.451245
6.451245
6.451245
5.194897
5.194897
4.872233
4.872233
4.796947
4.971971
4.850416
5.128108
5.128108
4.871792
4.871792
4.903372
5.429414
4.693307
5.088672
6.897284
6.897284
5.633716
5.015968
5.591855
5.455649
5.455649
5.434324
5.434324
4.830063
4.830063
4.830063
5.062357
4.990393
4.990393
4.990393
5.629115
6.940456
5.571089
5.248327
5.248327
5.248327
4.888343
4.888343
5.566839
5.566839
5.566839
5.069963
4.847211
4.847211
4.936438
4.936438
5.257938
5.257938
4.787498
5.832291
5.832291
4.817290
4.817290
55.498407
5.498407
5.485652
5.565930
5.875279
4.978417
4.978417
4.978417
5.369223
4.910740
4.859101
4.859101
4.859101
4.968219
4.960530
4.960530
4.856356
4.817561
4.817561
4.817561
6.561431
6.561431
5.528579
5.528579
5.817530
4.872113
4.872113
6.191019
4.888492
4.888492
4.888492
4.994872
5.735295
4.861680
5.735295
4.861680
4.863064
5.215249
5.215249
4.814315
4.814315
5.492833
5.419200
5.419200
5.602478
5.310321
5.310321
5.089913
7.121990
5.401337
4.898760
5.801356
4.873630
4.873630
5.638159
4.870925
4.870925
5.577665
5.047319
5.047319
4.882204
4.882204
5.078974
5.078974
5.078974
4.986403
4.986403
4.849608
4.849608
4.938353
4.938353
5.548893
6.074916
5.350259
5.408355
5.806623
5.806623
4.948828
4.946962
4.843213
5.264306
4.832789
5.511180
5.502615
5.444536
5.519710
5.500959
5.600122
5.409502
4.863634
4.863634
5.637319
5.637319
5.673639
4.977421
5.671139
5.671139
5.671139
5.344759
5.359984
5.338371
5.338371
5.338371
5.399359
5.399359
5.145646
8.832000
4.918625
8.832000
5.633711
5.633711
4.886815
7.626147
7.626147
7.626147
55.332110
4.887982
4.694856
5.355139
5.355139
5.355139
5.311248
5.536723
5.248628
5.248628
4.751827
4.751827
5.540845
5.540845
5.884275
4.872382
4.872382
5.272872
5.272872
5.597367
4.804846
4.881909
4.881909
5.554921
4.855951
5.218616
5.468216
5.468216
4.856886
5.521973
5.521973
5.521973
5.329054
5.329054
7.009742
5.361057
4.880518
4.880518
8.065022
8.776736
8.776736
4.897060
4.897060
5.233069
5.233069
5.504419
5.441405
5.493566
5.471958
5.471958
4.927613
4.927613
5.447008
4.697199
5.270945
5.642976
5.642976
5.428960
4.924317
55.003579
5.003579
5.003579
5.261972
5.261972
4.956167
4.956167
5.430545
5.430545
5.291047
5.291047
4.849731
5.172390
6.468501
4.859358
4.859358
5.191617
4.932313
4.932313
4.932313
6.034879
6.034879
6.034879
4.951130
5.351767
5.351767
5.608226
5.608226
5.540771
5.221662
5.221662
5.198718
5.198718
4.722149
5.307958
5.307958
5.307958
5.560336
4.958434
4.958434
4.958434
4.780869
4.997074
5.532183
4.820812
4.820812
4.820812
5.475552
5.367678
5.274211
4.987756
4.987756
4.987756
4.976651
4.976651
4.976651
4.976651
4.835813
5.084046
4.887869
4.887869
8.771295
4.693214
4.847597
4.847597
5.314489
4.862881
4.862881
5.431303
5.224663
5.522848
5.451965
4.833528
5.623224
5.623224
5.278793
5.659197
4.896062
5.426603
5.426603
5.359011
5.364440
4.933683
5.135643
5.588096
4.880212
4.880212
5.015227
5.320658
4.949857
4.949857
5.012551
4.966801
4.966801
4.854563
4.854563
4.854563
4.854563
4.891732
4.891732
5.583569
5.771942
5.353318
5.353318
5.353318
5.095639
4.972859
4.972859
5.541708
5.541708
5.480117
5.480117
5.439146
4.857376
4.857376
4.857376
5.503343
7.558569
5.001860
5.001860
4.909376
4.909376
5.804808
5.084268
5.084268
5.084268
8.186998
5.000538
5.000538
5.000538
4.963748
4.963748
5.279292
5.308271
5.308271
5.308271
5.478099
5.478099
5.533162
7.981657
4.920061
4.920061
4.759078
5.113391
4.759078
5.113391
4.932704
5.902158
5.422055
5.313194
5.313194
4.822446
5.435482
5.435482
4.822400
4.822400
5.264569
5.264569
5.553677
5.374794
7.096364
7.096364
7.096364
7.096364
4.912760
4.912760
10.243928
4.957411
5.657341
5.297699
5.297699
5.297699
4.922183
5.278838
5.278838
5.278838
6.190645
6.190645




4.937015
6.242739
6.786627
5.400070
5.496538
4.892822
4.892822
5.238414
5.238414
4.886169
4.844732
5.792071
5.457435
5.478970
5.478970
5.246113
4.786002
4.786002
5.851587
4.993147
4.993147
4.993147
5.004449
5.606496
4.967398
4.967398
4.894295
4.894295
5.367766
5.501612
5.880020
5.027342
5.027342
5.027342
5.027342
5.027342
4.876118
4.883265
4.883265
5.804115
4.833917
5.804115
4.989072
5.443613
5.717005
5.526900
5.526900
5.049170
5.533467
5.801863
5.580424
5.508511
5.508511
5.508511
5.248286
4.825518
5.328553
9.027847
5.391703
5.391703
4.885312
5.025576
5.025576
4.959458
4.959458
4.959458
4.932946
4.932946
4.932946
5.077808
6.897829
6.897829
6.897829
6.897829
5.713983
5.713983
4.943641
4.943641
4.930113
4.930113
8.018220
5.515179
4.918759
5.237038
5.593629
5.387849
5.387849
5.236651
5.813801
4.864060
4.864060
5.042438
5.042438
4.850902
4.850902
4.878284
5.712454
5.712454
7.515067
7.515067
5.204367
5.204367
5.204367
5.662898
5.662898
4.938721
4.938721
5.403733
5.403733
4.716346
4.925028
4.925028
4.925028
4.858480
6.176584
6.176584
5.427380
5.260929
4.893366
4.807196
4.807196
6.696299
5.481859
5.481859
7.229272
5.480117
5.480117
8.237095
8.237095
5.557849
5.557849
5.537584
5.537584
5.581908
5.581908
5.581908
5.415018
5.415018
4.873887
4.873887
4.873887
5.237655
5.237655
5.237655
5.256610
4.895957
4.895957
4.890741
4.806569
6.196861
6.196861
4.768283
4.853799
7.613697
7.613697
5.654830
7.453524
7.453524
7.453524
7.453524
4.850787
5.323721
7.714119
7.714119
4.865132
4.865132
5.823980
5.682945
5.707278
5.413348
5.413348
5.511201
5.511201
5.511201
5.511201
5.532113
7.331017
7.331017
7.331017
4.934487
4.934487
4.934487
4.983654
6.327829
6.327829
6.327829
6.327829
5.008401
5.008401
4.944111
4.944111
4.855553
5.343694
4.979947
4.979947
4.979947
6.006843
6.006843
4.826490
4.915305
5.424092
4.837397
4.837397
5.441000
5.494408
5.279613
5.279613
5.757679
5.419314
5.268182
5.543187
5.492019
5.178720
4.958969
4.958969
8.137136
4.859761
4.859761
5.444941
5.444941
5.369020
5.070791
5.070791
5.070791
4.910804
4.910804
4.908823
5.817506
4.983210
4.983210
4.983210
5.050929
4.919087
4.919087
5.913569
5.913569
5.191181
9.505403
9.505403
5.215484
5.215484
5.109592
5.109592
4.892550
5.594775
5.440944
5.440944
5.581039
5.408729
8.339556
5.408729
5.515051
5.529523
5.297029
5.297029
5.297029
5.733330
5.733330
5.225433
5.143699
5.143699
4.701866
4.944713
4.944713
5.007117
5.007117
5.007117
5.432826
4.900662
4.756051
5.522676
5.502228
4.824342
4.824342
4.824342
4.824342
4.797798
4.797798
4.797798
5.007687
4.684657
4.684657
5.562763
4.966925
4.862497
4.862497
7.906659
5.591494
5.377569
5.377569
7.952839
5.852523
4.971427
4.971427
4.831888
4.831888
5.135064
5.135064
5.135064
5.135064
5.060781
5.060781
7.480577
4.951006
4.951006
4.951006
6.383966
5.432916
5.432916
4.867385
4.867385




5.481883
5.191629
4.822039
4.822039
6.271174
4.801967
5.076025
5.435768
5.269739
5.789192
5.401696
7.989714
5.401696
5.523881
5.670200
5.670200
5.670200
5.453233


5.445394
5.054473
5.054473
5.379571
4.973180
4.973180
4.905488
4.905488
4.905488
5.252224
6.789777
5.549699
7.064475
10.906042
10.906042
10.906042
6.182863
6.182863
4.883280
4.841708
4.841708
4.841708
4.865094
4.849061
4.945011
4.719578
6.361082
4.807754
4.807754
5.354509
5.354509
5.264631
5.125865
4.813964
4.813964
5.769214
5.769214
5.771175
5.370010
5.370010
4.889958
5.078502
5.585432
5.444942
5.444942
4.988632
4.988632
4.988632
4.988632
5.112801
4.904551
5.398847
4.868448
4.868448
5.661062
5.661062
5.661062
4.978143
4.978143
4.978143
5.783124
5.783124
5.120827
5.346697
4.992970
5.764128
5.764128
5.265672
8.519813
5.464479
5.481474
5.237386
5.237386
5.791255
5.791255
5.097279
5.097279
5.160912
5.160912
5.612110
5.473904
4.863452
4.863452
5.321985
5.321985
9.671867
8.219368
4.854545
4.854545
4.936724
4.936724
5.466522
5.466522
4.830233
4.830233
4.984719
4.984719
5.131683
5.131683
5.131683
5.269765
7.173547
5.287232
5.287232
7.141987
4.815952
5.414581
4.856755
9.485192
5.001916
5.001916
5.539408
5.289864
6.171529
7.233304
5.573400
5.573400
5.573400
5.823160
4.860722
4.869371
5.418356
4.994898
4.994898
4.994898
6.467451
6.306949
5.696666
6.627553
6.627553
4.920152
4.885790
5.378213
6.466035
6.466035
4.926023
4.926023
6.485465
5.148410
5.356329
5.356329
5.356329
4.932413
6.622780
5.462865
5.462865
5.477111
5.666833
5.295504
5.296797
4.895205
4.895205
5.499668
5.526538
5.526538
4.909385
5.732813
5.732813
4.944231
4.944231
5.504415
8.435604
8.435604
5.582268
5.582268
4.887144
4.887144
4.887144
5.036027
8.132961
8.132961
5.094037
4.841306
6.862323
6.862323
6.862323
4.924842
4.924842
4.924842
5.440795
5.440795
5.440795
4.834674
4.834674
4.841314
4.871904
8.228998
8.228998
5.290837
4.880708
4.880708
5.088177
7.478728
5.439602
5.439602
5.507984
5.621849
4.946045
5.038876
5.038876
5.601773
8.000469
4.903003
4.903003
5.059273
5.315356
5.315356
5.009536
7.617946
4.992497
4.992497
4.909482
4.909482
4.854484
4.854484
4.901186
4.802575
4.866225
4.866225
6.317554
6.317554
6.317554
5.458887
5.458887
5.252392
5.252392
5.252392
8.195236
5.525373
5.343285
5.558188
5.558188
5.322989
5.223395
5.367392
5.367392
4.877605
4.877605
4.877605
5.079073
4.931186
5.008414
5.008414
5.008414
7.393293
7.326157
4.962859
4.962859
7.394241
4.920929
4.920929
7.025691
7.025691
7.993144
7.993144
7.993144
5.005172
5.005172
6.019815
6.019815
5.567640
6.839737
5.246676
5.246676
5.246676
4.952821
4.952821
5.194826
5.482875
5.316304
4.904816
5.382835
5.382835
5.807281
5.594255
5.594255
5.594255
5.322379
5.322379
4.933411
5.299224
5.299224
5.482197
5.259651
5.259651
5.341358
4.820555
4.820555
5.457706
5.007146
5.007146
5.007146
6.111637
4.839561
5.461511
5.461511
5.308725
5.308725
5.308725
5.594539
5.299979
5.299979
8.884850
6.578912
6.578912
6.578912
5.790634
5.790634
5.612351
7.757076
7.955337
5.709704
5.709704
5.435720
5.435720
5.428764
4.856811
5.527658
5.527658
4.993591
4.993591
5.124130
5.124130
5.536966
4.989890
5.403680
5.071568
5.071568
5.071568
5.071568
5.331682
4.981881
4.981881
4.981881
4.981881
5.073746
5.073746
5.073746
5.073746
5.023017
5.023017
5.491685
5.491685
4.858317
6.178125
5.826365
5.826365
5.098084
5.098084
5.189212
5.189212
5.031584
5.031584
4.900221
4.900221
5.539575
5.370172
5.507830
5.862970
5.638604
5.384026
5.473020
5.473020
5.125312
5.125312
4.994437
5.477154
4.994437
5.477154
5.130832
5.130832
6.505084
5.010896
5.496392
5.496392
5.496392
4.991923
4.991923
5.290371
4.899730
4.899730
4.864019
4.844655
4.844655
4.844655
4.895288
4.895288
4.850704
5.094552
5.534564
5.534564
5.491556
5.491556
8.059647
5.924932
5.924932
5.714089
5.714089
5.842732
5.842732
5.161423
4.843999
5.627183
5.627183
5.485610
5.485610
5.257653
5.257653
4.923439
4.923439
5.561839
4.790082
5.366497
5.366497
5.366497
5.366497
6.150502
7.868911
9.589122
9.589122
9.589122
4.884278
5.580345
5.580345
4.843989
4.843989
4.843016
4.778025
5.272748
5.487399
5.455400
5.455400
5.645647
5.645647
5.351788
5.518546
5.716210
5.572046
5.716210
5.317429
4.851613
4.851613
4.961510
4.961510
4.961510
5.001558
5.001558
8.197889
5.619860
5.619860
5.045025
5.290817
4.948262
5.351932
5.351932
5.003047
5.003047
5.003047
4.745882
4.745882
4.745882
4.745882
5.453706
4.910253
4.910253
5.493766
5.034115
5.034115
5.409469
5.246116
5.638010
5.638010
8.211459
5.107942
5.107942
4.819637
4.966076
4.966076
4.854918
4.941847
4.854918
4.941847
5.451447
5.451447
5.166298
4.948132
4.948132
4.914430
4.977251
4.977251
4.977251
6.522503
6.522503
5.353211
4.906053
4.906053
5.659389

5.949409
6.425508
6.425508
6.425508
7.397341
7.397341
7.397341
5.520869
5.529803
5.529803
5.665575
5.366458
4.859904
4.859904
5.065971
5.499961
5.049346
5.520395
4.875595
5.352266
5.352266
5.352266
5.352266
5.352266
5.352266
5.869976
4.874528
211409
211409
4.864395
4.864395
4.940169
4.940169
7.325603
7.325603
5.115213
4.812857
5.355784
5.355784
5.355784
4.869354
4.869354
8.101022
4.818270
4.818270
4.818270
4.818270
5.844667
5.844667
5.394391
5.394391
5.367120
4.857171
5.304219
5.304219
5.398953
5.398953
4.964537
5.151004
5.151004
5.151004
5.280996
6.554297
6.554297
5.315569
5.315569
5.534946
5.626070
4.934880
4.934880
4.921605
4.921605
5.322374
4.768017
5.124977
5.124977
5.124977
5.458898
5.066192
5.066192
5.567942
4.922787
6.921893
6.921893
6.310555
4.844702
4.861491
4.861491
5.170341
5.437405
5.438921
5.733408
8.135770
8.135770
5.467506
5.353121
5.353121
5.468418
5.045707
5.093476
4.865404
5.204277
5.204277
4.809980
4.809980
5.012614
5.521654
5.521654
5.521654
4.873993
4.873993
4.824898
4.824898
4.824898
4.824898
4.883806
4.903488
5.608256
5.325139
4.777568
5.713546
5.713546
5.612396
5.612396
4.923379
4.923379
4.923379
5.141914
5.141914
5.540877
5.540877
5.236299
5.564374
5.564374
5.789682
5.173616
5.173616
8.342485
5.474037
5.474037
5.545866
4.904135
4.904135
5.008139
5.008139
10.531538
10.531538
10.531538
5.829427
5.655300
5.655300
6.665685
5.499364
4.909127
4.909127
4.909127
5.127883
5.127883
5.159929
5.159929
4.851030
5.599240
5.599240
5.599240
5.468533
5.108184
5.299823
5.299823
5.063668
5.063668
5.563990
5.550456
5.654440
5.654440
5.098262
5.120713
5.120713
5.642073
5.183454
5.183454
5.395342
5.395342
5.309503
5.309503
5.564766
5.564766
4.905754
5.756445
5.756445
5.514660
5.514660
5.514660
5.650706
5.650706
5.650706
4.817206
4.952610
5.377508
5.377508
5.377508
6.980503
6.980503
6.980503
4.920326
4.920326
5.508364
5.575614
4.951235
4.951235
5.583203
5.583203
5.396178
5.469583
5.469583
5.648471
5.352681
5.352681
5.644985
5.266263
4.894795
4.894795
4.894795
4.961635
4.961635
4.961635
4.961635
4.696914
5.480046
5.480046
5.480046
5.607100
4.885944
4.858058
4.858058
4.858058
4.966148
4.966148
5.408181
4.949029
4.949029
4.832205
7.020403
7.020403
7.020403
4.953737
7.736697
7.736697
4.885839
4.795749
5.718144
5.459568
5.242776
5.242776
5.358801
5.358801
4.864426
5.299652
4.857625
4.857625
5.486587
5.486587
4.884875
5.661342
5.392526
5.392526
5.392526
5.987119
5.987119
5.987119
5.506203
5.506203
5.517200
4.759815
7.654329
7.654329
5.113038
4.833884
7.324935
7.324935
8.087886
5.055432
6.284404
5.416727
5.416727
5.043574
5.043574
5.320096
5.320096
5.567600
5.567600
5.567600
5.177941
5.300896
5.651640
5.245193
5.245193
4.797935
5.516523
5.343618
5.343618
7.854351
4.864184
4.941041
4.941041
4.941041
5.690306
5.690306
5.291490
5.291490
5.154343
5.618058
5.618058
5.408304
5.480323
5.480323
6.073579
6.073579
4.882876
5.251323
5.251323
9.989020
9.989020
5.676526
5.676526
5.676526
7.482398
7.482398
7.482398
4.752818
5.317225
5.317225
5.257333
5.585488
5.589052
5.589052
5.513997
5.630921
5.785047
5.733928
5.733928
5.072946
5.473597
5.452489
6.393043
5.389907
5.389907
5.352038
5.352038
5.352038
4.874603
5.206516
6.894075
6.894075
5.497575
5.621877
4.855081
4.855081
5.075122
5.058981
5.058981
4.876758
4.809384
4.809384
4.995314
4.995314
4.995314
4.840041
4.840041
4.855606
8.682339
5.515214
5.400088
5.238960
5.238960
5.638979
5.026948
4.739121
4.739121
4.739121
5.810666
5.289426
5.289426
6.125036
4.880706
4.880706
4.880706
5.381022
5.063734
5.063734
5.332167
4.948791
5.499541
5.499541
5.499541
5.499541
7.657627
7.657627
4.770541
5.819361
4.922320
6.095985
6.095985
5.527648
5.527648
5.008520
5.765757
5.765757
5.555733
5.289991
5.289991
5.340425
5.419432
5.419432
5.012148
4.942024
5.498054
5.354741
5.354741
8.299757
8.299757
8.299757
5.354690
4.970155
5.550245
5.550245
5.321713
5.321713
5.321713
6.355705
6.355705
6.355705
5.805108
5.805108
5.805108
5.805108
4.911574
8.229996
5.796577
5.796577
6.534109
6.534109
7.336475
7.336475
4.873431
4.977252
5.043343
4.903978
5.432108
5.417485
5.417485
5.088636
5.524172
5.524172
5.550093
5.512095
5.512095
5.168855
4.882104
4.882104
5.427472
5.427472
5.043114
5.030697
5.030697
5.113941
5.091093
5.091093
5.091093
5.091093
5.620002
4.877144
4.965741
4.965741
8.549125
8.549125
8.549125
8.549125
5.061449
5.894409
5.894409
5.894409
4.879696
7.516302
4.940520
4.846287
5.957596
5.957596
8.212682
8.212682
4.864633
5.403133
5.599770
5.521266
5.587520
5.411295
5.449095
5.449095
5.453182
4.987425
4.902174
4.902174
4.782492
4.782492
5.086219
5.086219
5.435516
5.332860
5.464220
5.036911
5.036911
5.036911
5.036911
5.036911
4.895841
4.951977
4.951977
5.465203
4.906341
5.171931
5.171931
5.655449
5.655449
5.004401
5.130749
5.130749
5.130749
5.108018
5.520415
5.520415
4.794655
5.484046
5.008532
5.555699
5.534121
5.534121
5.165768
5.506701
5.067790
4.716297
5.704757
5.704757
55.098375
5.123564
5.123564
5.895727
5.895727
5.557101
5.557101
5.796202
5.177018
5.177018
5.106938
5.106938
5.106938
5.106938
5.106938
4.964922
4.927047
5.629105
5.790788
6.173838
9.016151
9.016151
4.933905
4.933905
4.935939
4.780994
4.931259
4.931259
6.154806
5.674870
4.849172
5.327279
5.407239
5.407239
8.167192
5.271627
4.854509
5.504094
7.870317
7.870317
7.870317
7.870317
7.870317
6.965994
6.965994
4.923694
5.535510
5.694652
5.588125
5.480189
5.480189
4.976812
4.976812
4.976812
5.371529
5.371529
4.972128
4.937034
4.937034
6.143003
5.203711
5.203711
4.920635
5.133257
4.675514
5.375096
5.375096
5.217437
5.217437
5.419990
5.617377
5.230951
4.967149
5.022963
5.022963
5.520372
4.859094
4.859094
5.516706
5.516706


5.180651
4.998710
4.998710
4.998710
7.278587
7.278587
4.901425
4.901425
4.901425
5.409509
5.409509
7.614492
7.614492
9.458022
4.900942
5.353634
5.353634
5.857601
5.857601
5.857601
5.857601
7.135301
5.376588
5.376588
4.8972394.897239
5.213370
5.493085
5.143859
5.563245
5.563245
5.598047
6.071521
5.793528
4.869417
4.869417
5.525270
5.525270
5.442043
5.371406
5.339992
5.339992
5.339919
4.898619
4.898619
5.154625
5.154625
5.154625
5.154625
4.771056
7.939763
7.939763
7.939763
5.465097
4.898217
4.699810
4.699810
5.039136
5.039136
4.800408
4.800408
4.800408
4.834082
5.548927
5.175737
4.899513
5.112986
5.523368
5.384799
5.384799
4.954236
4.954236
5.089042
4.889817
4.922350
4.903767
4.903767
5.497559
5.497559
4.925290
4.909119
7.192013
5.330375
5.330375
4.967472
5.633143
4.821580
4.821580
4.821580
5.271178
5.271178
4.777590
7.436064
4.777590
4.878667
5.420795
7.370752
4.993774
4.993774
4.908387
5.187627
5.623788
5.623788
4.885853
4.885853
4.885853
5.339924
5.538378
5.538378
4.855080
5.149546
5.562912
5.562912
5.465282
5.465282
5.263702
4.903740
4.903740
5.792019
5.006597
5.006597
5.225092
5.225092
5.225092
5.432019
4.856141
4.856141
4.856141
5.716762
5.315323
5.315323
6.707242
5.560644
5.560644
7.947922
4.905892
4.828664
4.905892
4.828664
5.577519
4.872297
4.872297
4.867901
4.867901
4.867901
4.841945
5.426877
5.632218
4.920065
5.487473
5.487473
5.281819
5.281819
5.488699
4.912918
4.912918
4.912918
7.458225
5.402529
5.550381
5.492246
5.449623
5.449623
5.339461
5.339461
5.339461
4.919095
986201
986201
986201
5.683015
4.838216
5.486106
5.486106
5.486106
5.044476
5.044476
5.277656
4.855222
4.855222
5.520196
5.520196
5.520196
4.868226
5.921871
5.921871
4.828450
4.927337
5.617966
5.617966
5.421274
5.421274
5.294776
4.937950
4.937950
4.937950
6.413302
6.413302
6.413302
4.714788
4.714788
7.520665
7.520665
5.178936
5.112976
5.112976
5.798200
5.798200
4.986310
4.986310
4.857833
6.609181
6.609181
6.609181
4.851100
4.927862
4.927862
4.927862
4.920069
5.038701
5.038701
5.038701
4.958073
4.641859
4.641859
5.186944
5.186944
5.531313
4.940771
5.424911
5.622671
4.938586
4.938586
5.657546
5.321705
5.242990
5.242990
8.251476
8.251476
5.205591
5.427536
5.427536
5.427536
4.953018
7.691472
7.691472
7.691472
5.763221
5.392025
8.912404
8.912404
8.912404
4.929500
4.929500
6.854211
4.923175
4.923175
6.564245
4.798682
4.798682
4.798682
5.364447
5.760218
6.433990
4.837942
4.839830
4.839830
5.076084
5.312760
5.312760
5.312760
5.396147
5.396147
5.396147
7.916178
5.736623
5.594907
5.594907
4.985556
4.985556
5.239924
5.239924
4.971038
4.951531
5.182991
4.848743
7.404008
4.954005
5.430051
5.505834
5.505834
5.505834
5.021123
5.021123
4.964032
6.461817
6.461817
4.976739
4.873081
4.873081
5.250135
5.250135
5.819058
4.845487
4.845487
4.635383
5.312371
4.899702
4.899702
5.625065
5.161397
5.161397
5.273402
5.273402
5.513421
4.995556
4.995556
5.630349
5.637531
5.637531
5.637531
5.023167
5.023167
5.023167
5.023167
7.720057
4.902840
5.049925
5.511386
5.511386
4.977113
4.977113
4.977113
4.994552
4.936743
4.741985
4.741985
5.252436
5.252436
5.603653
8.285448
4.959205
8.285448
8.285448
8.285448
5.691379
5.691379
5.398304
5.427550
5.606434
5.068623
5.068623
7.883074
4.988704
4.988704
5.025325
5.025325
5.025325
5.025325
5.467079
4.956799
4.956799
5.467254
4.880911
4.880911
4.880911
5.596200
5.638450
4.965103
4.965103
4.916788
4.952675
7.540583
7.540583
4.948908
6.432143
6.432143
6.432143
7.405005
7.405005
5.407040
5.401640
4.752735
5.491363
5.504335
5.438483
5.438483
5.331030
6.013661
5.620386
5.620386
5.044057
4.771849
4.771849
4.803309
4.803309
5.520207
5.520207
5.385897
5.385897
4.726196
6.565792
6.565792
6.565792
4.699064
5.711134
5.711134
5.468089
5.468089
5.364875
5.364875
5.565833
5.565833
5.565833
4.867673
5.670318
5.200579
5.200579
5.200579
5.523207
4.665609
4.665609
4.762909
4.762909
4.762909
5.358596
4.820711
5.448551
5.363303
5.464924
5.566361
5.539724
5.331030
5.460722
5.460722
5.626759
4.862075
4.862075
5.541738
7.660860
7.660860
7.660860
5.156369
5.156369
5.005798
5.005798
7.506195
7.506195
7.506195
4.876255
4.877265
4.877265
4.833460
6.779576
6.779576
8.253875
8.253875
5.785734
4.909020
4.909020
4.645169
4.645169
4.856612
4.856612
4.856612
5.053273
4.947887
5.675114
5.478420
5.559423
5.559423
5.058734
5.563168
5.563168
8.147552
8.147552
8.147552
4.963830
5.614027
5.614027
5.614027
5.614027
5.766144
4.977399
4.855541
4.855541
5.561195
5.561195
4.949940
4.949940
4.949940
4.949940
4.949940
4.924941
5.133061
5.580316
5.675784
5.675784
4.858217
4.713837
4.713837
5.000527
5.180400
5.180400
7.237963
5.249959
5.590675
8.016435
8.016435
5.568208
4.850954
4.850954
5.688894
5.688894
5.472529
4.862065
5.782258
5.782258
5.782258
7.439699
7.439699
4.897284
4.897284
5.598194
5.598194
5.598194
5.598194
5.598194
5.598194
5.495198
5.495198
5.283143
4.941619
4.941619
7.443018
7.443018
5.334329
5.334329
4.920855
4.813459



4.839094
4.839094
4.839094
7.981726
5.254432
5.353732
4.835658
5.751323
5.513767
5.615652
5.615652
5.209291
5.396098
5.622908
5.207838
5.207838
5.207838
5.207838
6.118854
4.865943
4.902219
4.902219
4.902219
4.901525
4.901525
5.429931
4.913331
4.903895
4.903895
4.903895
5.874977
5.874977
5.531274
5.283457
5.283457
5.283457
4.883790
5.611564
4.892050
5.370644
5.370644
5.102470
5.694248
5.694248
5.428213
5.339668
5.339668
5.652129
5.652129
5.571136
5.038634
7.935264
7.935264
5.593848
5.593848
5.593848
5.593848
5.477570
5.477570
5.477570
4.967348
4.967348
5.792067
4.823141
4.823141
4.995761
4.995761
4.995761
4.995761
4.995761
5.168170
4.838078
4.838078
4.838078
4.870344
5.464742
5.671696
4.931890
4.931890
4.930958
4.930958
4.930958
4.847537
4.795054
5.283425
5.283425
5.209685
5.470456
5.664796
5.209027
5.209027
5.209027
5.520914
5.520914
5.473796
5.523935
5.523935
5.614082
6.680504
6.680504
8.042252
5.511599
5.511599
5.605424
5.591197
5.592341
5.592341
5.592341
5.592341
5.312704
8.997483
8.997483
4.919094
4.919094
4.919094
5.620244
5.620244
5.292779
4.770748
4.770748
4.770748
5.556775
5.551514
4.918116
4.815038
5.719939
5.277016
5.574386
5.574386
4.833929
4.833929
5.376617
5.376617
4.891436
4.891436
6.935148
5.330393
5.330393
8.289984
4.870889
5.873169
5.873169
5.084052
5.084052
4.927289
4.927289
6.153157
4.926631
5.707178
5.707178
5.707178
5.562708
4.982715
4.982715
4.982715
4.982715
4.917032
5.387491
5.387491
5.387491
6.017576
4.712759
5.452027
5.452027
4.983219
5.401989
5.401989
5.462068
5.405823
5.218923
5.394135
5.394135
5.005122
5.405074
4.961680
4.961680
5.629021
5.629021
4.971879
5.393625
5.393625
4.718620
4.718620
4.801408
5.683629
4.937795
5.717107
5.717107
5.717107
4.893386
4.893386
4.801406
4.801406
5.804400
5.554974
5.554974
10.165749
4.905325
4.905325
9.146868
9.146868
5.042293
4.888599
9.909396
5.656464
5.564131
5.564131
4.921865
4.921865
5.561297
7.995405
6.849474
5.837651
5.837651
5.497030
7.060908
286863
286863
5.298722
4.974261
5.363679
4.982855
4.830563
4.830563
5.409632
4.988954
4.988954
4.888363
4.888363
4.912613
4.912613
4.912613
5.129172
5.129172
4.865357
5.017042
5.277441
4.826717
4.889552
4.889552
7.912914
5.505848
5.505848
5.505848
5.015225
5.521003
5.540983
5.540983
5.708102
5.030534
6.144789
6.144789
4.907657
4.907657
5.157970
5.584545
5.612283
5.612283
5.489315
5.363710
5.363710
5.052877
5.102059
5.102059
6.881799
6.881799
5.618347
5.329531
5.319236
4.957704
4.957704
5.867364
5.867364
4.994364
4.994364
5.187610
5.105688
5.105688
5.508780
5.508780
4.860142
5.098285
5.098285
5.098285
5.514544
5.514544
5.451095
4.900580
4.900580
4.900580
5.544265
5.544265
5.507583
5.759837
4.839006
5.660028
4.982308
4.982308
5.280507
5.280507
5.280507
5.654751
5.654751
5.654751
5.136387
4.857056
7.913338
6.297209
6.297209
6.297209
6.297209
6.145766
4.801900
5.146272
5.049919
5.049919
4.815474
5.288214
5.538403
5.538403
5.525285
5.150398
5.150398
5.150398
5.648566
5.648566
5.660698
5.796891
5.127638
5.127638
5.488749
5.488749
5.595713
5.411999
4.793114
4.793114
4.948043
8.310504
4.956964
4.956964
4.956964
7.466177
7.466177
5.458388
5.537875
5.306056
5.847711
5.847711
5.411280
5.431171
5.546908
5.546908
4.959836
5.355363
4.889529
4.794037
4.794037
6.152157
6.152157
4.898859
6.569255
5.456067
5.207571
4.896454
7.874054
5.130594
5.818738
5.818738
8.264990
5.166642
5.166642
5.526109
6.039234
5.781968
5.781968


5.515597
5.515597
.021165
.021165
.021165
4.908243
5.395602
5.395602
4.879936
4.879936
5.074491
5.852674
5.180492
5.180492
4.903707
5.256346
4.801600
4.801600
5.410847
5.410847
5.740693
5.652955
5.343495
5.343495
5.674591
5.674591
4.797076
5.461483
5.442871
5.442871
5.471369
5.147059
4.915506
5.450351
4.905797
4.905797
5.592028
5.682016
5.161427
4.815142
4.815142
4.815142
4.866506
5.430991
4.839934
4.839934
4.928212
4.928212
4.928212
4.928212
4.907364
4.907364
4.939095
4.904564
6.943466
6.943466
6.943466
4.900350
4.828692
4.707807
6.559676
6.559676
4.959726
4.959726
4.902514
5.077573
5.396812
5.686653
5.509091
7.864526
7.864526
5.381630
5.555509
4.771767
4.771767
5.674401
4.945033
4.945033
4.945033
9.116835
5.338200
5.338200
5.571711
5.011753
5.576942
5.576942
5.576942
5.323152
4.921179
44.805461
5.657740
5.657740
55.275792
5.275792
4.935454
4.935454
5.722012
5.001186
5.001186
4.923461
4.762673
4.823633
5.384391
5.327756
5.463160
8.032300
8.032300
8.032300
5.490690
5.630782
5.402966
5.402966
4.922628
5.441014
5.561861
5.561861
5.527632
5.527632
4.977521
4.977521
8.191066
4.899383
5.294960
5.294960
7.856254
5.400220
7.568620
7.568620
7.568620
5.597344
5.597344
4.895448
5.326548
4.694787
7.592806
7.592806
5.323607
5.103555
5.103555
4.871689
4.871689
4.751467
4.751467
4.751467
5.775695
5.630213
5.492759
4.886445
4.886445
5.432543
5.432543
5.432543
5.666774
5.473495
5.473495
5.223533
5.697955
5.565912
5.565912
4.866287
4.878693
4.952157
4.857202
4.857202
4.851181
5.359665
5.359665
5.482048
5.275309
5.275309
4.859153
4.903072
4.878209
4.878209
4.878209
8.850001
8.850001
5.846379
5.846379
5.171481
5.171481
4.845372
4.845372
5.334465
5.468972
4.947020
5.361249
5.361249
5.811510
5.583578
5.515343
5.515343
4.864403
4.864403
5.602639
5.602639
4.794235
4.794235
4.863455
5.457166
5.457166
5.511813
5.511813
5.391448
4.933404
4.835402
4.835402
5.727084
5.727084
4.980207
4.980207
5.396134
7.281871
10.172308
5.501335
5.501335
6.582497
5.476882
5.397413
5.397413
5.397413
8.317700
8.317700
5.432727
5.432727
5.148943
5.148943
5.330242
5.330242
5.241638
5.317260
5.317260
4.854884
5.582273
7.427892
5.263714
5.487937
5.487937
5.487937
5.482756
5.482756
5.324278
5.324278
799856
799856
799856
5.587871
5.587871
5.587871
5.235842
6.174115
4.988192
4.988192
4.988192
5.032092
5.032092
4.871585
4.871585
4.871585
4.987031
5.068774
5.068774
5.068774
7.220678
5.347767
5.658950
5.357949
4.906650
4.917693
4.917693
5.471936
5.471936
5.211286
5.554029
5.360184
5.360184
5.634507
6.539857
5.696664
5.696664
5.343550
4.839219
4.870738
4.870738
5.318899
4.972497
7.719261
4.950287
4.858450
4.950287
4.947408
5.460425
5.460425
5.544363
5.072652
5.249457
5.249457
5.664825
5.664825
4.722296
4.942634
4.942634
4.942634
5.042877
5.931942
5.453985
5.607366
4.832639
4.832639
5.431295
5.090031
5.470369
5.470369
5.299238
5.299238
5.086127
5.086127
5.086127
5.321540
7.387521
5.779534
5.779534
5.608006
5.517872
5.517872
4.832920
5.705160
4.887858
4.887858
4.967045
5.161646
5.161646
5.161646
5.061940
5.061940
5.061940
5.061940
5.061940
7.489416
7.489416
5.724673
5.724673
4.830244
5.188519
8.523891
5.571714
5.571714
4.977165
4.977165
5.296143
4.879772
5.090034
5.090034
5.342238
5.475218
5.475218
5.475218
4.951418
4.951418
5.734988
5.250217
5.250217
4.871092
4.956058
4.871092
6.520549
4.994287
4.994287
4.994287
4.913961
5.770186
5.113380
5.113380
5.113380
5.633915
5.633915
4.844199
4.840762
4.840762
5.629585
4.732533
4.732533
5.361438
5.658313
5.095066
5.663847
5.503691
5.503691
5.717899
5.386689
5.386689
5.626692
5.626692
5.769080
5.688292
5.688292
5.688292
5.553618
5.553618
7.359135
7.359135
4.930605
5.460772
5.460772
5.021848
5.021848
5.021848
6.054380
4.805798
5.018207
5.018207
4.917027
4.917027
4.917027
5.855333
5.719151
4.997561
4.997561
4.997561
4.997561
4.997561
5.011571
6.585700
5.263019
5.058571
5.241067
4.998510
5.703281
5.032111
5.678365
5.032838
4.881449
4.881449
7.491500
5.493358
5.493358
4.900128
4.896809
4.896809
4.879179
5.563074
5.563074
5.350041
4.913860
5.186683
5.023104
4.940238
4.940238
4.940238
5.765331
4.968117
5.373255
5.373255
5.306790
5.306790
5.315033
4.861090
4.861090
4.861090
6.436843
4.879061
5.479483
5.544869
4.861544
4.861544
5.590171
4.845837
4.845837
4.917941
4.917941
5.099687
5.624652
5.495597
5.311889
5.311889
5.465344
5.020454
5.020454
5.020454
5.020454
5.060975
4.811859
4.811859
5.472216
5.065656
5.642984
5.642984
5.642984
7.635390
5.437323
4.915896
4.915896
5.493308
5.493308
8.366243
8.366243
5.458668
4.817484
5.553315
5.553315
5.553315
5.536481
5.536481
5.536481
5.657610
5.839253
5.156958
5.156958
5.552785
5.552785
5.131432
5.131432
4.813324
5.467343
5.467343
5.786058
5.552290
5.378764
5.378764
5.378764
5.324679
4.932137
4.932137
4.932137
4.921223
4.948136
4.948136
4.916758
4.916758
5.395354
5.395354
5.692439
5.692439
7.274702
5.511735
5.511735
4.932389
4.932389
5.491621
5.753087
5.753087
5.753087
55.355943
6.442843
4.771872
5.701704
5.701704
4.873586
4.873586
8.251349
8.251349
5.426106
4.937636
5.568625
5.209173
5.209173
4.951451
4.951451
4.962469
4.962469
5.642589
5.642589
5.521975
5.541671
5.439584
5.439584
5.439584
7.755656
7.755656
7.755656
7.755656
5.170318
4.826264
4.826264
.771245
.771245
.771245
.771245
4.929908
4.805645
5.202233
5.202233
4.799747
5.330435
5.227897
5.535368
5.535368
8.280143
8.280143
5.340800
5.340800
5.245096
4.921065
4.921050
5.690716
5.327666
4.888811
5.317902
5.317902
4.867407
4.867407
5.709370
5.709370
4.960186
4.960186
4.866547
4.810437
5.261856
5.261856
5.261856
5.651303
4.895268
4.901429
4.901429
5.387855



4.759918
4.694540
4.810548
5.463709
5.280208
5.245065
5.290730
5.526344
5.526344
5.260760
5.260760
5.708392
5.002875
5.002875
5.002875
5.568200
5.568200
5.324543
5.959910
5.324543
4.878345
4.878345
5.515187
5.195837
6.136215
6.136215
5.516383
4.877530
4.877530
5.475854
4.864282
4.864282
7.198592
7.198592
5.508035
4.868206
4.863396
4.863396
5.430769
5.430769
5.430769
6.255499
5.555896
5.555896
4.847961
5.749196
5.511189
4.982251
5.001452
5.294399
5.294399
4.909717
4.909717
5.326204
5.613783
5.382830
5.382830
5.382830
5.382830
4.985853
4.985853
4.985853
4.815928
4.815928
4.688068
4.688068
5.380984
5.380984
5.380984
4.732163
5.769063
5.321973
5.321973
5.844979
5.257961
4.944359
4.944359
5.450029
5.450029
5.491616
5.226092
4.691343
4.691343
4.675196
4.882945
4.882945
5.524901
5.354440
5.779507
5.449761
4.900953
4.900953
5.335759
4.963910
4.963910
4.901605
4.901605
8.056359
8.056359
8.056359
5.563023
5.563023
5.563023
4.894917
4.894917
4.860955
5.522170
5.522170
5.522170
5.501819
5.433648
5.314303
5.314303
5.314303
5.545387
5.373169
5.373169
4.876232
4.876232
4.876232
8.130009
4.888125
6.653851
6.653851
6.653851
6.671683
5.810897
5.405924
5.405924
5.116422
5.232196
5.863487
4.964233
4.964233
5.615747
5.615747
5.810134
5.460224
5.460224
5.115102
5.803861
6.490653
65.149205
5.653245
5.980632
5.980632
5.366952
5.566021
5.566021
6.704746

4.841275
4.841275
5.191147
5.191147
5.191147
4.859398
4.859398
6.086128
6.086128
5.417158
5.417158
5.417158
4.915200
5.733024
5.219017
5.815848
5.815848
5.477138
5.227270
5.172187
5.172187
5.263211
5.263211
5.263211
5.196281
5.196281
4.897044
6.556549
5.579782
5.579782
7.928592
7.928592
4.853015
4.853015
4.925342
4.925342
5.159172
5.099451
4.905064
4.905064
5.338261
5.338261
5.710583
5.802021
5.802021
5.5.309508
4.882576
4.837331
4.837331
4.852890
5.187091
5.187091
5.529272
5.243941
5.636821
5.210506
5.420856
5.420856
5.798601
5.798601
5.120920
5.120920
5.511619
5.906266
5.906266
4.899059
5.576683
5.576683
5.493364
5.493364
5.692815
5.692815
5.522410
5.030680
6.041300
5.035063
5.035063
5.010479
5.007801
4.841893
4.841893
5.082969
5.332560
4.834703
4.834703
4.867392
4.867392
4.867392
5.609021
5.609021
5.001431
5.001431
5.001431
5.481496
5.481496
5.481496
5.360931
5.142630
5.142630
4.775152
4.954996
4.954996
5.493674
4.835758
4.835758
4.957908
5.929405
5.929405
4.901747
5.662333
5.662333
4.896057
4.896057
5.262671
5.262671
4.809740
4.809740
5.501948
4.920331
4.920331
4.864654
5.036247
5.036247
4.940049
5.111703
4.940049
4.940049
4.885037
6.029295
4.763345
4.763345
4.763345
4.973039
4.926985
5.811345
5.111809
5.823856
5.823856
5.675963
4.786627
5.579080
5.500784
5.500784
5.500784
5.500784
4.935065
5.232705
5.923731
5.923731
4.909460
4.909460
4.909460
4.909460
5.530275
5.519612
5.519612
4.946952
6.303284
6.303284
4.853195
4.853195
4.853195
5.307398
5.147667
5.147667
5.433957
5.433957
5.433957
6.289141
4.997728
4.997728
5.785365
5.785365
5.815884
5.525543
5.525543
5.574747
5.567614
5.567614
5.580989
5.580989
5.494585
5.786213
4.871719
5.539979
5.539979
5.539979
5.539979
5.660948
5.223339
5.223339
5.223339
5.492767
4.837788
4.837788
4.912419
4.912419
4.912419
4.871561
4.867201
4.867201
5.275450
4.734728
4.734728
4.961846
4.961846
5.190146
4.908805
4.875487
4.875487
4.875487
4.875487
4.734216
5.254385
5.254385
5.390709
5.390709
5.406101
5.459934
4.758638
4.758638
5.208962
5.208962
5.531513
4.918114
5.622166
5.622166
5.231943
5.220104
5.220104
5.220104
5.375452
4.832260
5.573422
5.573422
6.554754
4.831175
4.831175
4.831175
4.882652
4.821918
5.129359
5.129359
5.129359
4.895686
4.895686
5.354410
6.069609
6.069609
5.668837
5.676025
5.555785
5.095679
5.646202
5.307395
5.307395
4.905855
5.454723
5.327575
5.465521
4.859843
4.920833
4.920833
4.920833
8.316050
8.316050
5.599344
4.952024
4.952024
4.952024
4.952024
5.000237
4.952370
4.952370
4.952370
4.952370
4.946129
4.946129
4.891792
4.970877
4.970877
4.970877
4.970877
5.266989
6.828647
6.828647
64.877706
4.877706
5.904546
5.904546
4.759733
4.759733
5.316830
4.965181
4.965181
5.575565
5.664719
4.831144
5.453285
5.453285
5.453285
5.453285
5.471974
4.976471
4.976471
4.976471
4.808604
5.315177
5.315177
5.986043
5.986043
5.330229
5.330229
4.756736
4.756736
5.377301
5.153197
5.153197
5.545460
5.247952
5.358682
5.358682
5.715587
5.715587
5.558126
5.558126
5.558126
6.995476
5.077501
5.695329
5.268048
5.268048
5.487455
5.305911
5.305911
5.595940
5.256042
5.307886
5.307886
4.771644
4.771644
5.413853
5.413853
5.413853
6.430647
6.430647
6.745848
5.456254
5.456254
5.456254
5.456254
5.470342
5.156600
6.399625
5.559885
5.559885
5.311524
4.938989
4.938989
4.865972
5.068900
5.068900
4.924280
4.924280
5.664386
5.087746
5.087746
5.087746
4.893732
5.070785
5.583032
5.583032
5.498700
5.498700
5.299837
5.530698
5.530698
4.896669
4.896669
5.429190
5.429190
4.912988
4.912988
4.912988
5.673677
5.673677
4.920705
5.504136
5.504136
4.809386
5.008026
4.830906
5.488763
4.907291
4.907291
4.907291
5.700207
7.018479
7.018479
5.422159
5.527556
6.065507
4.953050
4.953050
4.953050
4.876948
6.906216
6.906216
6.906216
5.845033
5.845033
5.286546
5.428151
5.363143
5.363143
5.610501
5.291186
5.744731
5.225367
5.225367
4.846712
5.559843
5.531420
5.276321
5.030386
5.166926
5.166926
4.941089
4.941089
4.941089
4.941089
5.052739
5.052739
5.603576
5.603576
5.441613
4.924783
4.924783
4.924783
4.876826
4.876826
6.691818
6.691818
7.256445
7.256445
7.256445
4.823906
4.806608
4.806608
5.371231
5.371231
5.708962
5.395672
5.395672
5.063857
5.532322
5.532322
5.454798
5.497671
5.497671
5.497671
5.430847
5.430847
5.430847
5.777574
4.936807
4.936807
4.913548
4.913548
54.923863
4.923863
4.923863
4.862764
4.862764
4.862764
4.862764
6.090719
4.911772
5.562968
4.862904
4.862904
8.257175
8.257175
4.821004
6.246925
6.246925
5.916955
6.491914
8.138779
5.331411
5.331411
5.477009
5.477009
5.494670
7.382425
5.319821
5.319821
4.827812
4.865090
4.865090
4.972573
4.972573
5.610421
5.610421
5.213417
5.213417
4.897892
4.897892
5.101614
5.283842
5.127951
4.873247

5.154724
5.154724
5.0807025.080702
5.080702
5.080702
4.944269
4.983303
4.702329
4.711662
5.497384
4.843472
4.843472
4.843472
4.841525
4.953597
4.826768
5.079733
5.254405
5.500776
5.500776
5.102293
8.222323
5.007796
5.582225
5.582225
5.230589
5.754744
7.361530
7.361530
4.934973
5.236925
5.236925
5.236925
5.203695
5.203695
5.203695
6.949893
6.949893
6.949893
6.905539
6.905539
8.129219
8.129219
5.076130
5.076130
5.076130
5.076130
5.212793
5.212793
4.928989
5.550874
5.550874
4.741151
4.849610
6.227137
8.255247
5.483426
5.528599
4.941679
4.941679
5.515195
5.590220
5.596295
4.843261
4.843261
4.978222
4.978222
6.147210
6.147210
6.147210
4.900973
5.606697
5.606697
5.606697
5.033619
5.033619
5.315154
5.315154
4.895392
5.302021
5.302021
5.090377
5.130890
10.463742
10.463742
10.463742
10.463742
4.846579
4.803670
4.803670
6.229332
4.896346
4.874022
4.874022
4.874022
4.814093
4.814093
5.794861
4.909875
4.909875
4.909875
5.434323
5.068166
5.094729
5.094729
5.094729
5.275799
5.767380
4.938004
4.784422
4.784422
4.784422
4.905268
5.011947
5.011947
5.891675
5.029153
5.298624
5.298624
5.887536
5.887536
4.911424
4.911424
4.911424
4.911424
5.635942
4.879300
4.856680
4.843636
4.856680
5.511596
5.511596
4.839642
5.511596
4.839642
6.844563
6.844563
5.665127
5.280036
5.280036
4.935481
5.275321
8.018720
8.018720
7.945678
4.893791
4.893791
4.893791
5.818855
5.818855
5.818855
4.960636
4.960636
8.399526
8.399526
5.537539
5.727853
5.727853
5.727853
5.784431
7.393427
7.393427
7.393427
7.393427
5.298376
5.077411
5.275028
4.882819
5.013207
5.013207
5.543908
6.502366
6.502366
5.021658
5.021658
6.227410
6.227410
5.368154
5.368154
5.627080
5.527851
5.683004
5.524533
5.524533
5.427825
5.427825
5.427825
4.950864
5.187939
4.939235
4.939235
4.967640
5.786138
5.786138
4.787492
5.175403
5.209863
7.787607
5.622569
5.298523
5.298523
5.298523
4.889948
5.229047
4.735752
4.936291
4.936291
4.795628
4.795628
8.414279
5.681562
5.681562
4.863846
4.863846
4.863846
4.863846
5.402172
5.754112
5.754112
5.527484
4.990364
4.990364
4.974522
4.833081
4.833081
5.355976
5.355976
4.928984
5.227980
5.227980
5.227980
6.592119
4.897332
4.897332
4.897332
4.944085
4.944085
4.821917
5.008505
5.406579
5.406579
6.311226
5.834155
5.834155
5.089079
5.089079
5.089079
5.397447
5.397447
4.774382
5.153674
5.153674
5.280481
5.170937
9.898091
9.898091
9.898091
5.590792
5.590792
4.871036
5.744562
5.461972
5.488341
4.967811
4.967811
5.548061
5.015528
5.015528
5.015528
5.344236
5.344236
5.083248
6.493654
6.493654
6.493654
6.493654
6.857162
5.520030
5.184093
5.184093
5.184093
5.381923
5.381923
4.821780
4.821780
7.318691
7.318691
7.318691
5.092718
4.926479
4.926479
4.870732
5.413024
6.602935
5.552828
5.552828
5.126536
5.320022
5.439117
5.276878
5.720360
5.753356
5.466005
5.466005
5.120303
5.014939
5.014939
4.893188
4.893188
5.843789
5.330824
5.843789
5.843789
5.330824
4.842471
4.746793
4.746793
5.203892
5.203892
5.203892
4.889643
4.887494
4.887494
4.901153
4.901153
4.901153
5.300756
5.300756
5.091046
5.091046
4.885484
4.885484
4.861300
4.747393
4.747393
4.747393
5.038417
5.657230
4.884842
5.322031
5.289096
5.545259
5.545259
5.312037
5.374775
5.374775
5.374775
5.620635
5.620635
5.863124
4.988347
4.988347
5.196773
4.880046
5.547908
5.547908
5.348950
5.348950
5.505711
5.505711
4.879944
4.879944
4.885329
4.885329
4.885329
4.826111
5.461665
5.461665
4.952914
4.952914
4.952914
4.857953
5.019355
5.019355
5.019355
4.929275
4.929275
4.853357
4.853357
4.926179
5.561738
5.947679
5.947679
5.473799
4.903693
4.800888
4.882660
4.882660
5.881883
5.667095
5.667095
5.010464
5.010464
5.010464
5.118654
4.898546
4.957997
4.957997
4.939968
4.939968
5.677530
5.595445
5.595445
5.595445
5.595445
5.150025
5.604742
5.604742
5.883058
4.992686
4.904116
4.904116
5.709343
5.897403
5.897403
5.661890
5.576697
5.600528
4.922161
4.922161
5.800491
4.922688
4.922688
4.906491
4.846048
5.391769
5.391769
5.391769
4.859567
4.859567
4.780986
5.579737
6.194095
4.792440
4.792440
4.792440
4.792440
4.906438
5.003357
5.003357
4.891373
5.483307
5.483307
5.483307
7.652684
5.109528
5.096347
5.096347
5.096347
4.838327
4.838327
5.253637
5.253637
5.794198
5.202176
5.202176
5.502354
5.572029
5.749503
5.355977
5.355977
5.267837
5.267837
4.899896
4.900239
5.561014
5.360605
5.349766
4.865954
4.865954
4.865954
7.888137
5.730009
5.730009
5.730009
5.512306
5.512306
5.512306
5.512306
4.893018
5.477819
4.913859
4.913859
4.908864
5.479682
5.414602
5.414602
5.414602



5.153424
5.153424
5.153424
4.870684
4.824063
5.411137
5.266160
5.612988
5.763130
5.379967
5.217473
5.217473
5.412205
5.412205
4.972880
5.819937
5.819937
5.819937
6.551577
6.551577
5.765917
5.765917
5.453958
5.6990375.819432
5.819432
4.979633
4.931708
4.931708
5.704398
5.704398
7.511955
4.817233
4.817233
4.902766
5.121171
5.121171
5.594047
5.594047
6.119573
6.119573
5.303404
5.846672
5.426498
5.426498
6.183572
5.103111
5.568953
5.471755
5.471755
5.553760
4.846924
4.846924
5.578737
5.633991
5.633991
6.172412
6.172412
6.172412
5.573248
7.476369
5.121159
5.121159
4.803883
5.061136
5.061136
5.548374
5.583479
5.583479
5.583479
5.583479
5.123769
4.990898
4.990898
4.962488
5.448343
5.448343
5.414439
5.414439
5.586345
5.586345
6.526410
4.911516
4.911516
4.911516
5.451143
5.335350
5.487966
5.487966
5.298700
5.298700
5.446732
5.350098
5.379915
5.379915
5.370035
5.370035
5.370035
4.956543
4.919652
4.919652
4.919652
5.182065
5.182065
4.887433
4.880855
5.311459
5.311459
4.900968
4.900968
4.881342
4.871082
4.766084
5.454143
5.454143
4.829930
6.841919
6.841919
5.688614
4.827994
4.827994
5.408009
4.895336
4.852703
5.838882
5.275277
5.371540
5.371540
5.693738
5.693738
5.084959
5.084959
5.542245
5.411034
5.411034
5.310888
5.780048
4.872317
4.962640
4.962640
5.604579
4.969187
7.609876
7.609876
7.609876
4.945989
4.945989
4.945989
4.945989
4.937055
4.937055
5.194941
5.194941
4.890081
4.890081
5.492110
5.492110
5.194488
4.855418
8.060693
8.060693
5.311138
5.311138
5.086995
7.297331
5.443916
4.960493
5.318611
5.638818
5.638818
5.466279
5.466279
5.353375
5.353375
5.497468
4.928182
4.928182
4.928182
5.359551
4.869244
4.869244
5.119152
5.197001
7.225603
5.466301
5.466301
5.466301
4.932349
4.932349
5.987151
5.061103
5.516933
5.516933
5.674011
5.577000
5.534215
5.534215
4.829118
4.829118
4.895590
4.895590
4.895590
4.895590
5.841813
8.081265
8.081265
5.323952
5.510802
4.990390
4.990390
4.990390
5.555971
5.555971
5.556130
5.556130
5.624212
5.447632
5.447632
5.226159
5.552423
5.105795
5.105795
5.105795
6.800606
4.847934
56.155368
5.833013
5.708196
5.708196
5.251326
5.251326
5.118309
4.965562
4.965562
4.828093
4.828093
4.828093
5.850138
5.341019
5.341019
5.341019
4.816623
5.593009
5.593009
5.593009
4.994639
5.384584
5.605081
7.799875
7.799875
4.890871
5.865649
5.865649
5.136532
5.136532
4.900223
4.900223
5.885718
5.885718
4.903419
4.903419
4.903419
4.848687
5.160223
4.839757
4.839757
5.362800
5.362800
5.328963
5.328963
5.520271
4.5.043390
5.043390
4.937130
4.937130
5.061185
4.896756
4.662125
4.662125
4.832376
5.108748
5.108748
5.108748
5.399049
5.655079
5.655079
7.889494
5.717973
5.543371
5.543371
4.848953
5.430805
5.194414
5.194414
5.194414
5.397310
5.397310
5.397310
4.756907
5.063343
5.063343
4.875510
6.468245
6.468245
4.859515
4.939262
4.939262
4.938045
5.524227
4.842418
5.461181
5.230516
5.230516
4.914522
4.914522
4.914522
5.092986
5.697929
5.697929
5.442711
5.442711
5.442711
6.716710
5.778366
5.310994
5.617947
5.082870
5.585021
5.585021
5.615816
5.624904
5.602863
5.437584
4.917551
4.917551
5.564284
5.305666
5.305666
5.305666
5.305666
5.111285
5.558141
4.892213
4.856309
4.856309
4.856309
5.593968
4.900014
5.222870
5.222870
4.809789
4.810110
4.810110
5.573633
5.573633
5.705148
5.705148
4.541439
5.189369
5.469893
5.469893
5.635631
5.282458
5.282458
5.104490
5.432859
5.432859
5.039013
4.821037
4.821037
5.263953
5.562358
5.455947
5.705804
5.212695
5.212695
5.212695
4.867291
4.867291
5.316313
5.316313
5.719163
5.719163
4.834407
5.359873
5.359873
5.359873
5.359873
5.359873
4.964801
4.964801
4.964801
6.791401
4.793053
4.835841
4.952647
4.952647
5.408782
4.792405
5.979972
4.836598
5.979972
4.870019
4.870019
5.465685
5.501860
5.501860
5.304045
5.304045
5.304045
5.302361
5.118978
4.905482
4.709727
4.709727
5.626434
5.488836
5.488836
5.488836
5.488836
4.886542
5.041519
5.041519
4.972181
4.972181
4.972181
4.859314
4.859314
4.859314
4.987088
4.905405
6.143432
6.143432
4.868707
4.868707
4.971383
4.907951
4.907951
4.907951
4.907951
4.802257
5.516168
5.516168
7.894969
5.356620
5.030211
5.823472
5.823472
5.676138
4.874675
5.425256
5.425256
5.425256
5.347200
5.699932
5.699932
4.845737
4.845737
5.167285
5.167285
6.870603
5.003186
5.003186
5.003186
6.588099
6.588099
4.879465
5.5.338462
4.955190
5.869774
4.851481
4.851481
5.000197
4.912945
4.912945
5.026171
6.482021
5.774123
5.774123
5.131562
5.478243
5.906058
7.705995
5.192865
5.337377
5.337377
5.558032
5.558032
5.119830
5.119830
5.467777
7.118399
5.330490
4.872769
4.774206
4.774206
4.774206
5.500957
4.876344
5.962981
8.197316
8.057455
8.057455
8.057455
8.057455
6.759367
4.935247
4.935247
5.076878
4.856656
5.130187
4.748203
4.748203
4.878415
4.878415
4.878415
4.822726
4.822726
4.938517
4.938517
4.938517
7.498998
5.757998
5.466199
5.466199
5.665881
5.617852
5.558503
4.871747
4.871747
5.487380
4.845438
4.845438
5.074218
8.464780
8.464780
5.547712
5.319548
5.585743
5.182944
5.963634
5.963634
5.963634
5.963634
5.614487
5.614487
5.614487
4.864328
4.949168
4.984313
4.984313
4.950890
4.950890
5.341838
5.341838
5.368634
5.093028
5.093028
4.991952
4.991952
4.991952
4.994125
5.406978
4.858777
5.514694
5.514694
5.503222
4.978888
4.775689
4.775689
5.506978
5.506978
5.599964
5.599964
7.621876
7.621876
5.105211
5.105211
7.243853
4.900286
5.336656
5.336656
4.950696
4.864535
4.864535
4.864535
5.394947
4.863083
7.839742
7.839742
4.929920
5.232272
5.232272
5.232272
7.450067
7.450067
4.708587
9.269594
4.802806
4.802806
4.802806
7.846637
5.414973
4.930477
8.609596
8.609596
5.495985
5.495985
5.413870
5.459634
5.459634
5.683149
5.055278
5.537129
4.893445
5.522488
5.522488
5.383563
7.467034
4.739033
4.739033
4.739033
4.888272
4.888272
4.888272
6.235395
5.237585
5.237585
5.499099
5.615719
5.608352
5.617078
5.617078
4.891958
4.891958
4.891958
5.351923
5.351923
5.351923
4.848653
4.848653
4.809787
5.723337
5.613150
5.750486
5.943581
5.246713
5.246713
5.246713
5.428897
5.428897
5.502190
4.963149
4.858497
5.608176
5.608176
5.608176
5.382121
5.130139
5.493325
4.913766
5.148300
5.486318
5.486318
6.952142
5.009328
5.009328
5.319006
5.019947
5.019947
7.150844
7.150844
7.150844
4.861296
4.784830
4.784830
5.504150
5.504150
5.425537
4.702169
5.131834
5.131834
5.131834
5.561240
5.431504
5.431504
5.452350
5.452350
5.581433
5.126584
4.835694
5.640225
5.640225
5.640225


4.864536
4.864536
4.864536
4.864536
4.826738
4.826738
4.880246
4.880246
4.880246
5.438548
4.823908
4.823908
7.424275
5.670406
5.670406
5.524615
5.524615
4.703532
4.703532
4.703532
4.805716
4.805716
5.173742
4.720009
5.425668
5.425668
5.595567
5.467589
5.467589
5.380395
4.909544
5.353627
5.482950
7.884721
7.884721
7.978079
5.358663
5.358663
5.358663
5.217059
5.119108
6.934543
6.934543
6.934543
5.882500
5.882500
5.490058
4.870127
4.870127
5.345140
5.345140
4.870450
5.494870
4.870450
5.452250
5.430418
5.430418
4.951162
5.881540
5.881540
4.737273
5.550497
5.550497
4.831652
5.782282
5.782282
4.951072
5.544259
5.440448
5.440448
5.399540
4.892612
4.892612
4.917149
5.810227
4.877985
5.560433
5.560433
5.560433
5.830860
5.248579
5.266668
5.266668
5.266668
6.102992
5.621587
4.928411
5.303485
4.825773
4.825773
5.756794
6.111689
4.926720
4.926720
4.926720
4.926720
4.991340
5.364047
5.263087
4.831838
4.831838
8.187766
4.918645
4.918645
5.935829
5.935829
5.497078
5.512262
5.475016
5.475016
5.263662
4.845860
4.845860
5.320216
5.320216
5.637443
5.260732
5.260732
5.046280
5.046280
4.930514
5.387161
5.387161
5.387161
5.387161
5.539987
5.539987
5.884422
5.397647
4.897336
6.359858
6.359858
7.250078
7.250078
5.432705
5.432705
5.398988
5.280163
6.143746
5.238497
5.488435
5.488435
4.892608
5.703726
5.703726
5.703726
5.282766
5.447161
55.608929
5.576906
5.538713
5.538713
4.879540
4.879540
5.496431
7.905618
7.905618
7.905618
4.803638
5.568911
5.248160
4.892524
5.923024
5.923024
5.558569
5.558569
4.871218
4.871218
5.977478
4.927111
4.856040
4.856040
4.935677
4.935677
4.904757
4.857793
4.857793
4.857793
4.816666
5.202414
5.202414
5.290419
7.217416
7.217416
5.625865
5.625865
5.242870
5.488069
5.126459
5.327299
5.327299
5.224903
5.518586
5.550772
5.301661
5.301661
4.894423
5.574653
5.574653
5.397950
5.397950
5.397950
5.397950
6.175423
6.175423
6.175423
4.836755
5.516854
4.980647
4.980647
5.650413
5.533579
5.533579
5.533579
4.983500
4.983500
7.560369
7.560369
7.560369
7.560369
4.769229
5.483115
5.664197
5.664197
4.849311
5.662164
5.050348
5.050348
5.612149
5.612149
5.574461
4.722248
4.722248
4.722248
4.861532
4.898163
4.898163
4.898163
4.852973
4.852973
5.422758
4.838837
4.838837
4.838837
5.504415
4.800215
4.886590
5.604359
4.926518
5.958266
5.958266
4.882621
4.882621
4.845883
4.845883
5.049311
5.436151
5.436151
4.956205
5.565161
5.565161
5.502366
4.836709
5.561559
5.561559
5.513746
5.623455
5.417862
5.417862
5.665204
5.037633
5.705793
5.319049
5.319049
5.319049
4.780487
4.780487
4.780487
5.578316
5.648544
5.648544
6.187688
5.547626
5.619894
5.619894
7.380899
7.380899
4.868121
4.868121
5.447614
4.906555
5.609078
5.609078
5.609078
6.517768
6.517768
5.262527
4.825067
4.829775
4.942568
4.925311
4.925311
4.925311
4.781314
4.866080
4.814385
5.277567
4.958869
5.662012
5.476736
5.634991
5.634991
4.824994
5.497971
5.497971
5.497971
5.885456
5.885456
4.920169
4.799521
4.799521
5.318061
5.318061
5.299268
7.064918
7.064918
4.779137
4.779137
5.240794
5.759678
5.759678
5.239369
5.300887
5.362536
5.352122
5.362536
5.495329
5.495329
4.810360
4.810360
5.450860
4.822245
4.822245
4.822245
4.822245
5.846719
5.394858
5.025160
5.315559
5.315559
5.241256
5.458923
4.832761
4.832761
5.611838
4.818967
4.818967
5.651659
5.651659
4.923098
4.894749
8.174300
8.068291
8.068291
8.068291


4.836747
5.814195
5.814195
7.383194
7.383194
5.482133
5.045739
8.716728
959987
959987
959987
959987
5.514258
4.852320
5.824744
5.824744
7.491439
5.729604
5.729604
5.255333
5.255333
5.243162
5.538936
5.443893
4.905002
4.682662
4.682662
4.793143
4.793143
5.543255
5.518571
5.499378
5.564075
4.892106
4.895440
5.370852
5.244918
5.244918
4.905414
4.905414
5.534621
5.534621
4.885579
4.885579
4.885579
5.781898
7.385539
5.398336
4.910664
4.910664
4.806260
4.806260
4.806260
5.322700
6.176563
4.792707
4.792707
5.894242
5.565143
5.389101
5.389101
5.789928
5.789928
5.726584
5.726584
5.064090
5.064090
5.482106
5.190177
5.190177
5.190177
5.358674
5.358674
4.870430
4.898823
4.898823
5.463167
5.463167
5.463167
6.183741
6.183741
6.183741
4.928598
4.967968
4.967968
5.527566
5.527566
4.909666
4.909666
5.582612
4.739215
5.765127
5.746826
4.846625
5.506046
5.506046
5.506046
5.506046
6.780151
4.754062
4.856053
4.856053
5.813739
5.813739
5.057256
5.710859
5.710859
4.962573
5.239966
5.239966
4.905195
5.527073
5.586004
5.586004
5.806842
4.980816
5.364841
5.364841
5.605865
5.605865
5.605865
4.894257
4.894257
4.960803
7.692301
7.692301
7.558486
7.558486
5.763905
5.763905
5.108919
5.108919
5.651797
5.011242
5.011242
5.568707
4.810256
4.810256
5.177217
5.236349
5.691818
5.691818
5.118102
5.118102
5.535565
5.535565
5.474631
5.010600
5.573187
5.573187
5.784448
5.784448
5.784448
4.978614
5.629122
5.859272
6.438110
6.438110
4.977952
4.977952
4.920520
5.277672
5.391616
5.551653
5.006801
5.551653
5.551653
5.815477
4.960041
4.960041
4.960041
7.494793
7.746782
5.070983
5.070983
5.433319
5.433319
5.433319
5.433319
5.447928
5.447928
5.007473
5.061597
5.061597
4.812615
4.812615
5.468600
4.837598
4.837598
4.837598
5.623946
5.623946
5.623946
4.980973
4.912428
6.064648
5.142203
5.142203
5.142203
4.868250
5.578459
7.551387
7.551387
5.514616
5.514616
5.451529
9.715923
10.059675
5.486339
5.486339
5.486339
5.486339
5.683722
5.683722
4.832093
5.587060
5.587060
5.587060
5.587060
5.082147
5.517023
5.579472
5.007100
5.007100
5.560498
5.542825
4.817652
5.505664
5.505664
4.889542
4.889542
4.889542
5.114956
4.913894
5.720019
5.655792
5.744453
5.038711
5.038711
5.532021
6.210697
6.210697
4.945621
5.699414
5.044498
5.044498
5.618751
4.875487
4.875487
4.875487
4.875487
5.445797
5.445797
5.274045
6.994695
6.994695
6.994695
7.270855
5.244949
5.698401
5.522940
5.522940
5.467337
5.301662
5.301662
6.038545
6.038545
6.163690
5.642902
5.642902
5.642902
4.981899
5.628386
5.628386
5.628386
4.903198
4.917947
4.917947
5.923050
4.875699
4.875699
4.875699
4.989714
4.907013
6.622768
6.622768
5.543237
5.543237
5.543237
4.822361
4.822361
5.484250
5.260268
4.8239824.958186
4.958186
4.872961
4.872961
7.237837
5.420736
5.420736
5.561313
4.899288
4.899288
5.346663
5.346663
5.389806
5.389806
5.364786
5.715945
5.601132
5.272170
5.272170
5.529853
5.529853
5.915202
5.915202
4.996246
4.996246
5.416893
5.890940
5.890940
5.632799
4.934284
4.899016
7.999362
7.999362
7.999362
4.891030
5.689059
5.222693
5.222693
5.543230
5.443706
5.523442
5.523442
5.345220
5.345220
5.426944
5.015059
5.015059
5.592480
5.321833
5.321833
4.897313
4.879443
4.879443
5.775686
5.319340
6.505547
5.421881
5.421881
5.033688
7.242846
5.501971
5.195648
5.195648
5.195648
4.890431
5.548833
4.904782
5.628529
5.628529
4.896242
4.962016
4.961662
4.961662
6.535333
6.535333
6.535333
6.535333
4.858673
4.804033
5.451190
4.830819
4.830819
5.441162
8.036947
5.717354
5.467773
4.908135
4.908135
5.414117
5.407064
4.951263
4.951263
4.951263
4.836460
4.836460
5.003170
4.995700
5.000543
5.000543
5.684793
5.684793
5.684793
5.537892
7.433362
5.173503
6.282921
4.873355
4.873355
4.872517
4.872517
8.341876
4.876330
4.816076
5.864698
5.864698
4.922754
4.850383
4.850383
5.430362
5.292209
5.292209
5.292209
4.811815
5.222196
5.222196
5.472031
5.025030
5.025030
5.576395
7.380216
5.203205
4.844873
4.844873
4.844873
4.844873
4.887422
5.715436
5.213021
5.368170
5.368170
5.128829
4.959090
5.634198
7.262032
7.262032
7.262032
5.432711
4.898958
4.898958
5.013082
5.013082
5.013082
4.841877
4.841877
5.332119
5.332119
5.531390
5.233116
5.233116
4.744121
4.744121
5.274805
4.868616
5.319074
5.622918
5.023555
5.579215
5.579215
5.640427
5.450812
5.450812
5.588147
5.588147
5.588147
5.539204
5.539204
5.539204
5.032793
5.290188
4.905442
4.860001
4.860001
5.498436
6.078140
5.084974
5.084974
5.084974
5.054041
5.054041
5.054041
5.573265
5.573265
5.539708
7.580400
7.580400
7.580400
7.580400
4.888735
5.377547
5.377547
5.377547
5.081034
5.081034
5.131571
5.131571
5.573982
5.594805
5.340492
5.340492
5.460654
5.460654
5.365446
5.365446
4.854111
5.725120
4.830541
5.458163
5.458163
7.832984
7.832984
4.897582
4.915100
5.341704
5.241793
5.241793
5.241793
5.032338
5.176281
4.982797
4.982797
5.975199
5.207859
5.207859
5.207859
6.338028
6.338028
6.338028
4.598598
4.741986
5.587840
5.587840
7.786173
5.297730
5.511432
5.511432
5.427489
5.427489
4.898485
4.898485
5.461530
5.461530
5.241145
5.516917
5.506147
5.439719
4.869341
7.877951
7.877951
5.469961
5.469961
4.893877
4.893877
5.552823
6.229643
6.229643
6.229643
5.770043
4.827059
4.827059
5.617759
5.617759
4.869919
5.539215
5.539215
5.727644
5.727644
5.034809
4.916766
4.916766
4.821265
7.454282
5.945151
5.325144
5.325144
5.325144
5.433940
5.422346
5.422346
5.411969
4.991751
4.991751
4.744628
4.744628
5.971802
7.963045
7.963045
7.963045
5.355524
7.343892
5.802483
5.416925
5.416925
5.082590
5.082590
5.759021
5.759021
4.874092
4.874092
5.555341
5.785391
5.785391
5.057602
5.035758
5.431444
4.830221
4.830221
4.830221
5.292787
5.292787
4.881184
5.4.879514
4.993068
4.993068
4.836958
4.864837
5.573058
5.437230
5.437230
5.434206
5.434206
4.912024
5.530849
4.952542
5.512886

4.885844

5.574753
5.574753
5.828655
5.828655
5.828655
5.345432
5.050160
5.228797
4.873997
5.492232
5.492232
5.492232
5.604118
7.996903
7.996903
7.996903
6.532629
6.532629
5.525021
4.748303
5.916578
5.916578
7.894591
7.982666
5.440026
5.440026
5.440026
5.498023
5.498023
5.248053
5.767156
5.535959
4.759457
5.254440
5.212192
5.212192
5.398073
5.536770
5.536770
4.929697
4.779177
4.779177
4.978380
4.978380
4.829706
8.378459
4.919230
4.919230
4.919230
4.817001
4.817001
5.390540
5.390540
5.390540
5.462226
5.462226
4.946508
4.946508
4.779881
4.867113
4.867113
5.532945
5.017388
5.017388
5.391502
5.780203
6.009848
5.427895
5.487157
5.539978
5.539978
5.491275
5.491275
5.426964
5.340632
5.340632
5.340632
5.306691
5.306691
5.517917
5.569196
5.569196
5.844271
5.844271
5.844271
5.844271
5.347993
4.932604
4.932604
4.932604
5.311831
5.057368
5.057368
5.057368
5.057368
7.376015
4.931580
5.456316
5.456316
5.481153
4.804065
4.804065
4.804065
7.940010
7.940010
7.940010
5.447381
7.985776
7.985776
5.533847
7.370696
7.370696
5.452196
4.977738
7.371084
7.371084
5.760793
4.891144
4.891144
5.336519
5.336519
5.596249
6.995965
5.596249
5.654664
5.654664
5.325524
5.325524
9.462964
9.462964
9.462964
9.462964
5.005156
5.620742
5.620742
5.190438
5.190438
5.190438
5.794624
5.052343
5.052343
5.052343
8.062922
4.844017
5.686133
5.027176
5.027176
5.635357
5.635357
5.454482
5.322454
5.544224
5.157050
4.870867
4.870867
5.453868
5.453868
5.555326
5.467749
5.652804
5.652804
5.470773
5.682163
5.682163
5.682163
6.096133
6.096133
6.096133
4.900550
4.900550
4.906951
4.906951
4.995925
4.995925
4.995925
5.321902
6.682786
6.682786
4.881524
4.881524
4.808083
4.808083
4.846385
4.846385
4.931597
5.271230
4.830020
5.802664
5.400049
5.400049
5.685941
5.685941
4.853517
4.853517
5.586603
4.931106
5.299218
5.299218
5.299218
5.669917
4.852049
4.852049
5.366285
4.866634
4.866634
5.362086
5.362086
5.139259
6.565103
4.911066
4.911066
6.363832
4.892385
4.892385
5.147461
5.757523
5.757523
5.604206
5.604206
5.100719
9.959607
9.959607
4.864405
4.864405
9.514958
5.589671
5.579283
5.428852
5.710302
5.710302
4.881075
5.303336
4.769885
5.476574
5.476574
5.414465
4.899743
7.750296
7.750296
5.447791
5.425470
5.425470
5.296975
5.296975
5.296975
5.296975
5.818388
5.818388
5.818388
4.966990
5.359357
5.359357
5.359357
4.940799
5.444432
4.913041
4.913041
5.179268
6.576799
5.962969
5.962969
5.962969
5.962969
4.942624
4.845821
5.441286
5.441286
5.688501
5.439372
5.434473
5.434473
5.776756
5.536805
5.053865
5.053865
5.607593
5.489229
5.489229
5.033034
5.226082
5.226082
9.407960
55.115750
4.986028
6.451461
6.451461
6.451461
4.869806
5.187504
5.187504
5.187504
5.045543
5.045543
5.045543
5.013766
5.013766
4.835938
4.835938
5.019709
5.019709
4.762605
4.762605
4.876606
4.876606
5.365209
5.560490
4.962016
4.962016
5.287384
5.598302
4.912661
5.116062
5.755720
5.533014
5.533014
4.889537
4.889537
4.889537
5.427949
4.936294
5.351383
5.067373
5.067373
4.826449
4.826449
4.826449
4.857995
4.857995
4.857995
4.990709
4.990709
4.990709
5.684107
5.315001
5.812262
5.310545
5.569880
5.569880
5.242757
5.360038
5.242757
5.242757
5.242757
4.711956
5.323080
5.323080
5.393510
5.393510
5.735201
5.430164
5.430164
5.645203
5.073892
5.073892
5.073892
5.663631
4.902338
4.926664
4.988305
5.696604
5.696604
5.145310
4.903554
4.947541
4.947541
4.947541
5.121010
5.121010
4.913374
7.143262
7.143262
7.143262
5.026621
7.805572
5.394436
5.394436
5.394436
6.558985
4.944142
4.944142
9.719201
9.719201
4.721073
8.104771
8.104771
8.104771
5.431990
5.534084
5.534084
5.406587
5.508307
5.825241
5.278822
5.278822
5.595106
5.553914
4.906084
4.906084
4.906084
5.239083
7.817787
7.817787
5.304437
5.304437
5.578998
5.578998
4.832097
4.889252
4.889252
5.543363
4.931283
5.467813
5.467813
5.467813
4.782036
4.782036
5.226453
4.845271
4.845271
4.845271
5.038439
5.038439
5.038439
4.759412
5.529806
5.529806
5.184671
5.458038
5.458038
8.003954
5.677041
5.677041
5.551558
5.475494
55.474285
5.474285
5.892297
5.892297
5.892297
5.704542
5.604854
5.604854
4.851373
5.000201
5.000201
6.372724
6.372724
4.936813
5.276249
5.276249
5.276249
5.276249
5.498866
5.498866
5.991106
5.991106
4.930761
4.930761
4.930761
8.193439
5.901226
5.901226
5.362445
5.499093
5.499093
5.149357
5.324899
5.512366
5.561503
5.561503
5.557715
8.986377
4.830797
4.830797
5.500616
4.951234
4.951234
5.738321
5.088659
4.901544
4.901544
5.592976
4.879933
4.879933
5.554834
5.554834
7.995628
7.995628
7.995628
4.951823
6.100984
5.658191
5.643945
5.410664
5.410664
5.410664
4.809875
4.809875
4.686889
5.323230
5.323230
5.323230
5.653070
5.591582
5.501067
5.660823
5.475233
7.925791
7.925791
4.895790
5.107808
5.107808
5.107808
5.471077
5.503472
