5.088132
5.443187
5.443187
5.761126
5.228990
5.228990
5.477714
5.477714
5.799013
5.439942
4.902066
5.409386
5.409386
5.409386
5.431915
5.431915
4.893597
4.905596
5.028790
5.028790
5.028790
5.028790
7.511441
4.922855
4.922855
5.595310
5.849532
5.849532
5.849532
5.548604
5.409426
5.409426
5.409426
4.850146
4.850146
5.234344
5.109436
5.583719
5.583719
5.109750
5.399031
5.556554
5.591132
5.591132
5.654920
5.362441
5.362441
5.391900
5.480141
6.468210
6.468210
5.582678
5.582678
5.582678
5.550941
5.550941
5.623392
5.300709
5.300709
5.365163
5.365163
5.365163
5.365163
5.258737
7.356213
5.397419
4.907460
4.907460
4.4.929426
4.929426
4.929426
4.782766
4.782766
4.746488
4.746488
4.746488
5.321913
4.833774
4.833774
5.644837
5.596076
5.596076
5.181680
5.699779
5.699779
7.405730
4.929164
4.929164
4.929164
5.499941
5.054317
6.857744
6.857744
4.994503
4.967578
4.967578
4.877125
4.805704
5.086096
4.971408
6.873577
88.927712
8.927712
4.905486
5.375454
5.375454
7.377120
5.860490
5.557725
5.557725
7.093542
7.093542
7.093542
4.862089
5.152869
5.152869
4.802198
4.802198
5.283882
5.283882
5.534054
7.860497
5.555073
5.762225
5.287847
5.245760
5.245760
5.245760
5.520395
5.520395
8.524092
8.524092
7.338084
7.338084
6.070861
6.070861
5.865196
5.865196
5.865196
5.865196
4.961806
5.882723
4.938797
4.938797
4.938797
4.958770
4.957807
5.006463
5.740216
5.740216
4.907835
5.661748
5.741524
5.741524
4.909620
4.909620
4.862609
5.167464
4.868097
4.868097
5.609761
4.905440
4.905440
5.177984
5.177984
4.864435
4.864435
4.864435
682605
682605
682605
4.825190
5.582244
4.911284
5.359792
5.341685
5.168676
8.356018
4.922663
4.970073
4.972597
4.976324
4.976324
4.976324
5.220312
5.220312
5.030128
5.030128
4.844440
4.844440
6.286391
4.794813
4.794813
4.794813
5.225249
4.761953
4.871045
5.731111
5.762820
5.111861
5.111861
5.035398
5.035398
5.104792
5.688686
4.958764
4.958764
5.722718
5.354437
5.354437
4.953214
4.953214
4.953214
8.214373
4.894900
4.894900
4.894900
4.894900
6.352075
5.152267
4.797035
4.797035
4.892312
4.892312
5.028792
5.002628
5.002628
5.002628
4.848496
4.796385
5.133555
4.804924
4.804924
4.792310
4.793871
5.014886
5.097715
5.097715
5.647980
5.647980
4.949138
5.449481
5.449481
6.117581
5.546286
5.402666
5.428226
4.881385
4.881385
4.838718
4.861434
4.861434
5.426802
5.426802
5.274172
5.274172
5.281551
4.878218
4.878218
4.825133
5.412011
5.412011
4.809426
8.164175
5.395592
4.932925
4.922015
4.922015
5.476605
5.476605
4.837552
5.537512
5.591346
5.591346
5.591346
5.236222
5.523295
5.523295
5.548533
5.406383
5.406383
5.132238
5.334895
4.774329
5.522627
5.371557
5.270174
4.867059
4.873977
4.873977
4.873977
7.354057
7.354057
4.894009
4.894009
4.927433
4.927433
4.927433
4.815290
7.835212
7.835212
4.837732
5.257715
5.671072
6.361269
6.361269
4.939210
4.939210
4.627156
4.627156
4.819168
4.797276
5.638310
5.638310
5.245194
5.245194
5.245194
5.595996
5.067914
5.472412
5.067914
4.817860
4.817860
4.817860
5.486113
5.619424
5.518974
5.518974
5.606774
4.803633
4.803633
5.349541
5.349541
5.349541
4.810075
4.810075
5.777656
5.777656
4.887717
4.887717
4.887717
4.894287
4.994455
4.994455
5.549711
5.321556
4.821601
5.816816
5.399151
5.587987
5.399151
5.399151
8.323362
5.773081
5.773081
6.693072
6.693072
4.827095
5.464425
5.007631
5.007631
5.616486
8.062835
4.836059
4.836059
5.508050
5.581406
5.581406
6.492665
6.492665
5.283204
5.283204
5.480578
4.831752
5.479167
5.254853
5.254853
5.270951
5.270951
5.113241
4.943489
4.943489
4.903989
4.959909
4.959909
5.732938
5.732938
5.732938
5.123579
5.543661
4.958518
5.895344
5.895344
5.895344
5.476065
5.394619
4.892744
4.892744
5.530911
5.608802
5.608802
5.381139
5.335164
4.777395
4.777395
5.479692
5.183879
4.865303
4.865303
5.275147
5.546304
4.778068
4.778068
7.455902
4.810401
5.098493
5.098493
5.439175
5.760443
5.760443
5.760443
5.016776
4.910307
5.408926
5.408926
5.408926
5.326949
5.605520
4.869936
4.856808
7.815372
7.815372
5.486356
5.486356
5.486356
5.486356
4.880513
5.072831
5.483133
5.766412
5.006896
5.006896
5.506514
5.506514
5.630772
4.995061
4.875310
4.875310
5.395879
5.395879
4.901892
4.901892
4.901892
4.876523
4.876523
5.026415
5.026415
5.285834
5.285834
5.572906
4.868056
5.001575
5.001575
5.026689
6.267223
4.878056
4.878056
4.834905
4.834905
4.834905
4.939350
4.939350
4.862960
5.631337
5.596303
4.989040
5.324166
6.065112
5.231265
5.231265
5.046383
5.096591
4.855984
4.855984
4.776993
4.776993
5.056470
5.056470
4.821102
4.821102
5.274185
5.274185
7.543961
7.543961
7.543961
4.959380
5.146352
4.865985
4.865985
4.865985
4.874493
4.874493
5.570115
4.997598
5.589822
5.589822
4.961964
4.923941
4.911584
4.911584
5.462547
5.462547
4.890528
5.711501
7.736787
7.736787
5.700032
5.700032
5.349998
5.349998
5.598121
5.535932
5.535932
5.138470
4.663888
4.774880
5.561814
5.561814
4.919007
4.919007
4.919007
5.562909
5.542363
5.542363
5.542363
5.542363
5.101061
5.735774
5.080589
5.080589
4.833424
5.015934
5.015934
5.563376
5.563376
5.580702
5.760161
5.760161
4.785877
7.499053
7.499053
5.217269
5.127970
4.857607
4.857607
4.857607
7.059359
7.059359
5.410795
5.725205
5.582747
5.582747
5.536530
5.536530
54.830435
4.899980
4.899980
4.899980
5.470497
5.470497
4.830140
5.032363
5.0053615.005361
5.005361
5.005361
4.933610
4.956577
4.956577
5.069548
5.069548
4.941682
5.142565
5.142565
5.283880
5.283880
5.283880
4.734072
4.988701
4.988701
5.042339
4.761159
4.893720
5.616316
6.077400
5.275996
5.275996
5.358797
5.358797
5.609302
5.347938
5.347938
5.464428
5.464428
5.546416
5.546416
4.949111
4.949111
5.609956
4.984241
4.984241
5.388776
5.388776
4.973899
4.946241
4.946241
5.288330
4.855440
5.287126
5.553359
5.526635
5.526635
5.659405
5.659405
4.951085
5.574572
4.951085
5.377582
5.377582
4.787298
5.037291
4.927012
4.927012
4.927012
4.822085
7.343158
5.230829
4.988409
5.458974
5.458974
5.591765
5.549999
4.817179
4.817179
5.417548
5.417548
5.421617
5.421617
7.472493
5.208821
4.910871
4.910871
4.906498
4.929495
4.929495
6.511056
5.248405
5.330729
5.124451
5.124451
5.124451
5.624723
4.870634
5.493035
5.493035
5.493035
5.493035
5.307191
5.221074
5.221074
4.866683
4.866683
4.866683
4.866683
4.866683
5.106838
5.106838
4.770746
5.461683
5.461683
5.576749
5.547433
4.916018
4.916018
5.420093
5.420093
5.681553
5.681553
4.887319
4.887319
5.255671
6.350734
5.305954
5.305954
4.910204
4.910204
4.910204
5.306266
4.974165
5.070965
5.756456
5.756456
5.756456
5.461815
5.148554
5.148554
5.148554
4.845678
5.539717
4.845678
5.595000
5.532937
4.811118
4.811118
5.373349
5.373349
5.065461
4.827680
5.693790
5.533922
5.533922
5.180902
5.120419
5.499509
4.927346
4.927346
5.515790
5.515790
5.592871
5.592871
5.592871
5.419041
4.769330
5.297466
5.297466
5.309995
5.309995
4.882474
5.023753
5.023753
4.921757
4.854114
4.925616
6.096094
6.096094
5.184353
5.101289
5.088425
5.088425
5.088425
4.885916
5.520388
4.885916
6.116872
6.116872
5.321405
5.321405
5.250250
5.740917
5.692150
5.692150
5.490088
5.490088
5.131703
5.448526
4.896378
4.872629
5.551362
4.911518
4.911518
5.593045
4.958923
4.958923
4.944801
5.348905
5.348905
5.495675
5.495675
5.495675
5.008524
5.008524
4.922092
4.922092
5.646122
5.881336
5.881336
5.465074
5.465074
5.465074
4.959353
5.646150
6.103324
6.103324
4.826150
4.826150
4.826150
5.312168
5.567169
5.567169
5.567169
5.675668
5.675668
5.262770
5.262770
4.827670
4.827670
5.583536
4.939533
4.939533
5.715205
5.715205
5.554969
5.551413
5.551413
4.857668
5.282776
5.282776
5.282776
5.121663
5.121663
5.121663
4.851026
4.851026
5.748600
5.748600
4.820891
4.820891
5.810447
6.725159
7.467297
7.467297
5.859064
5.090034
5.592919
5.273032
5.273032
7.663453
5.281813
5.558695
5.238678
5.238678
5.719170
4.809214
5.406883
5.406883
5.229720
5.229720
5.647592
5.647592
5.647592
5.559453
5.559453
5.245407
5.245407
4.729307
5.288519
5.288519
5.905599
5.905599
6.857188
5.043896
5.043896
4.885952
4.906045
4.906045
4.906045
5.333810
5.231480
5.231480
4.744068
5.387759
4.744068
4.744068
5.281296
5.281296
4.812225
4.886346
5.366194
5.218020
5.407603
5.407603
5.435650
5.395148
4.812758
5.623186
5.623186
5.480255
4.809211
4.809211
5.517349
5.441181
5.441181
4.854209
4.854209
4.854209
4.854209
5.595505
5.595505
5.160310
5.160310
5.160310
4.971858
5.548217
7.393262
5.291892
4.951151
4.951151
4.951151
4.971838
4.971838
4.971838
4.971838
5.394781
5.207215
5.207215
5.617371
5.273065
5.776694
5.239583
5.239583
5.239583
5.692684
5.057561
5.057561
4.853688
4.853688
5.542415
5.542415
5.521651
5.521651
5.211931
5.211931
5.561915
5.561915
4.934910
5.578810
5.006890
5.006890
5.414230
6.418467
4.917052
4.917052
5.179540
4.803610
4.803610
5.565953
4.875702
4.875702
4.875702
4.875702
4.875702
4.875702
5.003267
4.809686
5.097801
6.752008
6.752008
4.982749
5.456859
5.456859
5.481161
4.939998
4.939998
5.523123
5.523123
5.689650
5.689650
5.501803
5.402021
5.443951
5.951669
4.953867
4.953867
4.953867
4.895097
4.895097
5.191398
5.191398
6.860500
4.998653
4.998653
4.998653
4.998653
4.848452
4.848452
5.291185
5.291185
5.291185
5.140435

6.505023
6.505023
6.505023
6.505023
7.552246
7.552246
4.787535
5.812624
5.812624
5.316429
5.316429
5.529297
5.529297
4.787172
4.787172
4.787172
5.355736
5.355736
5.355736
5.335864
5.054473
4.767306
5.202043
5.202043
5.202043
5.202043
5.366260
5.366260
5.387378
4.823882
5.359106
4.794531
4.794531
4.794531
7.644099
7.644099
4.877191
6.532564
6.532564
6.532564
5.808039
4.813983
4.837557
4.837557
4.837557
5.019065
4.840711
5.514215
5.514215
5.331011
5.331011
5.331011
5.310022
5.677597
5.608857
4.826433
4.826433
5.260966
5.480584
5.480584
5.028675
4.873216
4.873216
5.133795
5.133795
55.124100
5.124100
4.902316
4.992368
7.987650
7.987650
7.987650
4.893138
4.893138
4.893138
4.893138
5.158218
5.158218
5.325574
5.325574
5.310096
5.310096
5.677587
5.034037
5.034037
5.034037
5.595165
5.474203
5.474203
5.336220
5.336220
5.415705
4.766243
5.794301
55.503345
5.503345
4.843601
4.843601
4.869965
4.933384
4.933384
4.872343
5.451093
5.458528
5.461526
5.458528
5.458528


6.078514
4.874465
4.874465
5.103906
5.337959
5.337959
7.289148
5.337959
7.289148
4.820787
5.314769
5.314769
5.420552
5.314769
5.420552
5.299673
4.871512
5.779760
5.329274
5.329274
8.327064
8.327064
4.826569
4.914611
4.914611
4.914611
4.914611
5.050655
4.767028
4.767028
5.478354
5.478354
4.883311
5.218936
4.780380
5.622831
5.622831
5.622831
5.622831
5.692536
4.815724
5.514613
4.923914
4.923914
5.264608
5.946915
4.949616
4.949616
5.688392
4.911230
4.911230
4.749546
5.110139
4.693775
4.693775
5.125252
5.497521
5.497521
5.578380
5.629085
5.629085
5.344939
5.829978
5.596518
5.596518
5.596518
5.067378
5.220653
5.220653
6.498436
6.498436
6.498436
6.498436
4.882432
4.882432
4.882432
5.034051
4.860331
4.860331
4.860331
4.849641
4.849641
5.660269
5.660269
5.660269
5.101589
4.853574
4.853574
4.853574
4.987271
5.020693
5.020693
4.732177
4.724928
4.724928
4.852168
5.792240
5.735932
5.735932
4.902436
5.931410
8.170875
8.170875
5.149366
5.149366
5.149366
5.394372
5.520673
5.520673
5.305146
4.906729
4.906729
4.952813
7.365653
7.365653
4.759370
6.262651
7.826178
7.826178
7.826178
7.826178
5.088645
5.013680
4.908464
4.908464
4.914066
5.750301
5.750301
5.192646
5.192646
5.398596
5.497440
5.497440
7.257731
7.257731
5.278558
4.874059
5.819495
7.847412
5.040664
5.097413
5.040664
5.414912
5.750277
5.233445
5.233445
5.341584
4.888781
4.888781
4.888781
6.113624
6.113624
5.979066
5.410401
5.410401
6.181736
5.064799
4.952747
4.952747
4.974593
4.974593
4.974593
7.519875
5.222761
5.598094
5.380568
8.368541
4.979941
4.979941
4.979941
4.866297
5.945840
4.612119
4.951597
4.951597
5.200215
5.716326
5.760613
4.900373
4.900373
5.099802
4.718152
4.718152
5.480280
5.622004
5.622004
5.622004
5.252758
5.296282
5.296282
5.401766
5.531243
5.151849
4.942567
4.942567
4.942567
5.532671
5.532671
5.532671
5.881791
5.881791
5.881791
5.881791
5.140743
5.140743
5.356334
5.356334
5.356334
5.356334
6.170083
6.606261
4.851716
4.851716
4.851716
5.909883
5.568582
5.721022
5.307189
5.307189
5.476014
4.849699
4.827812
5.787467
5.787467
5.417140
4.940858
4.940858
4.940858
7.439593
7.439593
5.277084
5.541146
5.541146
5.541146
5.390043
5.777981
4.874343
4.874343
5.023439
5.023439
6.014889
5.122994
5.122994
6.479988
4.925289
6.825342
6.825342
6.825342
4.850526
4.688026
4.688026
4.929305
4.844058
4.844058
4.844058
5.321015
5.235934
5.525815
5.462208
5.462208
5.541218
5.291969
8.183035
5.696293
5.696293
5.724194
5.724194
5.061988
5.061988
5.369339
4.775364
5.248420
5.248420
7.342695
7.342695
5.573347
5.573347
4.918989
4.918989
5.096534
4.775438
4.775438
5.542963
5.542963
5.006012
5.006012
5.631170
5.631170
4.765642
4.822466
5.440779
7.783623
5.176191
5.176191
5.176191
4.936577
5.498194
5.498194
5.396508
5.396508
5.603675
5.358658
5.358658
5.394595
5.744447
4.874406
4.874406
5.505889
4.990934
4.956471
4.942364
4.942364
4.942364
4.942364
4.870390
5.035449
5.035449
5.366271
5.366271
5.366271
5.366271
4.864402
4.864402
4.864402
4.884766
4.854211
4.930158
4.916268
4.993100
4.993100
4.993100
4.802801
4.862482
4.862482
4.862482
5.303202
5.012309
5.677829
5.417149
5.417149
5.467329
5.369236
5.544764
4.913659
4.913659
55.111992
5.111992
5.111992
5.523337
5.523337
4.839138
4.839138
5.083878
4.734764
4.734764
7.889803
6.424818
7.389844
7.389844
4.829482
4.829482
4.939014
4.854891
4.854891
7.635573
5.266301
5.266301
6.373834
6.373834
4.811060
4.811060
5.442297
5.442297
5.207966
5.787774
4.884350
4.884350
5.508824
4.886391
4.886391
5.814150
5.343423
5.282330
5.282330
5.053188
5.053188
4.878723
5.595945
5.595945
4.904533
4.904533
5.812674


5.321468
5.187566
4.915594
4.915594
4.915594
5.043910
5.160303
5.260353
5.260353
5.292110
5.184338
4.895719
4.895719
4.895719
4.785753
4.785753
5.303050
7.301744
4.917293
5.372374
5.372374
8.032256
5.634139
5.634139
5.364414
5.467566
5.336116
5.336116
4.980475
5.387182
5.491035
5.143168
5.143168
4.990921
4.872062
4.990921
4.990921
7.746071
4.952444
4.952444
5.033669
5.466043
5.466043
4.939413
6.688271
6.688271
6.688271
4.807664
8.251126
4.993209
4.993209
4.993209
4.993209
6.501430
6.501430
6.501430
4.904611
4.904611
4.873260
5.280833
5.280833
5.538549
5.305312
5.305312
5.522632
5.095712
5.381538
5.381538
5.217206
5.217206
5.390985
5.390985
5.390985
4.818130
4.983349
5.991863
5.991863
5.347792
5.347792
4.824217
5.533350
6.001536
6.001536
6.001536
6.001536
7.795074
10.202211
10.202211
5.577842
5.289178
5.289178
5.291956
5.291956
6.732308
4.836724
4.836724
5.488341
5.016869
4.880943
4.880943
5.590369
5.196934
5.196934
4.867348
4.867348
55.004229
5.537085
5.537085
7.889632
5.197454
5.197454
5.012314
5.012314
5.012314
5.368899
5.368899
5.368899
5.583949
4.940443
54.938235
7.403970
5.165224
5.556066
5.556066
4.843110
4.854044
4.854044
4.854044
4.762157
4.908786
4.969158
4.969158
5.129726
4.579247
4.579247
4.579247
4.851597
5.618050
5.100941
5.399275
5.277548
5.277548
5.455937
5.611210
5.611210
5.238922
5.469477
5.488294
8.046656
5.818749
4.841057
4.841057
5.420507
5.420507
5.694567
4.877730
4.877730
4.877730
4.950995
5.662514
4.950995
6.399448
5.406672
4.787034
4.787034
4.928580
4.928580
4.981964
4.894936
4.894936
8.847559
8.847559
5.531215
5.785640
5.565989
5.036269
5.036269
5.436261
5.436261
5.310423
5.099435
5.099435
5.211153
5.211153
5.463218
5.463218
5.088320
5.360636
5.360636
5.474422
5.474422
5.474422
4.937539
4.988709
4.940154
5.373949
5.373949
5.313463
5.313463
5.313463
5.104754
4.931713
5.499501
5.260091
5.260091
5.882962
5.882962
5.882962
5.882962
7.682247
7.682247
7.682247
8.300905
4.828682
4.828682
4.828682
5.501148
5.818796
5.818796
5.332327
5.490596
5.456245
5.545105
5.046948
5.153176
5.153176
5.900897
4.933948
4.933948
4.933948
4.933948
4.929663
4.929663
4.929663
5.500223
5.800356
4.783112
4.783112
4.783112
8.331190
8.331190
8.331190
5.222425
6.668575
5.941215
5.941215
4.977383
4.977383
7.069395
4.772980
4.772980
4.874397
5.855188
6.145006
6.145006
6.145006
5.457915
5.457915
5.457915
5.096797
5.511481
5.720589
5.529422
5.505680
5.505680
5.589172
4.829236
4.829236
4.829236
8.169256
5.669954
5.669954
4.798479
7.664120
7.664120
5.391459
5.391459
4.944478
5.376207
5.146745
5.146745
4.961989
5.040479
4.950229
4.950229
5.254249
4.969601
4.964025
4.964025
5.659913
5.659913
4.890089
4.890089
4.890089
4.898036
4.898036
4.919241
4.919241
4.919241
5.505667
55.019321
5.283170
5.283170
5.396024
5.396024
5.365436
5.365436
5.365436
4.814457
5.480788
5.480788
5.702939
5.702939
5.799412
5.799412
4.877791
4.890585
5.717947
5.717947
5.717947
5.389496
5.394288
5.394288
5.394288
4.839357
4.865653
5.463784
5.463784
5.463784
5.987025
4.868878
4.868878
4.868878
4.999398
5.756618
5.756618
6.561525
6.561525
5.503971
5.552633
4.747283
4.747283
5.058135
5.643897
5.643897
5.547265
5.547265
5.383887
4.921040
4.921040
4.921040
5.548061
5.548061
4.825925
4.825925
5.158887
5.158887
5.331069
4.893060
5.395818
5.395818
6.876398
5.778972
5.778972



5.261353
5.292295
5.049450
5.049450
5.049450
5.177236
5.177236
6.147165
6.922202
6.922202
5.418844
5.451024
5.649897
5.468253
5.032524
5.565932
5.492010
4.814525
4.814525
4.811116
4.811116
5.315367
5.315367
5.308658
44.772595
5.009075
5.560493
4.744827
5.388162
5.388162
5.388162
5.388162
4.849196
4.923089
8.017058
5.352644
5.352644
5.648422
5.648422
5.648422
5.232429
4.805682
5.416865
5.416865
6.661292
5.016726
6.471484
6.471484
6.030011
6.030011
5.431253
5.431253
5.385618
5.532588
5.357515
5.357515
5.589199
4.852722
7.368673
5.549611
4.933957
4.883885
5.388280
5.388280
4.913355
4.913355
4.914409
4.843577
4.843577
5.187274
5.187274
4.963731
4.963731
4.927894
5.125864
4.843119
4.843119
7.658920
7.658920
7.658920
7.658920
5.780318
4.853834
4.853834
5.335635
4.844558
4.844558
4.844558
7.235646
7.235646
5.220126
4.679836
5.852107
5.621464
5.621464
5.343309
5.343309
5.048107
6.935706
6.935706
6.935706
5.302207
4.916448
5.355339
5.355339
5.769125
5.109195
5.109195
5.109195
5.109195
4.995086
4.992876
5.538082
5.538082
4.916831
5.085894
56.439549
6.439549
6.439549
5.006375
5.006375
4.976826
4.991490
4.991490
4.793463
7.825385
7.825385
4.821309
7.744718
5.509252
5.519376
5.239909
5.239909
5.357002
5.461935
5.461935
5.496922
5.414492
5.402275
5.773306
5.442461
5.442461
5.006946
6.096910
6.096910
6.096910
5.220897
5.511742
5.511742
5.511742
4.986328
4.986328
6.937344
5.067608
4.870018
4.870018
4.839048
4.839048
4.836957
4.836957
6.226467
5.018153
5.018153
5.018153
5.052057
5.070245
5.070245
5.541859
5.541859
5.306048
5.727482
5.323500
5.323500
5.530473
5.123673
4.700804
4.845028
5.649591
5.649591
5.291460
8.235051
5.362919
5.362919
5.115695
5.115695
4.921655
5.658610
5.278013
5.278013
5.714182
5.714182
4.915168
4.915168
4.963269
5.657881
5.657881
5.657881
6.520346
4.914573
4.914573
5.323428
4.945755
4.945755
4.945755
6.760522
6.760522
4.994133
4.994133
4.994133
5.675275
5.463903
5.312588
5.312588
5.514936
5.725689
5.725689
5.480427
5.480427
5.304984
5.574188
5.574188
5.706267
5.706267
5.706267
5.436456
5.474472
4.864387
4.864387
5.107907
5.530233
4.776324
5.578029
5.578029
5.578029
4.760017
4.961975
5.301909
4.866163
4.866163
4.994074
4.955375
4.955375
4.791207
4.791207
4.761663
4.779108
5.228344
5.229673
5.229673
5.761474
5.221642
5.221642
7.782391
5.961427
5.080446
5.080446
5.571114
5.645053
4.938920
4.938920
5.520099
5.704229
5.704229
5.704229
5.704229
5.153918
4.883672
4.764418
4.948476
4.958408
6.205225
6.205225
6.205225
5.133727
4.815608
5.330286
5.330286
4.887932
4.887932
4.887932
5.493254
5.493254
5.489147
5.489147
5.722656
5.722656
6.540813
5.608852
5.608852
5.195734
5.195734
5.590113
4.843982
5.687608
5.282669
5.282669
5.546153
5.546153
5.546153
5.453902
5.453902
4.972686
5.444870
5.444870
4.874794
5.142947
4.843544
5.588949
5.588949
5.306338
5.866262
4.838072
4.838072
5.339039
6.141934
6.141934
4.941943
4.941943
4.941943
5.831516
4.833375
4.833375
4.772620
4.772620
6.331634
6.331634
5.185204
7.319207
7.319207
5.589557
5.262096
5.262096
5.374577
5.518601
5.654222
5.458353
4.881947
4.888960
4.888960
4.888960
5.336848
7.761437
4.980290
5.215055
4.964484
4.964484
4.964484
4.905643
5.673514
5.673514
4.873739
5.079124
5.079124
4.899739
4.899739
5.293516
7.589986
4.832362
4.832362
5.286461
5.084670
5.084670
5.084670
5.084670
4.722760
4.722760
5.044756
5.044756
4.735340
5.236449
5.236449
5.879232
5.621262
4.943632
5.644126
5.644126
5.481562
5.620628
5.653158
5.653158
4.900171
5.438005
5.000042
5.000042
5.000042
5.000042
6.374572
6.374572
4.871467
4.871467
4.993712
4.993712
4.878933
4.960172
4.960172
5.621036
5.621036

5.323588
5.323588
5.323588
4.850105
5.883540
5.045713
5.045713
5.079397
5.396159
5.396159
4.866452
5.018450
5.018450
5.029684
5.444229
5.444229
5.653352
55.618831
5.729926
5.309512
4.909578
5.0449345.271184
5.271184
5.271184
5.447590
5.123122
4.912043
4.912043
5.282154
4.968011
4.968011
4.968011
4.968011
4.968011
5.063151
5.019920
5.100925
5.100925
4.932796
6.487198
6.487198
7.537656
7.537656
4.804039
4.804039
4.825562
5.467914
5.511454
7.745463
5.400009
5.284134
5.284134
5.740226
5.123131
5.123131
4.894862
5.311243
5.311243
5.555211
5.599391
5.599391
5.599391
4.934533
4.934533
4.934533
5.568372
5.568372
7.443355
7.443355
5.636388
5.497364
4.857625
5.241930
4.935479
5.578565
5.122857
5.122857
4.804382
4.804382
4.868469
4.868469
4.868469
4.847970
4.824006
4.824006
4.842117
5.568425
4.801240
4.801240
5.678885
5.395739
5.395739
5.781019
5.781019
5.779840
5.793782
5.353072
5.353072
4.956318
4.956318
4.956318
4.943971
4.943971
5.776515
5.291783
5.291783
5.316312
5.724155
4.974022
4.974022
4.974022
5.298055
5.298055
4.877017
4.953944
5.059888
5.059888
5.599805
5.599805
4.942359
5.326913
5.648886
5.559900
6.825733
6.825733
6.825733
4.888867
4.888867
5.016568
5.629023
5.321869
5.321869
5.305777
5.596202
5.596202
5.171829
5.171829
5.796769
5.471437
5.471437
5.471437
4.977326
4.940528
4.940528
4.905479
4.905479
4.905479
4.928954
6.180662
4.894906
4.894906
7.003312
9.182029
9.182029
5.453822
5.453822
5.453822
5.453822
5.141547
5.424411
5.424411
5.595456
4.906644
4.929600
4.800138
5.121131
5.121131
5.643308
4.842852
5.530641
5.530641
5.564000
4.834506
4.834506
5.276816
4.734649
5.637021
5.436885
5.436885
4.980311
5.313624
5.313624
5.313624
4.944547
5.168502
5.168502
4.910742
4.910742
4.910742
6.431169
6.431169
5.103045
5.103045
5.103045
4.882411
4.882411
5.867225
4.750980
5.270627
5.270627
5.270627
5.442683
5.432264
5.210898
5.210898
5.044593
4.904711
4.904711
4.904711
5.516161
5.516161
7.810144
7.810144
5.521988
4.844071
5.470885
5.418876
5.208579
5.208579
4.814084
4.814084
5.422732
4.955464
4.955464
5.340027
4.851410
4.923333
4.923333
4.821677
4.821677
4.821677
4.906837
4.906837
4.845693
5.618682
5.509671
5.324833
4.904203
4.904203
8.178451
4.950416
5.309348
5.309348
4.800770
4.800770
4.759505
5.496482
4.812165
5.473551
5.453761
5.496577
5.496577
5.636083
5.636083
5.423978
5.305907
5.359711
4.914872
5.433246
4.925905
5.517374
5.517374
4.984042
6.473777
6.473777
4.861004
4.861004
4.866973
5.462842
4.851090
5.381859
4.883086
5.412252
5.221720
5.221720
4.868805
4.868805
4.868805
5.319941
5.319941
5.092877
4.829420
4.829420
4.879165
5.111778
4.713664
4.960853
4.960853
7.228002
5.544450


5.618992
4.964628
5.492262
4.765493
4.765493
7.749079
7.749079
7.749079
4.819171
4.819171
5.555869
4.866582
5.054660
5.054660
5.054660
5.350277
5.350277
5.350277
4.920902
5.403907
5.403907
5.769216
5.769216
5.769216
4.882338
4.882338
4.882338
4.882338
4.893439
4.893439
5.351114
5.351114
5.299181
5.299181
5.085099
5.055653
5.468979
5.478057
5.674008
5.369977
5.369977
4.959083
5.378934
5.378934
7.365627
7.365627
5.513637
5.217999
5.217999
8.012116
5.001981
5.001981
5.206711
5.282559
5.282559
4.742520
5.634872
5.634872
5.726620
5.545356
4.827018
5.505267
5.505267
5.505267
6.096940
5.666708
5.666708
4.898604
4.960961
4.865483
4.865483
4.949287
4.787558
5.473592
8.569413
8.569413
5.368145
5.370301
5.765642
5.345266
5.525193
5.301370
4.711217
4.711217
5.362177
5.362177
5.104973
5.104973
5.507240
6.648193
5.359035
5.359035
5.359035
7.881238
4.959039
5.559883
5.559883
4.781988
4.826470
8.122265
6.114544
5.204348
5.204348
5.204348
5.031508
4.869399
5.294601
4.826388
5.172021
4.967516
5.065746
5.202984
5.202984
5.202984
4.935148
5.287301
5.317621
5.389769
4.883730
4.883730
5.462852
5.470241
5.522860
5.307589
5.307589
5.525039
5.266722
5.786361
5.786361
5.541453
5.541453
5.204287
5.639699
8.255623
8.255623
8.255623
7.981690
5.506361
5.506361
5.001831
5.001831
4.890323
6.315618
5.651202
5.651202
5.460836
5.460836
6.894432
6.894432
6.894432
6.894432
4.935780
6.924978
4.743943
5.130792
4.789599
4.789599
5.552664
5.438141
5.555570
5.507427
5.679832
5.679832
5.384573
5.233459
5.492646
5.492646
5.323438
5.323438
4.964786
45.526340
4.948175
4.948175
4.948175
4.886842
4.886842
4.826518
6.422870
6.422870
5.323349
5.323349
4.884202
4.858206
4.858206
4.858206
4.858206
5.217487
4.903709
4.903709
5.321924
4.895023
4.895023
4.895023
5.298671
4.912062
4.912062
5.216901
5.216901
5.216901
5.530214
5.530214
5.644408
4.740637
4.740637
4.910473
4.910473
4.910473
5.496032
5.496032
5.571598
5.399860
5.225036
5.225036
5.294351
4.945592
5.263353
4.974810
4.974810
4.974810
5.658243
5.658243
5.658243
4.939222
4.893752
4.893752
4.893752
4.869940
5.372229
4.788020
4.788020
4.962884
5.575603
5.575603
5.253625
5.216660
5.216660
5.636052
5.167893
5.193735
5.540073
5.882253
5.774130
4.841476
4.865189
5.493294
5.493294
5.397358
5.397358
5.397358
5.062751
5.062751
6.089142
5.293552
5.293552
7.745117
4.799668
4.799668
5.464265
5.464265
5.340582
5.380417
5.380417
55.859085
5.859085
5.454825
4.877926
4.836859
4.836859
5.126351
5.289359
5.281107
4.845382
4.921535
5.072095
5.072095
5.623665
5.623665
5.355367
5.355367
4.877070
5.363271
5.363271
5.478758
5.491482
5.491482
5.491482
5.533126
5.533126
4.4.746899
5.355895
5.355895
5.355895
5.016015
8.046969
8.046969
8.046969
5.452554
4.850174
4.850174
4.964184
4.964184
5.392364
5.392364
4.878658
4.810744
4.810744
5.264742
5.264742
5.053038
5.053038
5.363579
5.363579
5.025060
5.282323
5.136172
5.459071
5.459071
5.676740
8.047301
5.241563
5.528719
5.528719
5.214599
5.386185
5.386185
5.536934
5.536934
7.529036
5.005272
5.005272
5.241787
5.241787
5.241787
5.562123
4.875968
5.252640
4.913286
4.913286
6.007134
4.848902
4.848902
5.806108
5.053118
6.170809
5.727956
5.428578
5.428578
5.428578
5.888046
5.888046
4.773574
5.726717
5.726717
5.500638
5.456254
5.456254
4.832261
5.503566
5.567793
5.522687
5.681493
5.502186
5.715134
5.532204
5.684953
5.684953
5.684953
4.907390
4.879922
4.975318
5.296944
5.296944
5.296944
5.905998
5.905998
4.959145
5.662466
5.662466
5.662466
7.035142
7.035142
7.035142
7.430366
4.944035
5.085428
4.772387
4.772387
489868
489868
4.856201
5.657912
7.389084
7.389084
4.914240
5.725134
5.725134
5.278816
5.819328
5.819328
5.066856
5.337769
5.605663
4.891336
4.891336
4.891336
5.691553
5.007614
4.877061
4.877061
4.883296
5.098344
5.098344
5.098344
5.022914
5.022914
4.950731
5.174286
4.941901
4.874630
5.754277
5.754277
5.439383
4.912458
4.912458
4.972963
4.972963
4.972963
4.972963
4.922054
5.503662
4.859306
4.859306
4.806692
5.420890
4.967108
5.503701
5.503701
5.463390
5.463390
5.354571
5.354571
5.012391
4.958386
5.467681
5.467681
4.803236
7.971468
7.685232
4.979579
4.979579
5.283576
5.283576
5.790086
5.408798
6.256211
4.812879
4.812879
4.795538
4.795538
4.948283
5.611409
5.611409
5.743947
6.441323
6.441323
6.441323
7.342832
7.342832
5.482605
5.482605
4.923943
4.923943
5.689314
5.536397
5.249201
5.528336
5.528336
5.361261
5.361261
5.361261
5.565848
4.943925
4.943925
4.968255
5.615404
5.615404
5.089264
5.089264
5.384676
5.421589
6.746425
6.746425
5.669645
5.362631
5.362631
6.018966
5.740870
4.810764
5.568523
5.568523
5.722184
6.228754
6.228754
4.862517
6.001773
4.780457
4.780457
4.925097
4.966292
4.966292
5.5466245.364676
5.364676
5.530018
5.391913
5.634214
5.521530
5.521530
5.410049
5.410049
5.085395
5.596760
4.919459
5.741690
5.741690
5.092232
5.288862
5.288862
6.779300
4.949561
8.056975
8.056975
8.056975
4.926199
4.926199
4.926199
4.883827
4.883827
5.702780
5.702780
5.627325
5.627325
5.627325
5.013152
5.013152
5.496855
5.496855
4.864420
4.963323




5.018076
5.556573
5.556573
5.624541
5.624541
4.844309
5.454678
5.454678
4.929478
4.929478
5.062433
5.405353
5.405353
4.944807
5.021731
5.021731
5.021731
5.432530
5.015752
5.015752
4.988657
4.988657
4.988657
4.988657
5.823870
4.910019
4.910019
4.910019
5.986745
4.899953
4.899953
55.016361
5.327013
6.088899
6.088899
5.510229
5.510229
5.510229
5.510229
4.742983
5.334476
5.334476
5.551247
5.704287
5.704287
5.589018
5.744634
4.906678
5.568096
5.568096
5.344016
5.605453
5.605453
5.605453
4.898438
5.422264
5.422264
5.814733
6.402490
6.402490
6.402490
5.275769
5.069597
5.069597
4.910718
4.910718
6.430035
4.904349
5.088349
5.088349
5.088349
5.088349
4.824907
4.824907
6.841570
6.841570
5.437113
7.282211
5.595422
5.319731
5.068672
5.346031
5.346031
5.356060
5.356060
4.5.521701
4.749610
4.749610
5.521701
5.054240
5.054240
5.054240
4.865936
4.865936
5.256025
5.520271
5.520271
5.520271
5.543063
4.829035
5.424265
5.209121
5.209121
5.289918
5.289918
5.289918
5.005830
4.914606
4.959191
4.955714
4.955714
4.955714
4.955714
4.884441
5.628876
5.474183
7.357160
4.737224
4.737224
5.409622
5.409622
5.684113
5.400746
5.400746
5.693869
5.397906
5.397906
5.505911
4.802788
6.470001
6.470001
6.470001
5.149398
5.149398
5.149398
5.478295
6.504558
6.504558
4.882596
4.913276
4.876797
4.876797
4.876797
7.557486
7.557486
7.557486
4.980264
5.119487
5.373116
5.373116
5.512929
6.508138
6.508138
4.864748
4.864748
4.864748
4.864748
4.912519
5.425057
5.416814
5.521321
5.416814
7.628862
5.384756
5.376867
5.376867
5.044508
5.044508
5.608255
5.526760
5.656956
5.528366
5.078767
5.854599
4.985713
5.595409
5.595409
5.595409
5.595409
5.259705
5.259705
5.224051
5.224051
4.816803
5.550723
4.896433
5.642431
5.642431
4.961999
4.961999
4.788589
5.018887
4.901539
6.518678
6.518678
6.518678
7.269530
7.269530
5.783453
5.311358
5.311358
5.311358
5.684726
5.684726
5.605821
4.951839
5.412395
5.412395
5.411930
5.411930
4.840822
4.840822
5.515554
5.515554
5.515554
5.141969
5.141969
5.087518
5.087518
8.050574
8.050574
8.050574
5.202682
5.202682
5.202682
4.885310
4.885310
4.885310
4.996797
5.614979
5.614979
5.614979
5.614979
4.862438
4.947515
4.947515
4.723364
5.512388
5.512388
5.309275
5.293205
5.293205
5.654789
5.654789
4.791340
4.791340
4.791340
8.153844
4.838229
4.838229
4.937288
4.937288
4.866355
4.866355
5.754912
5.360659
4.824340
4.824340
4.824340
5.030267
5.030267
5.030267
4.848858
4.896868
4.933311
5.541355
5.541355
4.923947
5.449079
5.449079
4.980187
4.980187
5.033498
4.741833
5.033498
4.791070
4.791070
5.521257
5.650031
4.785388
4.785388
8.218751
8.218751
5.402006
5.402006
5.531255
5.531255
5.556490
5.556490
4.889102
4.889102
4.889102
4.889102
5.137028
5.792402
5.145784
5.145784
4.822072
4.991187
4.991187
4.991187
5.072354
4.890153
4.890153
5.617487
5.617487
4.883874
4.883874
4.851541
4.851541
4.903539
4.947240
4.686444
4.686444
4.884641
4.805322
5.299192
5.299192
5.135358
5.614256
5.614256
5.089736
5.551926
5.551926
5.360304
5.159117
5.159117
5.159117
5.227743
5.610825
5.610825
6.780808
4.952776
4.952776
8.263847
5.052619
5.240228
5.240228
6.043467
6.777958
6.043467
5.214031
4.874274
4.874274
4.874274
4.874274
4.802407
5.834321
4.865937
4.865937
5.437751
5.437751
4.887051
5.545305
5.545305
5.063998
5.063998
5.063998
4.857251
5.542037
5.542037
4.974058
4.974058
5.621988
5.621988
4.923612
4.923612
5.484612
5.066734
5.066734
5.829035
5.829035
4.934303
4.934303
5.079196
5.079196
5.815061
5.352879
5.647299
5.647299
5.045542
5.045542
5.045542
5.433853
6.121670
5.598885
5.598885
4.874912
4.874912
4.807662
4.807662
4.984733
4.957095
6.268285
6.268285
6.268285
6.268285
6.007672
7.401506
5.645341
5.782797
5.534464
5.534464
5.534464
5.323302
5.323302
5.466024
4.862608
4.862608
4.862608
5.560288
5.215202
5.215202
5.010568
4.928663
5.101083
5.101083
5.101083
5.101083
4.908140
5.069853
5.069853
4.832100
5.045118
5.564994
5.365224
5.605013
5.605013
5.033535
5.577011
5.568494
6.525488
6.110348
6.110348
6.110348
5.109021
5.792647
4.789826
5.497169
4.832370
4.832370
5.352923
5.310536
5.923632
5.125634
5.314544
5.800167
5.800167
5.533238
5.533238
5.533238
5.764216
5.764216
4.810821
5.186343
5.186343
5.186343
5.186343
5.186343
5.219959
5.326124
5.326124
5.587020
4.976303
5.056733
5.056733
5.543211
5.543211
5.543211
4.865297
5.197525
4.795289
5.566319
5.566319
4.833639
6.255007
6.255007
4.898788
5.356596
4.824819
4.965850
5.074346
5.074346
5.507162
4.777652
5.533228
4.833237
4.833237
4.833237
5.008426
5.008426
5.512388
5.512388
5.064332
4.898615
4.898615
5.637435
4.795120
5.768682
5.768682
6.664077
4.836440
4.836440
5.410130
5.410130
4.938668
4.870855
5.542804
5.542804
7.402037
12.145429
5.754023
5.754023
5.754023
5.754023
6.175615
5.225720
5.225720
4.870272
5.758893
5.448416
5.448416
5.533662
5.546144
5.546144
5.088664
5.259157
4.925867
4.925867
4.925867
5.213616
5.679853
4.940307
5.410443
4.942909
5.055534
4.959775
4.959775
4.890684
4.890684
5.218993
4.861567
4.861567
4.861567
5.105487
5.105487
5.281443
5.529994
5.529994
7.390705
5.098591
5.098591
5.109861
5.260689
4.893045
5.431625
5.431625
4.875949
6.845381
5.201490
5.201490
4.956737
4.956737
5.592996
5.256867
5.536336
5.536336
5.440506
5.440506
5.405936
5.405936
5.405936
7.935481
7.935481
5.375512
5.002632
5.002632
5.234006
5.234006
4.908478
4.930432
7.796990
55.509030
5.509030
4.981259
6.455393
6.455393
5.161062
5.161062
5.161062
4.837726
4.763321
5.421253
5.676185
5.569019
5.569019
5.066259
4.771335
5.608817
5.656537
5.411870
5.732122
5.732122
5.560069
5.375811
5.375811
5.375811
5.375811
4.941059
4.898874
5.498698
5.083938
5.373206
6.621136
6.621136
6.775962
4.939336
4.939336
5.004883
4.970250
5.875370
5.875370
4.843465
4.899753
5.192705
5.326894
5.326894
8.502480
8.502480
8.321163
8.321163
8.321163
5.087720
5.087720
5.087720
6.562291
6.890854
5.470831
5.493824
5.821253
5.821253
5.481666
5.649440
4.939746
4.939746
5.427885
5.425878
5.425878
5.005621
5.630103
5.630103
4.912386
4.912386
4.912386
4.868592
4.935869
5.412114
8.008198
4.865428
4.865428
5.453130
5.453130
5.453130
5.417752
4.957233
4.864156
4.864156
4.864156
4.864156
5.578461
5.368530
5.382925
5.251274
5.251274
5.265627
6.095758
6.095758
4.890245
5.340323
5.340323
5.173577
5.173577
5.523491
5.520981
5.748605
5.748605
4.801077
4.801077
5.394185
5.322601
5.471644
5.471644
5.471644
5.819059
5.776868
5.776868
4.826916
4.826916
4.833508
5.950811
5.610829
5.610829
5.620167
5.620167
4.886428
4.886428
5.448782
5.448782
6.979434
6.979434
6.979434
4.865547
4.865547
7.429469
5.129936
5.129936
4.733945
5.411993
5.013855
5.013855
4.863696
4.863696
5.525377
5.525377
5.645990
5.331895
5.331895
5.749919
5.749919
5.605050
5.605050
6.244625
6.244625
6.829906
4.889501
4.889501
5.730523
5.730523
5.730523
5.730523
5.169081
6.167903
4.979639
4.992430
4.924617
4.951599
4.951599
4.951599
5.079013
5.322752
5.480695
5.480695
5.480695
4.862244
4.945615
7.805160
7.344062
5.352643
5.627056
4.793613
4.793613
5.589734
5.420998
5.420998
5.553059
4.786499
4.786499
4.884565
4.884565
4.884565
5.350931
5.350931
7.814131
5.357817
5.357817
7.887569
7.887569
5.182397
5.182397
4.856272
5.690462
5.035872
5.035872
5.035872
5.370059
5.624668
5.624668
5.624668
4.899342
5.370639
6.102993
6.102993
5.961600
5.961600
5.291276
5.141340
5.141340
5.141340
4.855182
4.837116
4.837116
5.494304
5.302710
5.302710
5.426672
5.426672
5.800526
4.766063
4.766063
5.059130
5.059130
4.837025
4.837025
6.111838
6.111838
5.618179
4.777797
4.777797
5.056732
5.056732
4.890553
4.904072
4.904072
4.904072
4.871214



4.846993
4.898188
5.701078
4.750278
4.750278
4.902802
4.902802
4.902802
5.159899
5.319398
5.245134
5.688253
5.571814
5.571814
5.698838
5.276756
5.276756
5.807169
5.807169
5.695464
5.434179
5.434179
5.434179
5.285263
4.974797
4.974797
4.971959
4.829166
4.810378
4.810378
4.911679
5.421326
5.421326
5.448666
5.448666
5.824713
4.867687
4.867687
4.831627
4.891424
4.891424
4.776926
4.776926
4.776926
4.776926
4.727637
5.429679
5.828463
5.828463
5.828463
5.717417
5.554918
5.554918
4.870807
4.984813
4.984813
5.588411
5.588411
4.834490
4.834490
5.315647
5.604985
4.930821
4.930821
5.921344
5.921344
5.420167
5.420167
5.491200
4.880447
4.880447
4.880447
5.289916
4.933704
4.933704
4.933704
5.381599
4.838807
4.838807
4.961802
4.961802
4.961802
4.961802
5.090248
4.885122
4.816734
4.703225
7.267285
7.267285
7.267285
5.787244
5.355942
5.355942
5.479328
5.479328
5.489482
5.654238
4.953287
4.953287
4.953287
5.570843
5.412692
5.412692
5.865391
6.598463
6.598463
6.598463
5.873081
5.330676
5.330676
5.903021
4.890871
5.392736
5.076012
5.076012
5.076012
5.382219
5.080172
5.080172
4.986126
4.986126
5.476470
5.023412
5.374116
4.869324
4.869324
4.820026
5.474515
5.474515
5.474515
4.930460
4.878410
5.187350
5.187350
4.933018
4.933018
4.877543
5.494392
5.494392
5.046335
5.046335
5.660796
5.467086
5.467086
4.857897
5.572283
5.572283
5.461029
5.235757
5.235757
4.820650
4.820650
5.320707
5.320707
5.320707
5.020177
5.020177
5.236713
4.983545
4.983545
5.781590
5.781590
5.509781
7.338432
7.338432
8.126692
8.126692
5.028417
5.028417
5.619080
5.166279
5.166279
5.633938
4.960803
4.960803
4.960803
5.942565
5.942565
5.942565
5.156977
5.156977
7.460925
5.497212
6.865330
5.734689
5.449473
5.449473
6.491834
6.491834
5.515291
4.827082
5.480213
5.011312
5.061996
5.061996
5.061996
5.151647
5.151647
5.151647
5.151647
4.854381
4.854381
5.180661
5.180661
7.310557
4.904942
4.904942
4.904942
4.867916
4.867916
7.217753
5.822997
8.013217
5.608986
5.616888
5.616888
5.793536
5.735281
5.455021
5.455021
6.351445
6.351445
5.556924
5.009896
5.009896
5.009896
5.138449
5.138449
5.109854
5.259516
5.259516
5.162650
5.308929
5.308929
5.308929
5.000152
4.929348
6.423656
4.929348
5.031814
4.989541
5.232175
5.232175
4.911876
8.171677
4.858737
4.903348
4.903348
4.903348
5.187065
5.789629
5.122540
5.122540
5.250246
4.949363
4.949363
5.144478
5.144478
5.322621
4.893877
5.621915
5.621915
5.502496
5.502496
4.753539
4.753539
8.476421
4.842525
6.783895
5.850359
5.542376
5.542376
6.607439
6.607439
4.886887
5.015993
4.851531
5.429445
5.429445
5.143963
5.143963
4.951240
5.124063
5.471326
4.851191
4.842367
5.540591
5.540591
5.894244
5.894244
5.631399
5.418592
5.418592
5.075509
5.075509
4.786828
4.786828
4.910033
5.227214
5.227214
5.227214
5.480566
4.828306
5.303607
5.367940
5.367940
5.367940
5.294379
5.247158
5.247158
4.981340
5.052855
5.296079
5.296079
5.657749
5.657749
5.204172
5.204172
5.584225
4.782244
4.782244
4.898035
5.850856
4.834083
4.846209
4.846209
4.846209
4.846209
4.863070
4.971125
5.612147
5.472600
5.368363
5.368363
5.757211
5.764207
4.919647
4.919647
5.542418
4.821126
5.456721
5.456721
4.952518
4.952518
4.955735
4.955735
4.888227
4.888227
4.793727
4.793727
5.434543
5.049913
5.049913
5.049913
5.049913
4.959130
4.959130
7.410761
5.530501
4.792723
4.792723
5.608919
7.392355
7.392355
7.392355
7.392355
5.427933
5.427933
6.412621
5.532736
5.745173
5.745173
5.432669
5.345204
5.345204
5.612243
5.082484
5.082484
5.4.999536
4.999536
4.999536
4.999536
5.708903
5.708903
4.924556
4.924556
4.788608
4.788608
5.511070
4.877790
4.961310
5.521231
5.521231
5.465564
5.562067
5.562067
5.562067
4.955028
4.955028
4.955028
6.118040
6.118040
5.091758
5.365337
4.805419
4.805419
6.143379
5.288346
5.288346
5.388661
5.388661
4.883804
5.606800
4.908373
5.362913
5.362913
5.545406
5.545406
5.339945
5.339945
5.528693
4.877342
4.877342
4.877342
5.015456
7.905863
6.821745
5.392292
5.392292
7.584184
7.584184
4.944740
4.944740
5.118918
5.118918
4.958581
4.958581
7.452970
5.069709
7.452970
7.452970
7.452970
4.753506
4.769018
5.056338
4.828636
4.828636
5.595850
7.559859
5.456583
5.486990
4.998160
5.494448
5.494448
5.494448
5.580521
4.880927
4.880927
5.593374
5.235362
5.235362
5.859630
5.859630
5.859630
5.579366
5.338116
5.338116
5.338116
5.080213
5.293421
5.034589
5.034589
6.178153
6.178153
6.178153
6.720501
4.865889
4.865889
4.865889
4.888885
6.119992
6.119992
6.119992
5.172804
5.172804
5.781546
5.307128
5.307128
5.307128
5.623619
5.331667
4.806838
4.806838
5.477266
5.537876
5.537876
5.664915
5.664915
4.927227
4.927227
5.429669
4.920681
4.920681
4.920681
5.506363
5.506363
5.506363
4.901458
5.517255
5.344657
5.344657
5.344657
4.923401
13.588880
13.588880
13.588880
4.965525
4.965525
6.158653
6.158653
5.786220
5.097954
5.097954
4.755631
5.455936
5.245854
5.245854
5.245854
5.245854
5.392415
5.337409
5.337409
5.540914
5.456943
7.211266
4.800847
4.800847
4.800847
4.935818
4.935818
4.935818
4.935818
5.095319
4.859309
4.859309
5.265293
5.271730
66.149086
6.149086
4.883516
4.883516
4.871163
5.029030
5.029030
5.029030
4.893953
7.515094
7.515094
5.629116
5.629116
4.931662
4.931662
4.931662
5.007793
5.007793
4.678697
5.326371
5.392219
5.387099
5.422461
5.422461
5.335342
6.265876
6.265876
6.265876
6.265876
5.046435
4.868797
4.868797
5.268335
5.268335
4.833240
4.833240
4.833240
54.900648
4.900648
6.646624
4.954489
4.954489
4.954489
5.532314
5.475550
5.475550
7.421986
4.906097
5.244244
5.244244
4.809953
4.809953
4.882899
4.882899
4.882899
7.455217
7.455217
4.854300
5.237323
5.443993
5.156930
5.156930
5.481106
5.481106
4.949026
4.949026
5.219967
5.473030
4.917553
4.873362
4.873362
5.450173
5.352532
5.130754
5.130754
6.452105
5.331672
4.973482
4.883358
4.883358
4.883358
5.314694
5.314694
4.821809
4.885769
5.307307
5.307307
5.307307
5.779125
5.779125
4.890625
4.890625
4.890625
5.582884
4.855976
4.855976




5.667320
5.667320
5.667320
5.387703
5.779454
5.779454
5.566266
5.566266
5.566266
5.432614
5.749210
4.941853
5.835295
5.632842
5.632842
5.033974
5.033974
5.432001
6.996270
5.356875
5.394333
5.456090
6.134880
6.134880
4.862880
5.252017
5.252017
5.252017
5.764591
5.764591
5.764591
5.282129
5.282129
4.817735
4.817735
5.704261
5.704261
4.873242
5.274255
5.152233
5.131444
5.131444
5.258828
5.153748
4.953605
4.953605
5.306329
5.074430
5.074430
5.006186
4.894543
5.709691
4.926620
4.926620
4.921352
4.921352
5.282276
5.367002
5.367002
.820949
.820949
.820949
7.407381
7.407381
5.213977
5.550322
4.978876
5.731086
5.731086
5.193225
5.586485
5.586485
4.870810
4.870810
4.870810
4.870810
5.045390
5.045390
5.045390
5.376177
4.986246
5.425549
5.425549
5.544277
5.544277
5.409009
5.274933
5.274933
6.028565
5.693132
8.430342
4.958599
4.958599
4.958599
5.535651
5.578427
4.912045
4.912045
6.340049
5.929661
5.929661
5.612099
5.612099
5.209864
4.927135
4.927135
4.927135
4.927135
4.853944
4.853944
5.471960
5.471960
5.375644
4.728402
4.728402
4.778111
5.039244
5.039244
5.229086
5.229086
5.288204
5.288204
5.527224
5.781882
5.573086
5.606159
4.834002
4.834002
4.834002
5.570534
5.464757
5.370126
4.845573
4.813197
4.813197
4.813197
4.888280
4.888280
4.951904
4.951904
4.762867
4.762867
7.667750
4.974048
4.974048
5.572351
5.572351
5.503602
6.161010
5.314974
5.314974
5.314974
5.841950
5.841950
7.453498
4.867297
4.867297
5.624388
5.251501
5.251501
5.225935
5.487467
5.487467
5.498632
4.845035
4.845035
4.845035
5.593151
5.593151
5.789358
5.250947
5.250947
4.838283
4.838283
4.838283
5.502931
4.816121
4.816121
4.816121
4.982009
4.982009
4.982009
4.982009
4.899599
4.860818
4.860818
4.961002
4.961002
55.572958
5.572958
4.884940
4.884940
4.866968
4.982068
4.800314
7.810678
5.177260
5.726507
5.165085
5.286465
5.286465
5.286465
5.424395
5.068560
5.068560
5.434589
5.434589
5.029135
5.029135
5.128214
4.922314
5.406516
5.406516
5.059941
4.843912
4.843912
4.943489
4.852551
4.842269
4.842269
5.466185
5.466185
4.921260
4.921260
4.921260
5.035502
5.035502
4.888831
6.440572
6.440572
4.840390
4.840390
5.683317
7.494196
6.348333
7.729771
5.561040
5.561040
5.348471
5.485363
5.625247
5.305297
5.325540
5.325540
5.873306
8.084341
5.517122
5.517122
5.417589
5.417589
5.300191
5.514969
5.514969
5.514969
5.215217
5.092173
5.092173
5.092173
5.274099
4.997965
6.062537
4.912694
4.912694
4.819784
4.819784
5.026617
5.026617
5.320687
5.036150
5.036150
5.036150
5.437001
4.905875
5.707905
5.707905
6.112953
6.112953
4.920734
4.920734
5.390618
5.478264
5.478264
5.067134
5.315837
5.017221
5.017221
5.293219
5.293219
5.293219
.480955
.480955
5.446440
5.519526
5.212905
5.096029
5.096029
5.096029
5.250319
5.250319
5.332014
5.332014
5.383350
5.610477
5.610477
5.610477
5.610477
5.117024
5.117024
5.117024
5.117024
8.069433
8.069433
8.069433
4.966137
7.412297
7.412297
4.876164
4.911058
4.911058
5.250673
4.916068
4.916068
5.495084
5.495084
5.643264
5.643264
5.643264
5.643264
5.338368
4.748197
8.026215
5.476029
5.476029
5.476029
4.790027
4.920124
4.905711
4.905711
4.913894
4.913894
4.913894
5.756689
5.756689
4.924306
5.501866
5.501866
4.895175
8.468316
5.167286
6.939040
6.939040
6.939040
5.066295
5.066295
5.451691
4.821709
4.821709
4.837300
5.384861
4.994859
4.994859
5.429611
5.429611
5.756511


5.310582
5.310582
6.009891
5.528659
5.528659
7.514428
7.514428
5.487607
5.078453
5.078453
4.867087
5.699499
5.699499
5.699499
5.022309
4.932209
4.932209
6.137395
6.137395
4.931607
5.555174
5.555174
5.717852
4.979594
4.979594
4.847541
5.119040
5.268421
4.810753
4.810753
5.447053
5.431194
5.013679
5.230637
5.414248
5.414248
5.556987
5.556987
4.794025
5.524062
5.524062
5.126180
5.136291
5.136291
5.136291
5.278474
5.278474
4.901542
5.366542
6.450132
6.450132
6.450132
6.494150
6.494150
5.986676
5.986676
5.986676
5.345748
4.872658
4.872658
4.884567
5.032171
5.032171
5.032171
4.849524
4.849524
4.944653
4.944653
5.238550
4.757200
10.244357
10.244357
5.565851
4.838474
4.838474
5.305610
5.305610
5.676587
4.997882
5.195957
4.937823
5.383910
5.027964
4.920731
4.920731
4.947609
5.385160
5.089822
5.089822
5.089822
5.042027
4.911584
4.923238
4.923238
4.923238
4.972199
4.972199
4.927897
4.949966
4.949966
4.888879
4.888879
4.865650
4.876694
4.876694
4.876694
4.814502
4.791092
4.778298
5.833569
9.728334
8.203570
8.203570
5.581195
5.367963
5.367963
5.775587
5.240833
5.240833
5.763750
4.829471
5.317171
5.539698
5.539698
5.539698
8.037551
4.938010
4.938010
4.938010
4.938010
8.277403
5.156080
8.277403
5.156080
5.169598
5.391587
5.508381
5.352287
5.352287
5.352287
5.354898
4.931333
4.931333
7.353900
5.165126
4.897121
4.798288
6.936470
5.188036
5.188036
5.188036
5.572423
6.056821
5.296978
5.296978
5.301726
5.181605
5.181605
4.801673
4.801673
4.801673
5.569692
4.880231
4.880231
4.978814
4.886455
4.886455
4.886455
4.927258
5.262201
5.210351
5.210351
6.227236
6.227236
5.617748
5.617748
5.599166
5.599166
5.599166
6.163080
5.279359
6.163080
6.163080
5.429643
4.878154
4.4.878154
4.851432
4.851432
4.851432
4.940874
7.209296
7.209296
5.498420
5.498420
5.106009
5.106009
8.123680
55.455844
5.455844
4.894699
4.894699
5.544068
8.558125
5.311431
5.390921
5.390921
5.390921
4.923796
5.009286
5.009286
7.901908
5.531909
5.531909
5.531909
4.970972
4.845154
4.845154
4.845154
4.909900
4.909900
4.909900
6.936308
5.162198
5.162198
7.549945
7.667388
5.613522
4.803337
4.803337
4.980974
5.588130
5.610483
5.101476
5.101476
5.776909
5.397524
5.397524
54.764620
4.764620
4.978781
4.978781
5.181308
5.194242
4.867425
4.867425
5.022566
5.055449
5.055449
4.868545
55.116768
5.116768
5.146690
5.146690
5.146690
4.946445
4.946445
5.025485
5.475905
4.842867
4.842867
5.489184
5.499137
5.499137
5.243855
5.386481
5.386481
5.386481
5.492669
5.085895
5.364647
5.542032
5.542032
5.838037
5.838037
5.529355
5.204494
5.457470
5.457470
5.457470
4.929798
4.929798
4.929798
5.097111
5.097111
5.266569
4.898504
4.898504
5.419691
4.925883
4.925883
5.111755
4.981916
5.755186
5.755186
5.755186
8.207120
8.207120
8.207120
4.980603
5.520750
5.477708
5.477708
5.477708
5.477708
4.943193
7.574673
7.574673
4.853518
5.210771
5.443549
5.538308
5.481271
5.481271
5.876243
5.876243
4.920690
7.467974
5.488524
5.307168
4.929505
4.929505
4.929505
5.199252
5.596471
5.361161
5.361161
4.885370
4.885370
5.981050
5.981050
5.133575
5.133575
5.133575
5.133575
5.049365
5.049365
4.936501
4.918672
4.918672
4.918672
4.918672
4.918672
4.918672
6.098486
6.098486
5.862160
5.862160
5.862160
4.919600
5.507769
5.507769
5.265839
5.641727
5.570329
5.592481
5.592481
5.592481
5.592481
5.610359
429005
429005
429005
5.496331
4.819368
4.819368
4.819368
4.819368
5.334814
6.042705
6.042705
5.677450
5.677450
5.849000
5.336986
4.940998
4.862726
4.862726
5.569755
5.085382
5.085382
5.085382
4.801275
6.235131
6.235131
6.235131
6.235131
7.337617
7.337617
7.337617
5.913072
5.583093
5.583093
5.226962
8.160221
8.160221
4.817339
5.671186
5.223462
4.796251
4.796251
5.767764
5.104340
4.747369
4.739001
5.103275
5.103275
4.757424
5.349321
5.438499
5.438499
4.903809
5.534720
5.534720
5.547583
4.977217
5.815408
5.815408
7.783600
7.783600
5.751180
4.901161
4.901161
4.901161
6.682944
5.424462
4.827293
4.827293
4.704889
5.734140
5.487091
5.487091
5.261070
5.394960
5.394960
8.289941
8.289941
5.294551
5.579770
5.579770
5.579770
5.595596
6.273735
6.273735
4.927883
4.927883
4.927883
5.550162
5.231244
6.524060
4.884125
4.884125
5.593762
5.593762
5.010504
5.086817
5.935125
5.935125
5.706570
6.085849
6.085849
6.085849
5.356228
4.942303
4.903044
4.903044
8.099840
8.099840
5.680294
5.472147
4.833322
4.833322
5.326963
5.326963
4.859089
4.859089
5.421337
4.932232
5.371524
5.371524
4.966597
4.966597
4.966597
4.859253
4.859253
4.916889
4.916889
7.416914
7.416914
5.317002
5.317002
5.015557
54.930616
4.930616
4.930616
4.885052
4.871818
4.904909
4.927964
4.892614
4.892614
4.892614
5.493546
5.493546
4.774998
4.774998
4.865526
4.865526
4.865526
5.532383
5.837498
5.837498
5.510469
5.506320
4.834723
4.834723
5.504251
5.400585
4.761803
4.761803
4.783524
4.783524
4.819738
4.819738
4.819738
5.876920
5.876920
5.140923
5.252461
6.613104
6.353738
6.353738
5.643261
4.918451
6.919489
4.922663
4.922663
4.922663
5.102150
5.282612
5.282612
4.803699
4.803699
4.819058
4.819058
4.819058
5.394802
5.394802
5.437677
5.030175
5.394822
5.394822
5.436045
5.436045
5.229261
5.229261
5.229261
5.424835
5.497548
5.296612
5.138429
5.138429
5.140749
5.140749
5.140749
5.257193

5.178281
5.178281
5.178281
5.178281
5.470598
5.410613
6.336685
5.039998
5.039998
5.901104
5.492082
4.880529
4.863262
5.067143
5.067143
4.891769
4.891769
4.935747
4.877625
4.832245
5.092763
9.512877
5.080724
5.080724
5.303599
5.303599
5.712146
5.712146
5.906236
5.071644
5.071644
5.654944
5.654944
5.654944
4.939894
4.939894
4.939894
4.939894
4.893815
4.893815
5.545740
4.861456
4.825567
4.825567
4.825567
4.862973
4.862973
4.862973
4.862973
4.783457
5.591869
4.875017
4.875017
4.916320
4.916320
8.380494
4.869210
5.258892
4.996980
4.996980
4.996980
5.329088
4.817003
5.333604
5.261811
5.142284
5.142284
5.545566
4.759918
5.622192
4.805991
4.805991
5.579175
5.532731
5.396160
5.396160
5.396160
4.957501
5.551370
5.551370
5.635383
5.635383
5.635383
4.899778
4.900246
5.500925
5.500925
5.500925
7.333816
5.064175
5.064175
5.064175
5.107477
4.818999
4.718858
4.718858
4.913666
4.913666
4.913666
4.913666
5.260352
5.260352
5.626699
5.695867
5.392566
7.852303
5.094074
5.094074
4.923736
4.923736
5.946008
5.115159
4.873495
5.455791
5.455791
5.455791
5.455791
5.367599
4.930386
5.055149
5.055149
4.905510
4.905510
4.901711
5.085361
7.493331
5.104332
5.104332
5.580835
5.580835
4.800364
5.249184
5.249184
5.104217
9.580102
9.580102
5.521911
4.720154
8.337380
8.337380
5.707715
5.707715
5.776066
5.776066
5.390172
5.390172
4.873528
4.913968
4.913968
5.749165
5.749165
5.546436
4.872317
4.872317
5.465868
5.603025
5.603025
5.241381
7.439361
7.439361
4.954735
5.808656
5.465246
5.465246
5.465246
5.570134
5.570134
4.824833
5.787335
5.363675
4.934158
4.934158
4.934158
4.906757
4.838050
4.838050
4.958117
4.831391
4.831391
4.831391
6.323551
4.753329
5.290286
5.290286
5.008491
5.008491
5.610723
5.524160
5.524160
5.341160
5.447579
5.589167
632971
7.729855
5.584092
5.306661
5.306661
4.940811
4.993656
4.993656
5.446072
5.446072
4.936813
4.936813
7.468744
5.684346
4.893572
4.893572
4.893572
4.893572
4.893572
5.683957
4.783509
7.565608
5.242913
4.946764
5.041799
5.041799
5.041799
5.041799
5.330982
5.047870
4.862644
4.862644
5.555607
5.009338
5.009338
5.483662
5.416112
5.485435
5.485435
5.485435
4.864676
5.383902
5.383902
5.410175
7.340962
5.410175
4.896018
6.993839
8.151778
8.151778
4.805504
5.246090
4.867402
4.867402
4.914442
4.789599
5.674501
5.674501
5.674501
4.916082
4.916082
4.873507
5.032071
5.032071
4.805174
5.563748
5.563748
4.839347
4.839347
5.194339
5.081579
4.924450
4.924450
5.803951
5.680171
5.518214
5.518214
8.204160
5.320346
4.892199
4.892199
4.921671
5.455386
5.455386
5.547295
5.547295
5.547295
5.416037
5.743928
5.743928
5.207635
5.412742
4.986855
5.412742
5.572709
4.974859
5.284892
4.955849
4.955849
4.917327
4.917327
4.917327
4.917327
4.865982
5.610087
5.610087
5.679216
5.679216
5.372178
5.598987
5.724764
5.409548
5.409548
5.772720
5.772720
4.951887
5.451035
5.451035
5.537373
4.876358
4.876358
4.876358
4.874323
5.325703
6.148800
6.148800
5.054105
5.054105
5.348799
4.781775
5.750509
4.958483
4.718914
4.718914
5.759804
4.859309
4.859309
4.833056
5.923422
5.413315
4.905431
4.905431
4.905431
4.715833
4.715833
4.817407
5.199861
5.199861
5.085023
5.890656
5.533643
8.149206
8.149206
5.293212
4.940460
5.455559
5.455559
5.618828
5.113040
4.834187
4.834187
5.685089
4.935094
5.320432
5.320432
9.760187
5.566132
7.769108
4.881431
6.607284
6.607284
4.637953
5.964990
5.964990
5.467666
5.559925
4.963011
4.963011
5.545636
4.810312
4.810312
4.852444
4.852444
4.852444
4.915418
5.018574
5.018574
4.779507
5.668159
5.424869
5.339951
5.547524
5.348770
5.348770
5.776495
5.333726
5.333726
5.525887
5.496247
5.271995
5.309675
4.913046
5.309675
5.309675
5.628118
6.378238
4.850563
4.850563
4.850563
5.385249
5.059949
5.591695
5.238759
5.238759
5.238759
4.910471
4.910471
5.843726
5.791723
5.986898
4.891816
4.891816
4.891816
4.891816
4.933498
5.604400
5.146624
5.367266
5.425193
5.517931
5.537096
5.073332
5.642912
5.642912
5.517187
4.904045
4.904045
4.856580
5.337345
5.337345
5.600115
5.600115
5.600115
4.889560
5.561971
7.825530
4.876938
4.876938
4.876938
4.876938
8.093427
8.093427
4.932663
5.597787
5.597787
5.021012
5.021012
6.188939
4.891757
7.426201
5.428284
5.428284
5.244642
5.244642
6.040715
6.040715
4.649088
4.807191
4.807191
4.807191
5.049138
5.772165
5.449704
5.175790
5.224247
5.224247
5.300457
5.300457
5.400282
5.400282
4.897963
4.897963
4.897963
5.657984
5.657984
4.897528
4.897528
5.503281
4.891470
7.781300
5.406073
5.406073
5.406073
5.467953
5.398881
5.398881
9.479842
4.911223
5.031107
5.031107
4.966046
4.850569
4.850569
4.787880
4.787880
5.338959
5.338959
6.172255
6.172255
5.480257
5.064997
5.064997
5.627209
5.627209
4.750454
5.231028
5.231028
5.231028
5.151646
5.432090
5.627252
5.627252
5.116464
5.116464
5.817327
5.817327
7.209919
7.209919
7.209919
10.779500
10.779500
4.893138
4.893138
5.134573
4.761249
74.866959
7.687152
7.687152
7.687152
5.499678
5.504796
5.504796
5.504796
4.724208
4.843352
4.843352
4.815494
4.815494
5.992257
5.488137
5.648170
5.135509
5.135509
5.135509
5.538556
5.538556
5.538556
5.454527
5.694613
5.399676
5.399676
5.399676
5.399676
5.292642
5.292642
4.945883
4.843535
5.073449
5.073449
5.434675
4.928643
4.928643
8.396190
5.208875
5.208875
5.052180
5.688996
5.942079
5.942079
5.058503
5.058503
5.058503
4.929379
4.929379
4.929379
4.993352
4.865371
4.865371
5.347568
7.780835
7.780835
5.557736
5.557736
5.318599
5.522611
4.869346
5.443219
5.318397
5.318397
5.642750
5.088966
5.500657
5.128093
6.109282
6.109282
4.912017
4.912017
4.912017
5.807609
5.057480
5.057480
4.772615
5.014234
5.014234
5.147942
5.147942
5.014041
5.203934
8.003632
5.337101
5.337101
5.337101
4.787904
4.787904
5.904674
7.402361
5.553113
4.895283
4.895283
5.646509
8.031298
8.031298
5.876396
5.064732
5.064732
4.809477
4.809477
5.405993
4.825105
5.575763
5.575763
5.100423
5.100423
5.463234
4.852450
4.852450
4.852450
4.888698
5.281479
5.281479
5.281479
5.281479
4.899603
4.899603
4.921194
5.135909
5.135909
5.532222
4.893263
5.197640
5.197640
7.658527
7.658527
5.119988
4.841652


8.341789
5.120319
5.485175
4.887070
5.399274
5.559303
5.559303
5.380367
5.380367
5.592959
5.592959
5.717706
4.941133
4.941133
5.266362
5.266362
5.293504
5.001845
5.001845
6.776641
6.776641
4.842882
5.529212
5.529212
4.909943
4.909943
4.909943
4.909943
5.653789
4.836835
4.836835
4.836835
5.060605
7.197332
4.781680
4.949301
7.807586
7.807586
7.807586
4.908962
9.558382
9.558382
5.175285
5.175285
5.482877
5.482877
5.318486
5.492808
4.785021
5.537194
5.376435
5.376435
4.924735
4.882228
4.882228
4.882228
4.882228
4.833080
4.849817
5.834473
4.880271
4.880271
4.880271
5.095214
5.264006
5.264006
4.935881
4.935881
8.291744
4.878793
4.878793
5.868449
5.868449
5.204649
5.204649
5.204649
5.507632
5.504074
5.023529
5.023529
5.023529
5.179516
5.397646
5.397646
5.530913
5.530913
5.620285
5.100364
5.100364
5.161566
5.161566
4.870046
8.347173
8.347173
8.347173
8.347173
5.872559
5.872559
6.266701
6.880464
5.259868
5.259868
5.585568
5.585568
5.585568
5.437109
8.048844
8.048844
8.048844
5.129874
5.129874
5.464028
5.464028
5.754058
5.754058
4.874236
5.504494
5.386545
5.386545
5.563763
5.357350
5.377768
5.645956
5.645956
5.582721
5.740571
5.740571
5.492118
5.655754
5.447168
5.447168
5.162581
5.082711
5.733479
5.733479
5.681881
5.681881
5.681881
55.504154
5.504154
4.960050
5.641433
6.196891
4.842424
4.842424
4.763470
5.422127
5.084135
5.084135
5.084135
4.927443
4.886736
4.858845
4.858845
4.863669
4.943741
4.742274
4.742274
5.549982
5.079367
5.079367
5.663100
5.673815
5.673815
5.639865
5.639865
5.631121
4.752580
4.752580
4.987613
5.762876
5.762876
5.751768
4.931137
4.894196
7.707766
4.969945
44.850542
4.850542
4.909111
4.884511
4.884511
4.848568
4.848568
4.848568
5.964986
5.964986
4.966284
4.789320
4.885031
4.885031
8.063656
8.063656
4.740357
4.997787
4.735481
4.735481
4.827469
4.827469
5.517796
4.864502
5.482261
5.851973
5.323529
5.323529
5.096455
5.096455
5.677075
5.615196
5.412572
10.330606
5.167160
5.167160
4.983429
4.983429
5.607629
6.114915
5.512021
5.512021
5.512021
5.045661
5.105031
4.911041
4.911041
5.699707
4.881205
4.881205
5.829453
5.829453
5.188921
5.188921
5.188921
4.803010
4.803010
4.803010
4.723794
4.723794
4.826301
5.421664
5.421664
5.590014
5.444235
5.444235
4.934915
4.934915
4.941570
4.941570
6.560348
4.937326
4.859363
4.859363
4.859363
4.859363
6.119627
6.119627
6.119627
4.856633
5.626574
5.626574
5.404223
7.189319
7.189319
7.189319
7.189319
4.882547
5.243817
5.243817
4.982526
4.910865
4.910865
4.910865
5.642652
5.417575
5.417575
5.257849
5.178689
4.794974
4.794974
5.259010
5.259010
5.192424
5.033539
5.033539
5.850346
5.176527
5.176527
5.534141
4.921911
4.921911
4.921911
5.422438
5.644286
5.102393
4.959340
4.959340
4.959340
7.724631
8.064781
4.875713
4.875713
5.532714
4.934123
4.934123
4.934123
4.961075
4.961075
4.806313
5.732936
4.799284
4.799284
4.799284
4.799284
5.052145
5.052145
5.052145
5.204745
4.753395
5.293269
5.293269
5.581466
4.815242
5.005566
5.005566
5.024195
5.024195
5.540996
5.632891
5.712543
5.382213
4.929456
5.568072
4.809085
4.809085
5.805545
5.805545
5.751175
4.924846
6.510041
4.976407
5.795503
5.397213
5.397213
5.171001
5.643511
5.643511
5.643511
5.587445
4.911896
4.911896
4.911896
4.780739
5.060749
5.060749
4.716478
5.484717
5.237675
5.237675
4.830375
5.539760
8.206363
5.759884
5.008892
4.922943
4.922943
4.910186
5.548622
4.792501
5.030878
5.030878
4.835878
5.643409
5.643409
5.298320
5.298320
5.298320
4.857410
5.209983
5.444968
4.945563
6.675575
6.675575
4.920630
4.920630
5.357534
4.907590
4.907590
4.907590
5.876438
5.876438
4.905651
4.905651
4.905651
4.819029
7.467239
7.467239
7.467239
7.467239
6.734789
5.413861
4.803474
5.364148
5.364148
5.316641
5.316641
5.469610
5.771177
4.741317
4.741317
5.417608
5.417608
4.994729
5.544254
5.587708
5.587708
5.587708
4.947480
4.947480
5.618751
5.592702
4.790802
5.380439
4.915878
4.915878
4.915878
4.915878
4.966599
4.966599
4.966599
4.966599
4.836643
4.836643
5.445644
5.445644
5.445644
4.801641
4.917981
4.729360
4.729360
4.729360
5.544856
5.106967
5.558542
5.558542
5.094734
5.094734
5.433985
4.873110
5.346365
5.346365
5.346365
5.283778
5.283778
4.822019
5.391338
5.391338
4.895392
5.615943
4.905642
4.905642
4.883673
4.897016
55.078147
5.078147
7.492359
7.492359
4.821238
4.971264
7.314884
4.857086
5.289593
4.812009
5.441420
5.441420
4.814334
4.814334
4.814334
5.200310
5.200310
5.099814
5.260478
5.260478
5.348918
5.348918
5.348918
5.029566
5.029566
5.617020
5.457801
5.457801
7.711564
7.711564
7.711564
5.563994
5.563994
5.686060
6.542323
4.986194
4.744254
4.744254
7.463924
7.463924
5.920372
5.920372
7.231498
5.285677
5.285677
4.987606
4.976009
4.976009
4.976009
4.976009
7.740524
4.772325
4.772325
4.772325
5.114646
5.566980
5.566980
5.566980
5.640606
5.640606
5.307811
4.864985
4.864985
5.416486
4.914208
4.914208
5.571352
5.447727
4.929633
4.929633
5.808158
5.305324
5.305324
5.702296
5.702296
4.994700
4.994700
4.994700
4.994700
5.408802
4.761959
4.761959
4.668257
4.668257
4.874979
4.874979
5.200762
5.200762
5.200762
4.866971
4.887967
4.887967
5.662413
5.662413
5.662413
4.766155
4.961069
5.713862
5.602741
5.247826
5.247826
8.039411
5.399940
5.615287
5.615287
5.173574
5.173574
5.459412
5.823552
5.823552
7.380014
7.380014
5.872485
5.471240
5.471240
5.251074
5.165937
4.940372
4.940372
4.940372
4.940372
4.990907
4.974517
6.645583
6.645583
6.645583
4.949814
5.003780
5.003780
5.003780
5.003780
4.912910
4.912910
4.808626
5.417800
5.417800
5.417800
5.417800
4.788788
5.772949
5.157683
5.497074
5.472333
5.207634
5.469842
5.510901
5.546226
5.546226
5.546226
5.546226
5.619650
5.619650
5.646348
5.275307
5.275307
5.192259
5.192259
5.192259
5.760454
8.485366
8.485366
8.485366
5.102730
5.102730
7.671802
4.893395
4.980202
5.525636
5.685109
5.685109
4.870812
5.547775
5.547775
4.727554
4.739926
4.739926
5.500615
5.607951
5.526479
5.213640
5.552425
5.552425
5.265475
5.390502
5.390502
5.390502
5.477204
5.265853
5.375908
4.944016
7.334714
7.334714
7.334714
5.304570
5.304570
5.304570
5.307743
5.307743
5.441747
5.441747
5.441747
8.052736
4.853758
4.853758
4.823858
5.506646
5.749110
7.364346
55.638393
5.638393
5.638393
5.641810
5.641810
5.644643
5.644643
4.972928
5.284706
5.122161
5.122161
5.611150
5.721998
4.637088
5.554950
5.554950
5.612300
5.330322
5.330322
7.254818
4.953758
4.953758
5.543462
6.902066
6.364752
6.902066
5.484703
5.100812
4.826718
4.9908164.913522
4.913522
5.623649
5.623649
5.046542
5.448441
5.448441
4.799351
4.799351
4.799351
4.799351
4.799351
5.242108
4.836276
4.836276
4.756155
4.756155
5.537233
5.537233
5.285525
5.513880
5.513880
5.549484
5.549484
4.798541
4.895654
4.895654
5.063149
5.063149
5.612890
5.612890
5.612890
8.494429
8.494429
8.494429
4.841378
4.823845
4.823845
4.954301
5.577651
4.906853
4.906853
4.852107
4.921078
4.714964
4.853281
4.853281
4.853281
6.018253
6.018253
5.757406
5.757406
4.888743
5.685226
5.685226
5.685226
5.402054
5.500710
5.500710
5.140715
5.068593
5.281051
4.805805
5.436732
5.436732
5.436732
5.542791
5.570874
5.473116
5.473116
5.473116
5.504477
5.408731
5.651909
6.549846
6.549846
5.056887
5.584849
5.584849
4.906154
5.435439
5.435439
5.949653
5.155261
5.155261
5.155261
5.044532
4.999246
4.999246
4.810829
4.789838
5.123294
4.886128
5.240702
5.240702
5.240702
5.291364
5.291364
5.291364
5.327096
5.198663
5.198663
5.483504
5.520565
5.211054
5.561233
5.561233
5.680616
4.936401
5.223126
5.223126
9.825005
9.825005
4.923098
4.923098
4.732186
4.732186
5.013159
5.013159
5.013159
5.561903
5.072474
5.072474
5.425769
6.254795
6.715066
6.715066
6.715066
4.874339
5.003129
5.003129
5.003129
5.735792
7.060046
7.060046
7.060046
5.235970
6.407726
5.056792
5.462224
5.523883
5.499013
5.499013
5.100885
5.277895
5.277895
5.631738
5.278154
6.722200
5.440023
5.440023
5.440023
4.943132
6.416248
5.576586
6.552506
6.552506
6.552506
6.552506
4.832871
4.863481
5.148233
5.148233
5.148233
5.148233
4.983344
4.983344
4.983344
5.040842
6.841977
4.935881
6.731733
6.731733
6.731733
4.843818
4.843818
4.843818
4.843818
5.702224
5.751587
5.053347
5.411305
5.411305
5.909687
5.120550
5.120550
4.927547
4.927547
44.860886
4.860886
5.190698
5.165680
5.165680
6.975104
6.975104
4.878708
4.878708
6.388260
6.388260
6.388260
6.388260
6.388260
5.307894
4.958598
4.958598
5.547863
8.682981
4.845568
5.482309
5.482309
5.567396
5.558925
4.861328
4.861328
4.900537
5.019947
4.851157
4.999236
5.547620
5.547620
5.715995
5.362549
5.466364
5.466364
5.573882
5.573882
4.9239754.923975
5.441425
5.441425
5.244401
5.244401
5.465973
5.465973
5.251695
5.245914
5.245914
4.986316
4.986316
4.986316
4.986316
4.952803
6.893708
5.833015
5.833015
4.923802
4.923802
5.128148
4.994956
4.994956
4.919170
4.919170
4.889029
5.576172
5.554352
5.530703
5.530703
5.073943
5.090782
5.090782
5.371778
5.557490
4.789320
4.836845
4.836845
4.836845
5.850315
5.850315
5.410086
5.410086
4.958814
4.958814
4.927766
4.825862
5.411487
5.411487
6.124997
6.124997
5.131555
5.131555
4.848778
5.139607
5.480445
5.883490
5.480445
5.883490
4.875606
5.050655
4.819043
5.502955
5.502955
4.855480
4.855480
4.889207
4.889207
4.888079
4.888079
5.216981
5.515578
5.557195
5.5.193740
5.120424
5.120424
5.457201
5.457201
5.254452
5.025200
5.025200
5.025200
5.495255
5.495255
6.416466
6.416466
5.267018
5.078948
5.017142
5.017142
4.921643
4.921643
4.921643
5.017007
5.017007
6.469357
4.842452
4.842452
5.405620
5.405620
5.405620
4.997880
4.997880
4.862181
4.808558
4.808558
4.864780
4.864780
4.864780
5.567895
5.502542
5.502542
5.678497
5.001122
5.001122
5.501868
5.501868
5.347808
5.347808
4.930279
5.400813
5.499655
5.499655
4.947320
4.947320
4.929287
4.929287
4.879048
5.509834
5.234693
5.234693
4.863853
4.863853
5.301588
5.301588
5.607491
5.607491
4.5.882810
4.905054
5.857931
5.857931
4.992182
4.992182
4.992182
4.849862
4.849862
4.742687
4.742687
4.742687
5.281737
5.596191
5.469790
5.541833
5.349589
4.841995
4.841995
4.991084
5.740661
4.843634
4.843634
5.736707
5.498936
5.5412335.022490
5.022490
5.022490
5.022490
4.975218
4.975218
5.493448
5.493448
4.880913
5.091159
4.884176
4.884176
4.826505
4.894586
4.929560
4.901481
4.901481
4.986473
4.886091
4.886091
4.819885
4.819885
5.088537
5.088537
5.088537
5.371087
5.338134
5.259185
5.259185
5.511267
4.821744
5.423506
4.903707
5.349390
4.881234
5.576141
4.823606
5.126047
5.126047
4.938255
4.938255
5.226838
5.226838
4.954767
4.930578
4.930578
4.930578
5.919871
4.829382
54.847613
4.847613
4.918495
4.918495
4.918495
4.842393
4.842393
4.884846
4.884846
4.970068
6.123270
6.123270
6.123270
5.590364
4.818411
4.818411
5.559259
5.559259
5.433725
5.433725
5.612085
7.376651
4.940657
4.940657
4.933897
5.449452
5.449452
5.529581
4.977161
4.977161
5.522634
5.766281
55.513052
5.513052
5.513052
4.764362
4.914667
4.914667
6.834650
5.300521
4.808492
5.588486
5.588486
5.410256
5.410256
5.410256
6.366188
6.366188
4.818408
4.818408
5.243087
4.744452
4.864176
5.458479
5.458479
5.755475
5.354199
5.354199
5.354199
5.253587
5.253587
5.253587
5.605787
5.479077
5.681971
4.975284
4.894671
5.139836
5.139225
5.099448
5.099448
5.099448
5.077396
5.525694
5.525694
5.525694
4.878535
4.938164
4.925590
4.925590
4.934804
4.966229
4.966229
4.966229
5.160439
4.845335
4.845335
7.438453
4.857263
4.857263
4.917402
5.058054
5.058054
4.897397
4.897397
4.941693
5.458708
5.458708
5.394892
4.903664
5.153590
5.391049
5.340424
5.391049
5.340424
4.847041
7.269583
7.269583
4.892688
4.892688
4.871222
4.833380
4.833380
4.832563
4.858334
4.858334
5.420415
5.420415
4.874410
5.052728
5.052728
5.379768
4.920111
5.658198
5.658198
5.820833
5.820833
5.820833
5.820833
4.834337
4.941312
4.941312
4.941312
6.101025
5.717256
4.950308
4.950308
5.758411
5.180171
5.180171
8.192978
5.538937
5.577792
4.848300
4.848300
4.848300
5.352798
5.544026
5.544026
5.557862
5.557862
4.737440
5.615300
5.615300
5.018794
4.959657
5.381638
4.966346
4.966346
4.804863
4.926720
5.324002
5.324002
4.876179
5.092569
4.832091
4.832091
4.832091
5.456731
4.831574
4.825398
4.825398
4.822962
4.736470
5.089215
5.623446
5.280007
5.280007
5.668868
5.259500
5.073572
5.531271
5.722774
5.223064
5.223064
5.223064
4.952290
5.283705
6.862389
6.862389
5.187522
5.187522
5.474285
5.474285
5.474285
4.819524
5.695718
5.695718
5.781557
4.891998
7.440239
7.440239
7.440239
5.068938
5.068938
6.385300
5.021563
4.855364
4.855364
4.855364
5.452878
4.938002
4.938002
4.938002
7.336689
5.223954
5.239460
4.946518
5.239460
5.424634
5.494549
4.852604
4.852604
5.726646
5.453476
5.453476
5.526860
5.652534
5.652534
5.652534
5.494131
5.504468
5.504468
4.936517
4.936517
4.936517
5.008929
5.008929
5.008929
5.767341
7.689014
7.689014
5.799957
5.334863
5.334863
4.939708
4.907919
4.907919
4.907919
4.788104
5.235663
5.465487
5.618183
5.618183
5.618183
5.228917
8.103671
8.103671
4.887966
5.352010
5.508575
5.658367
5.658367
4.786414
4.786414
5.367565
5.029309
5.533334
6.048878
5.002092
5.002092
7.620625
7.620625
4.968165
5.403821
5.403821
5.379987
4.850092
4.872430
4.872430
4.993622
4.993622
6.387390
4.845655
6.149618
4.973748
4.973748
4.973748
4.973748
4.789227
4.789227
4.766657
5.069409
5.069409
5.649099
5.695758
5.695758
5.801525
5.254093
5.254093
5.069942
4.896749
4.896749
4.871253
4.871253
4.793605
4.793605
4.793605
5.015746
5.015746
5.087687
5.087687
5.087687
5.544094
4.727555
6.124029
6.124029
5.114532
4.901630
5.344165
5.677295
5.677295
4.903607
4.903607
8.5.079003
5.079003
5.079003
6.308357
6.308357
7.734405
5.159243
5.159243
5.159243
5.674084
5.394665
5.394665
5.713016
5.021902
5.021902
5.456382
4.795246
5.502183
4.879202
4.879202
4.879202
5.366307
5.395741
5.395741
7.433785
4.970851
5.459522
5.459522
5.474366
5.474366
4.875197
5.913407
5.913407
8.231827
6.142967
6.142967
5.297185
5.297185
5.174230
4.957028
4.957028
4.957028
7.932329
4.914791
5.323002
5.860270
5.860270
4.848286
4.848286
4.897504
5.457343
4.936717
4.936717
5.387833
5.433094
5.433094
5.888005
5.531755
5.784353
5.747703
5.523038
5.523038
4.951763
4.914409
4.914409
5.246117
5.246117
4.781044
7.975483
7.975483
4.922379
4.816915
4.816915
4.931168
4.931168
4.931168
4.931168
4.931168
4.865769
5.364299
4.860266
4.860266
5.159124
5.159124
5.159124
5.597561
4.831245
5.272345
5.272345
4.819869
5.203382
5.203382
5.625566
5.167465
5.117959
5.410707
5.410707
5.410707
7.494421
5.615037
4.886834
4.886834
4.902121
4.902121
4.902121
5.696061
5.696061
5.064938
4.941616
7.577259
7.577259
4.919549
4.919549
4.982738
4.972057
4.972057
4.972057
6.610698
4.976414
5.097673
5.097673
6.858880
6.335727
5.474514
7.430850
5.643264
5.643264
5.643264
5.643264
5.404600
5.622732
5.090072
5.329051
5.512756
5.512756
4.783194
4.783194
4.916146
5.642679
6.418289
6.418289
5.522345
5.445908
5.445908
5.387657
5.298784
4.885410
4.885410
4.885410
4.839894
5.575947
5.037689
5.037689
5.037689
4.841997
4.841997
5.191341
4.903637
5.634548
5.634548


6.101778
6.101778
5.730434
5.730434
5.286254
5.691813
5.691813
4.795691
4.976944
5.241731
5.477841
5.381687
5.381687
5.427293
5.427293
5.511760
5.511760
5.511760
5.520861
5.520861
5.435020
5.435020
6.211447
5.616014
5.616014
4.888838
4.928276
5.384093
4.856838
4.923229
5.191791
5.191791
4.877707
5.091247
5.485957
5.485957
5.240008
5.240008
5.526485
4.909147
7.472265
5.536718
5.536718
4.788270
6.525955
6.525955
7.429893
7.429893
5.378949
5.378949
5.429541
5.429541
5.054638
5.551917
4.961989
5.788344
5.109681
4.827041
4.827041
5.089696
5.486852
5.598291
5.810610
5.815934
5.335980
5.335980
5.335980


5.737095
5.175739
5.175739
4.886048
5.170465
7.447698
7.447698
7.447698
7.447698
6.833958
6.833958
4.785690
4.785690
5.321650
5.321650
5.688274
5.052981
5.052981
5.534851
4.850978
5.786659
5.291432
5.563610
4.966276
4.966276
5.471284
5.471284
5.243399
4.904556
5.367088
5.367088
5.173456
5.006542
5.611181
5.611181
4.987256
4.987256
4.854085
6.079436
6.079436
7.238829
7.238829
5.455729
5.455729
4.753482
5.536189
5.604766
5.374712
5.374712
5.794776
5.794776
5.749889
5.749889
4.842062
5.788416
6.927656
6.927656
6.927656
5.474604
5.572377
4.858045
4.858045
5.412603
5.339808
4.876230
4.931430
5.595489
5.595489
5.512832
7.467099
4.961290
4.897848
4.897848
4.897848
4.903461
4.922371
4.922371
4.863639
5.564858
5.564858
5.225979
5.586282
5.586282
5.586282
5.431482
5.474949
5.474949
5.228400
5.641464
4.963850
4.963850
5.936424
5.936424
5.254522
4.901469
4.864443
7.738518
7.738518
4.992697
5.505930
4.871707
4.871707
5.804771
5.135756
5.135756
5.095016
5.072893
5.461603
5.542083
5.214845
4.952084
4.952084
10.066530
10.066530
5.582479
5.582479
5.582479
4.968523
5.003030
5.003030
5.003030
5.439508
5.436832
5.436832
4.863107
4.863107
4.863107
4.929140
4.929140
5.203027
5.203027
4.929044
4.693547
4.872207
6.700987
6.700987
6.700987
5.900542
5.471784
4.954703
5.436053
5.436053
5.147882
5.147882
4.872914
5.610975
5.498379
5.498379
5.096938
6.078557
5.337514
5.373783
4.981128
4.980333
5.617630
5.617630
5.617630
5.617630
5.001103
5.590096
4.4.877305
4.807289
4.889576
4.889576
4.992913
4.992913
7.806142
10.233371
4.732171
5.399876
6.012943
6.012943
4.822495
4.779743
4.779743
5.434977
4.839659
5.403655
5.429609
5.245259
5.577711
5.772015
5.772015
5.280695
5.280695
4.988504
4.988504
5.557496
5.557496
5.557496
7.150799
4.937795
4.944192
4.944192
4.944192
4.820150
4.820150
4.820150
4.912582
4.928244
4.928244
5.042923
5.244069
5.244069
4.939695
5.523343
4.889192
4.978188
4.871311
5.629823
5.629823
5.236408
5.236408
4.766846
7.209895
5.208106
5.208106
4.920234
5.420717
5.501668
5.054983
5.323438
4.923289
4.923289
5.230187
5.230187
5.524998
5.524998
5.524998
4.877778
4.877778
5.415741
5.415741
4.954625
4.954625
4.954625
4.954625
6.786471
6.786471
5.730520
4.940016
4.940016
5.092060
4.840321
5.218908
5.544086
5.544086
4.989489
4.989489
4.940462
4.940462
4.940462
4.853128
4.786251
5.457828
5.457828
5.522208
5.553092
5.086981
5.575219
5.106959
5.106959
5.565409
5.565409
5.748754
4.881725
4.881725
4.881725
5.768326
5.160977
4.931304
4.931304
4.931304
7.547783
7.547783
5.576007
5.603138
5.603138
5.603138
5.222566
5.222566
5.170308
5.170308
4.810516
5.236609
5.236609
4.852038
7.556704
4.925196
5.615648
5.615648
5.615648
4.852656
4.730436
5.428698
5.304203
5.557753
5.557753
5.521781
5.239742
5.287757
5.537809
5.537809
5.669095
4.927174
4.927174
5.313151
5.313151
5.751435
5.751435
5.944259
4.905068
4.935947
55.588255
5.588255
5.588255
5.613593
4.901247
4.901247
6.998981
6.998981
6.998981
6.998981
4.928868
5.106233
4.782417
4.782417
5.491306
5.074942
5.491306
4.838221
4.838221
4.838221
5.628845
5.628845
5.338786
5.168805
5.118049
5.118049
5.118049
5.725788
4.875679
4.875679
5.670912
5.516489
5.516489
5.453919
5.453919
5.793039
4.848632
4.848632
5.419344
4.891222
4.891222
5.099466
5.099466
4.865164
4.865164
5.451611
6.487969
6.487969
4.862769
4.878466
5.531468
6.030046
6.030046
6.030046
7.260032
7.260032
5.426402
5.064263
5.064263
4.944378
4.944378
5.184750
5.184750
4.901698
5.499168
5.407190
5.795845
5.084253
5.084253
5.745668
5.332179
5.692469
4.761220
5.982707
5.515884
4.810264
5.186428
4.927929
4.927929
4.927929
5.743501
5.743501
7.364383
4.798664
5.019980
5.630372
4.809891
4.894071
4.894071
4.894071
4.894071
4.944402
5.986583
5.241320
5.241320
4.788829
4.788829
7.738667
7.738667
5.320049
5.320049
5.422542
5.422542
4.869947
5.285779
5.016240
5.016240
5.095451
5.095451
5.506827
5.506827
5.732019
5.217059
5.417897
5.626956
5.626956
4.910743
4.910743
5.322758
5.322758
5.070334
8.579366
4.979992
4.979992
5.990223
5.199788
5.199788
5.199788
4.986643
4.986643
4.855062
4.855062
5.803708
5.803708
5.854676
5.294096



5.442586
5.442586
5.442586
5.257562
5.257562
5.333838
5.312542
5.312542
5.244440
5.244440
5.426960
5.426960
5.373110
5.298716
5.298716
4.949715
5.598661
5.668323
5.264488
5.264488
4.960285
5.579310
6.377976
6.377976
6.377976
5.776381
4.996321
5.776381
4.996321
4.816882
4.816882
5.411982
4.930899
4.930899
5.488948
5.350543
5.111598
4.863012
4.863012
4.863012
5.457547
7.326283
4.940090
4.940090
5.830701
5.098810
5.098810
5.087004
5.087004
5.087004
5.431049
5.431049
5.540956
5.540956
5.620305
5.620305
5.841284
5.033093
5.033093
4.955705
4.997039
4.997039
4.997039
4.997039
5.165325
5.004548
5.004548
5.759899
5.014104
5.014104
5.032508
5.764490
5.764490
4.904104
4.904104
5.084040
5.084040
5.084040
4.973694
4.982029
5.286278
5.286278
4.954709
4.954709
5.104817
5.007065
5.531960
5.096693
5.530736
4.899900
4.899900
4.768536
4.768536
5.312977
4.855069
4.855069
4.855069
4.855069
4.929177
4.721581
4.721581
5.512269
4.916317
5.074025
5.172110
5.172110
5.172110
4.889572
4.889572
5.369880
4.872091
4.810922
4.805201
8.815649
8.815649
4.887924
4.855677
4.855677
4.836386
4.671441
5.412969
5.412969
5.527490
5.527490
6.026062
5.543711
5.001377
5.001377
5.778232
5.980281
5.266114
5.137423
5.137423
5.416271
5.416271
5.416271
5.546013
5.274562
4.928974
4.928974
4.888105
4.888105
4.888105
7.319971
7.319971
4.857366
4.857366
6.145402
4.912274
4.912274
4.912274
5.611246
4.934704
4.955970
4.955970
4.811219
4.895609
4.895609
4.895609
5.412151
4.888634
4.888634
4.804921
5.515595
5.335577
5.739372
5.739372
5.540586
5.540586
5.527975
5.871645
5.339531
4.966883
4.966883
4.966883
5.569795
5.569795
5.493815
4.915585
5.301844
5.301844
5.301844
4.963906
4.862732
4.862732
5.188346
4.894168
4.894168
4.894168
5.174616
5.174616
6.098333
6.098333
4.972580
4.972580
4.972580
4.852190
4.852190
5.362011
4.875663
5.177509
5.177509
4.854986
5.469851
5.469851
4.993040
4.993040
5.385284
5.268863
5.268863
5.644592
5.644592
5.040056
4.988755
4.988755
4.988755
5.846162
5.846162
5.449033
5.449033
4.893213
5.085689
5.085689
5.153607
5.153607
5.355831
5.531402
5.531402
7.929069
5.060852
5.977740
4.818007
4.818007
4.818007
4.818007
4.950361
4.788640
4.788640
4.788640
4.788640



4.757856
4.854528
5.031005
5.381919
5.381919
5.909050
8.618742
8.618742
5.624933
4.906738
4.906738
4.906738
5.922695
5.533586
5.533586
4.929901
5.063462
5.063462
5.924571
5.065997
5.362278
5.362278
5.362278
6.824862
6.509494
6.509494
6.509494
5.140719
5.140719
5.140719
5.140719
5.297846
5.297846
7.216061
5.108326
4.871419
4.871419
4.871419
4.882184
7.519498
7.519498
7.519498
5.667656
5.139854
5.667817
5.514211
5.514211
5.451177
5.536559
5.536559
4.826553
4.926499
4.926499
4.926499
4.916035
4.916035
4.916035
4.974552
4.974552
5.024229
5.575347
4.930672
4.930672
4.889564
4.889564
5.528180
5.528180
4.954176
4.954176
5.684338
4.921615
5.750556
5.074258
4.845922
5.603217
4.892375
4.892375
4.892375
4.904859
4.904859
4.904859
5.001007
5.216334
5.216334
5.644582
5.829226
5.204258
5.204258
5.204258
5.204258
4.914559
5.053932
4.916550
4.916550
5.406114
4.865260
5.251014
5.251014
5.924208
4.833201
4.833201
5.442372
5.442372
4.927693
4.932468
4.932468
4.931479
4.931479
4.889748
4.968265
4.964492
5.128347
5.128347
5.128347
4.793695
5.320662
5.237416
5.237416
5.237416
5.646344
5.646344
4.831885
5.328395
5.328395
5.505990
5.050082
5.050082
5.545803
4.948129
4.948129
5.557260
4.853741
4.915355
4.915355
4.915355
5.602388
5.602388
5.602388
5.456375
5.456375
4.783898
5.313952
4.826876
6.753663
5.513992
5.513992
5.426412
5.846084
5.229453
5.229453
5.229453
4.812192
5.105936
5.105936
5.105936
5.105936
5.105936
4.796566
4.987140
4.987140
5.322932
7.905815
4.960808
5.321062
5.321062
5.655462
5.655462
5.307595
5.486617
5.486617
5.804120
4.842741
4.842741
5.435142
5.435142
4.884023
5.581436
4.956747
4.956747
4.956747
5.574542
4.844827
7.880592
5.538971
5.538971
5.612770
5.625033
5.565080
5.565080
5.565080
4.867052
5.348357
4.973684
4.973684
4.973684
4.973684
6.693814
6.093388
6.093388
4.882788
5.964042
5.964042
4.914245
5.230246
5.230246
5.346015
5.346015
5.521695
5.521695
5.561750
5.561750
4.949783
5.749218
4.877176
4.838926
4.838926
4.838926
5.328969
5.328969
8.236035
8.236035
8.236035
8.236035
5.594741
7.979750
5.082693
7.568393
4.869493
4.869493
4.876104
4.911826
4.911826
4.965551
4.870475
4.870475
7.398681
7.398681
7.398681
4.802014
4.802014
5.609614
7.984438
5.597541
5.597541
5.177419
5.177419
4.5.203241
5.203241
4.853079
4.853079
5.342818
5.342818
5.465738
5.836025
5.836025
4.855681
5.315989
5.315989
5.315989
4.857342
5.068527
5.257144
8.017901
8.017901
8.017901
8.017901
5.611806
5.770450
6.271566
5.678201
5.678201
4.882804
5.731753
4.864965
4.864965
4.864965
4.864965
4.930083
4.930083
5.241318
7.404266
5.491543
5.449421
5.449421
5.242337
4.983410
4.983410
5.549263
5.094068
5.503000
5.503000
5.249465
4.914071
4.914071
6.254013
5.009970
10.151668
10.151668
10.151668
5.598060
5.598060
4.874466
8.960528
5.459336
5.459336
5.505856
4.905110
4.937799
4.937799
5.210338
5.210338
4.833739
4.844454
4.898997
4.898997
5.279161
5.518516
5.518516
5.518516
5.518516
5.387437
5.280932
5.441107
5.441107
5.065692
5.319787
7.661701
6.167497
6.167497
5.503107
5.368404
5.368404
4.852742
5.044900
4.852034
4.852034
4.883754
4.883754
4.883754
4.947040
4.844189
4.804426
5.947515
5.947515
5.270348
7.816963
7.816963



5.182887
5.895551
5.895551
4.866169
4.745848
4.745848
5.622903
5.622903
5.715041
6.539502
5.460148
5.486436
5.486436
4.822998
5.066153
5.066153
5.539774
4.890710
5.463516
4.810789
5.260448
4.854404
4.854404
5.533655
5.566073
5.566073
5.493114
5.493114
4.902530
4.902530
5.355499
4.988895
4.988895
5.183871
5.037163
5.037163
4.920172
5.796389
5.796389
4.869687
4.869687
4.869687
4.799463
4.799463
4.921342
5.964925
5.323457
5.323457
5.291249
5.335438
5.436410
5.230290
5.481200
5.481200
5.450927
5.302068
5.244131
5.244131
5.244131
4.823192
4.823192
4.857441
4.956785
4.956785
4.895176
4.895176
4.856475
5.860646
5.860646
5.076081
5.445590
5.800366
5.146002
6.109808
6.109808
4.804217
5.625636
5.625636
5.754225
5.754225
5.347693
4.991621
4.991621
5.455017
5.455017
5.150081
5.479809
5.479809
9.784871
9.784871
9.784871
5.651703
5.651703
5.479068
5.415844
5.415844
5.488902
4.868729
5.525013
4.868729
5.525013
5.362364
5.362364
4.792761
5.056779
4.808321
5.751489
5.301125
5.301125
4.656662
4.656662
5.354733
6.845855
6.360753
6.360753
4.949388
4.949388
4.949388
5.539575
5.539575
5.292927
5.292927
5.358253
5.296358
5.308571
5.120878
5.322493
5.322493
5.322493
4.883314
7.615800
5.580796
5.414123
4.928111
4.928111
5.602954
5.022052
5.022052
5.677475
4.725584
4.725584
5.458254
4.932450
4.863529
4.863529
5.300711
5.300711
9.546935
4.895408
6.903350
5.359129
5.359129
5.359129
4.913879
4.913879
5.607444
4.986557
6.120648
6.120648
4.924331
4.924331
4.942880
5.613706
4.813654
4.741707
4.741707
4.888628
4.888628
7.771237
7.771237
5.500460
5.694483
5.258490
5.258490
5.296815
5.296815
5.389667
5.389667
5.085280
5.649261
5.649261
5.530164
5.530164
5.372363
4.953544
5.373042
5.099580
4.809987
4.809987
4.809987
5.611040
5.611040
5.611040
5.090499
5.090499
5.090499
4.996850
4.996850
5.216474
5.216474
4.849783
4.849783
5.187018
5.187018
5.417933
5.417933
4.773689
4.780700
4.780700
4.780700
5.402239
5.381896
5.611691
5.611691
4.962633
5.380477
5.567151
55.470958
5.301459
5.301459
5.396588
5.396588
5.396588
5.567384
5.503103
4.957276
4.957276
4.957276
4.957276
4.957276
7.650937
7.650937
5.260076
5.260076
4.867257
5.658224
4.867146
5.209475
5.209475
5.335878
5.335878
8.073859
4.799265
5.452975
5.452975
5.152220
5.152220
5.114290
5.114290
4.753988
4.990092
5.547134
5.350530
5.350530
5.541691
5.630033
5.360549
4.906132
5.377622
5.377622
5.377622
7.523866
4.909430
5.685272
5.151255
5.151255
5.151255
4.958317
4.958317
5.379567
5.379567
4.859189
5.590937
5.537332
4.931356
5.019932
5.019932
5.904120
5.888067
4.929007
5.135985
4.955493
5.022288
5.656716
5.118704
5.118704
5.118704
4.879886
5.308020
4.763545
5.501138
5.501138
5.521387
5.120983
5.501382
5.685416
5.685416
5.023005
5.023005
5.255665
5.255665
5.468582
4.810733
4.810733
5.470581
5.470581
5.470581
4.980887
5.581833
5.581833
5.581833
5.023486
5.023486
4.901392
4.901392
4.919628
4.919628
4.817877
4.890702
4.890702
5.050695
5.050695
5.050695
5.539084
5.329973
5.329973
4.857760
4.857760
5.518288
5.458980
5.410849
5.410849
5.355185
5.774012
8.276589
5.803413
5.803413
5.803413
5.092519
5.092519
4.864967
4.982833
4.982833
4.791608
4.937230
4.937230
4.937230
4.959068
4.952089
4.952089
5.331993
6.808327
5.105412
4.907518
5.840780
5.576261
5.797617
5.797617
5.632661
5.632661
5.312560
5.844275
5.251831
5.251831
5.390628
5.390628
5.706249
5.706249
5.706249
4.811127
5.334453
5.334453
5.408990
5.408990
5.584107
4.806260
5.724364
5.724364
5.582558
4.935852
4.935852
5.607790
4.906772
5.275670
5.275670
4.899864
4.986383
4.986383
5.612326
5.442943
5.442943
5.231989
6.646341
6.646341
4.867525
4.877099
5.238476
5.238476
6.387859
5.760538
4.904717
5.551527
5.551527
5.359002
5.361140
4.809344
4.889550
4.889550
5.348293
5.348293
5.283843
5.283843
4.816560
4.816560
5.531648
5.156272
5.156272
5.529688
7.111530
7.111530
7.111530
5.547480
5.535535
4.878294
4.878294
5.374085
4.887555
5.027836
5.027836
5.790828
5.790828
4.883890
4.838313
4.838313
5.017675
5.017675
5.120628
5.120628
8.144186
8.144186
4.736457
5.069073
5.912877
6.507877
6.507877
6.507877
6.507877
5.226171
6.010919
9.495179
5.715755
5.715755
5.041511
5.041511
8.076763
8.076763
5.647186
5.647186
6.715375
5.462457
5.306076
5.306076
5.544197
5.544197
5.544197
5.544197
4.945948
4.905946
4.860074
4.962214
4.962214
4.846982
4.849757
4.849757
5.398810
5.398810
5.398810
5.225358
4.943371
4.943371
4.943371
5.361557
5.361557
9.779652
9.779652
7.054642
7.054642
7.249418
7.852423
5.304975
5.526704
5.343500
5.343500
5.580551
5.740829
7.819687
5.295678
5.295678
6.188046
5.431169
4.863321
4.761102
4.761102
4.761102
4.761102
4.870003
4.870003
5.710074
5.710074
5.100202
5.100202
4.935130
4.935130
4.885831
4.885831
5.552532
5.629312
4.936304
4.936304
4.936304
4.936304
4.872326
6.399603
6.399603
6.399603
6.399603
4.823572
4.826512
4.826512
5.460632
5.473819
5.447999
5.447999
5.472511
5.472511
5.045994
5.463281
5.261716
5.261716
5.628587
4.824695
4.824695
5.598093
5.598093
5.598093
4.927736
4.927736
5.657102
5.680751
4.910916
5.455292
5.455292
5.084105
4.997727
4.997727
4.875222
5.519902
4.885726
6.615038
6.615038
7.458652
7.429004
4.893790
7.341938
6.242969
6.242969
6.242969
5.513982
5.513982
5.336527
5.216394
5.538046
5.577277
5.577277
5.519713
5.568532
5.418693
5.418693
4.809459
4.809459
4.809459
5.650459
4.860124
4.886983
4.886983
4.928293
4.848414
4.848414
5.142516
5.142516
4.962586
4.962586
4.962586
4.953209
7.418392
7.418392
4.864668
4.864668
7.923949
6.633249
4.925655
4.925655
4.925655
4.925655
5.002772
4.856149
5.527547
5.336248
5.336248
4.821453
5.488122
5.488122
5.488122
5.293748
5.219523
5.385633
5.385633
5.473225
5.506842
5.506842
8.191259
8.191259
8.191259
8.191259
5.351971
5.349510
5.349510
5.349510
5.349510
4.984588
4.911556
4.911556
4.911556
5.020876
5.020876
5.020876
5.784770
5.784770
5.010708
6.775055
4.789481
4.789481
4.789481
4.789481
5.066386
6.422574
5.276077
5.276077
5.433676
5.433676
5.447691
5.536145
5.536145
5.765599
5.564392
5.564392
5.534793
5.681083
8.055909
7.751295
7.751295
5.596410
5.596410
5.596410
5.603185
5.603185
4.963202
4.843370
4.843370
4.768737
4.768737
4.984411
4.984411
4.984411
5.784199
4.893994
4.893994
5.371696
5.371696
7.492502
5.360336
5.360336
4.793402
7.910670
7.910670
7.910670
4.845735
5.833534
5.833534
5.305079
5.461277
5.626571
5.107418
5.107418
4.745676
4.745676
5.502488
5.502488
5.511658
5.311208
4.683195
5.404221
5.404221
5.568556
5.568556
5.568556
4.784269
4.924346
4.938127
5.651503
5.651503
5.832422
5.832422
4.886033
7.245259
7.245259
5.221474
5.020258
5.020258
5.020258
5.362969
5.362969
5.362969
4.935824
4.935824
4.897329
5.328188
5.328188
5.328188
5.328188
4.827501
5.635642
4.824898
5.066091
5.490899
5.081764
5.225921
5.225921
5.225921
45.372199
5.372199
4.826299
5.710627
5.274511
44.955649
4.862267
5.532633
5.532633
5.532633
4.936822
4.936822
5.512322
7.400678
4.930780
4.930780
5.111551
4.935212
4.998739
4.998739
5.117321
5.083342
7.876043
7.876043
5.668178
5.018491
5.018491
5.753343
5.485262
5.469137
5.469137
4.941851
4.941851
5.409540
5.409540
4.867393
4.867393
4.915330
4.915330
4.915330
5.468290
4.819018
5.069958
5.826494
5.826494
5.814121
8.639479
7.372743
7.372743
5.978960
5.978960
5.347322
5.347322
5.752650
5.752650
5.752650
4.999705
7.694214
7.694214
7.694214
4.823607
4.939335
4.823607
4.823607
4.823607
5.323890
4.708971
5.465159
5.465159
5.441754
5.441754
5.508916
5.508916
4.939890
5.674453
5.674453
5.605462
5.605462
4.866228
4.866228
4.866228
4.909312
4.909312
5.299519
5.476888
7.462175
7.462175
5.695022
6.841246
6.841246
6.841246
5.587179
5.587179
4.902900
5.273233
5.273233
4.871403
4.820872
5.366349
5.366349
5.366349
5.877376
4.827115
4.827115
5.365019
5.365019
5.260022
7.447122
5.406361
5.683299
5.188707
4.881887
4.881887
5.315428
4.926183
5.524141
5.524141
5.636817
6.195504
6.195504
5.553538
5.285990
5.458773
5.458773
5.408290
5.408290
5.408290
4.984671
4.918400
4.918400
4.918400
4.930145
4.873190
4.873190
4.952344
4.925127
4.925127
4.863058
5.571647
5.428177
5.420657
5.738689
5.738689
4.859250
4.859250
5.058991
8.155263
8.155263
5.567693
5.365381
5.612412
5.495676
5.393019
5.433314
5.433314
5.528787
5.557614
5.757742
5.440851
4.884397
6.156134
7.875278
8.314353
6.693493
6.693493
4.893808
4.893808
4.894911
4.894911
4.894911
4.894911
5.052148
6.587286
6.587286
7.155551
6.813614
5.239319
5.239319
6.328899
5.578176
5.578176
5.578176
5.578176
4.845452
4.845452
5.672856
5.672856
5.554713
5.413190
5.614245
5.421773
5.421773
5.451037
5.617390
5.617390
5.467613
5.611723
5.546020
5.546020
5.546020
5.066900
5.304125
5.304125
5.304125
5.304125
5.586552
5.586552
5.346985
5.351275
5.351275
4.892216
4.892216
5.537555
5.537555
5.537555
5.284481
5.942972
5.942972
5.942972
6.534343
6.534343
6.534343
5.509669
4.730005
4.730005
4.730005
4.730005
4.831287
4.831287
5.466294
5.466294
4.846895
4.846895
5.631757
4.892835
4.892835
5.009078
5.009078
5.009078
4.816655
4.816655
5.639237
4.864722
5.392604
5.392604
6.501915
6.501915
5.527787
4.915802
4.915802
4.915802
4.915802
4.992775
4.992775
4.992775
5.577499
5.453123
5.453123
7.379399
7.379399
7.379399
5.329410
5.329410
5.329410
5.867266
4.910377
4.917353
4.821796
5.768240
5.553185
5.955932
5.500939
7.767285
7.767285
5.766363
5.488482
8.381747
8.381747
4.894171
4.897297
4.897297
4.897297
5.688433
5.688433
5.571604
5.549617
5.549617
4.954234
4.971479
4.971479
4.971479
4.912226
5.302555
4.833197
4.895160
5.409791
5.409791
5.277794
4.838156
4.838156
5.548114
5.215812
5.193270
5.215111
5.215111
5.215111
7.575544
7.575544
5.698953
5.484259
5.260575
10.157880
5.740623
5.740623
5.037486
5.037486
5.424433
5.424433
5.612265
5.612265
5.126135
5.705601
5.705601
5.705601
4.855436
4.843244
5.585125
5.630664
5.392426
5.392426
5.392426
7.913326
7.913326
4.852081
4.852081
4.852081
4.852081
5.571753
5.571753
5.298670
5.298670
7.841231
7.620878
7.620878
7.620878
4.766296
4.766296
5.294724
5.437301
5.233477
5.562777
4.916736
4.916736
5.720323
5.221014
4.827825
5.749242
4.894859
5.326385
5.326385
5.716540
5.187533
5.187533
4.940988
4.940988
5.679422
4.836379
5.536752
5.093079
5.093079
4.854279
4.854279
5.380858
5.406193
5.275960
4.857984
4.857984
4.857984
5.004051
5.004051
7.896447
7.896447
5.177145
4.983204
5.017595
5.017595
5.017595
5.093139
5.405047
4.881470
4.881470
5.682977
5.437310
5.053651
5.009365
5.216056
5.216056
5.453845
5.103170
5.311845
5.419894
4.837386
4.837386
7.925542
7.925542
5.537549
5.537549
5.539984
6.257456
5.089681
45.089681
5.294394
5.294394
5.006053
4.890883
4.890883
4.984607
4.833073
4.833073
4.833073
6.048273
6.048273
4.830311
4.830311
4.830311
4.830311
4.855282
8.434786
5.681832
8.019047
8.019047
5.615941
5.921590
5.478348
5.478348
5.358418
4.974125
7.510465
7.510465
7.510465
4.925622
5.599473
5.599473
5.373986
4.977968
4.977968
4.977968
6.390124
6.390124



5.818745
5.818745
5.818745
5.636418
5.636418
4.828955
5.278287
4.758519
5.032489
5.032489
5.032489
5.344263
5.542607
5.227575
5.915122
5.375697
5.220208
5.220208
5.526865
5.761444
5.761444
5.642871
4.880840
5.358227
5.358227
5.008565
5.008565
4.802119
4.802119
4.871131
4.810561
4.810561
5.023778
5.023778
5.045981
5.116105
4.851222
4.765479
4.765479
5.638078
5.638078
4.885681
5.941824
4.859990
4.787781
4.787781
4.787781
5.232447
5.797620
5.118475
5.118475
4.802472
8.167743
4.936602
4.936602
4.936602
5.317602
5.317602
5.573880
5.297127
5.297127
4.849086
4.849086
5.5.467500
5.884857
5.824784
4.826075
5.530568
5.002434
5.002434
5.085421
5.085421
5.145286
5.145286
5.145286
4.896490
5.310323
4.824365
5.530958
5.530958
5.415792
5.803578
5.352294
5.352294
4.974745
4.901622
5.814673
5.561483
5.561483
5.185200
5.185200
4.936507
4.925960
4.925960
5.362164
4.908155
4.908155
5.443519
5.759781
5.322613
5.427407
5.274222
5.274222
5.110565
5.110565
5.394593
4.970958
4.970958
5.063250
5.063250
5.063250
4.882539
4.882539
4.882539
7.534237
7.534237
4.966346
5.367473
5.308542
5.379215
5.381445
5.381445
5.381445
5.382601
5.382601
4.867055
4.929052
4.929052
4.801962
4.801962
4.801962
5.561422
5.561422
6.224693
5.084969
4.881526
5.534551
5.492080
5.492080
5.267550
5.900408
5.461225
5.461225
7.104593
5.138110
5.398931
5.398931
5.277267
5.277267
5.351602
4.930370
5.533355
5.015046
7.273225
7.273225
4.864653
4.891124
5.443707
5.443707
5.444549
7.399729
5.340665
5.340665
5.560341
5.000481
4.891468
4.891468
4.891468
7.313856
5.978594
5.978594
4.908706
4.908706
5.367484
4.742093
5.650687
5.650687
5.235400
5.507987
5.507987
5.552513
5.552513
5.479103
5.294595
5.294595
5.133059
5.250587
5.250587
5.518103
5.092912
5.092912
5.092912
5.577249
4.911740
5.135934
5.135934
4.986430
5.752928
5.751128
5.751128
5.751128
4.951583
5.153542
5.153542
5.153542
5.210589
5.226091
5.217081
5.217081
5.217081
9.357100
9.357100
5.413200
5.551125
5.525824
5.439819
5.335858
5.476952
5.476952
5.359559
5.359559
5.359559
5.511762
4.834715
4.898113
5.433174
4.822836
4.822836
4.822836
5.713976
4.902995
8.409823
4.882557
4.882557
5.775790
5.775790
8.019272
7.854358
7.854358
5.318029
5.816976
5.384689
5.384689
5.384689
5.384689
5.164850


4.868840
4.941367
4.765180
4.765180
4.765180
5.264237
5.180862
5.582628
5.453730
5.124289
5.316340
5.316340
5.433362
5.553729
5.553729
5.553729
5.282685
5.282685
5.282685
5.219881
5.353773
5.196440
5.196440
5.196440
5.182848
4.897855
5.182848
5.088443
5.088443
4.944551
7.459658
8.145043
8.145043
8.145043
8.145043
5.562744
5.069268
6.206790
5.053987
5.194745
5.194745
5.212186
5.212186
5.212186
4.871974
7.995993
7.995993
5.210560
5.210560
5.318211
5.743069
5.175947
5.352769
4.862092
7.645576
7.645576
5.361176
7.968752
7.968752
5.704885
5.704885
5.704885
5.704885
5.704885
4.816815
4.932088
4.932088
5.050656
5.623709
5.050656
5.050656
4.769482
4.769482
5.635801
5.148220
5.148220
4.907523
4.907523
4.907523
7.769760
7.769760
5.009873
5.483956
6.763088
4.980298
5.373333
5.373333
5.368322
5.368322
4.848287
4.848287
4.881614
5.287409
5.287409
5.703032
4.835337
4.835337
4.835337
5.729426
8.121755
5.058316
5.058316
5.058316
4.934140
4.898293
4.934140
4.871979
4.871979
4.871979
5.298860
5.608383
5.608383
5.572678
5.572678
5.113987
5.113987
4.857161
5.726365
5.726365
4.900720
5.685913
5.685913
8.119818
8.119818
5.321632
5.323546
5.323546
5.128368
5.448447
5.448447
5.734604
5.260692
5.260692
4.837572
4.837572
4.837572
4.962285
4.962285
4.874588
4.874588
4.917620
4.894015
4.894015
5.148088
5.375891
5.521758
5.521758
5.808711
5.808711
4.842417
5.701435
4.842666
5.418716
5.418716
5.418716
4.855969
4.879554
4.879554
4.879554
6.563815
4.794429
5.428824
4.859684
4.859684
4.815244
5.460759
5.460759
5.521823
5.772851
5.596020
5.540358
5.540358
7.951340
5.650312
5.331384
4.905256
4.905256
5.744797
7.533392
7.585772
7.585772
5.401524
4.994148
5.642098
4.966204
5.427737
4.893636
4.893636
4.893636
4.893636
4.943699
4.943699
4.926812
4.926812
7.425985
5.960845
5.960845
5.960845
4.828946
4.806969
5.515861
5.515861
4.715546
4.863486
4.9765524.976552
4.976552
5.741532
5.741532
5.286983
5.444173
5.444173
5.583686
5.583686
5.486493
5.197701
5.197701
5.764996
5.764996
7.447164
7.447164
7.447164
5.631675
4.861105
8.420403
8.420403
5.777580
5.777580
4.974096
8.022846
4.851064
4.851064
4.851064
4.886516
4.886516
4.939887
6.709731
6.709731
4.847637
4.847637
6.843982
4.887402
4.887402
5.277196
5.264787
5.226101
5.226101
5.132383
5.458003
5.449154
5.449154
55.483190


5.092427
5.092427
5.817306
4.826327
5.563658
5.563658




5.477745
55.4.860000
5.733297
5.733297
5.733297
4.909879
4.909879
4.909879
5.504265
4.905961
4.880556
4.880556
4.880556
4.854007
4.801985
4.801985
5.195611
4.953540
4.953540
4.953540
5.512400
5.297437
5.765107
5.648722
5.648722
5.788065
5.516128
55.406371
4.912576
4.912576
4.925745
4.925745
5.433025
5.433025
5.425316
5.590820
8.173465
5.259197
4.922192
4.903328
55.534153
5.534153
5.534153
5.534153
4.925911
4.925911
5.525693
4.950513
4.950513
4.950513
4.845177
4.845177
5.163496
5.988387
4.816214
9.299987
9.299987
9.299987
4.828304
5.590312
8.076762
5.172864
5.172864
4.908911
4.908911
5.503685
5.503685
5.631629
5.631629
5.631629
5.751712
5.751712
5.596060
5.585225
5.346069
4.866162
4.866162
4.921354
4.921354
4.921354
5.538480
5.538480
5.161927
4.974293
4.974293
4.974293
5.435274
5.364647
5.364647
4.810218
4.810218
5.123481
4.841002
4.841002
7.164604
7.164604
4.821175
5.461605
5.202750
5.598730
5.347398
5.139123
5.139123
4.917400
4.887240
5.558416
4.898896
5.030304
5.030304
4.866958
4.866958
5.596624
5.596624
5.564137
5.564137
4.880261
4.866171
4.866171
4.846514
4.846514
4.955268
5.536223
5.394326
4.922482
4.922482
5.482386
5.288367
5.147190
5.147190
5.147190
4.813477
4.813477
5.291065
4.745806
4.736531
4.736531
5.528088
5.452373
5.452373
5.220351
5.220351
5.327781
5.327781
4.931236
4.931236
5.075659
4.948684
4.948684
5.331112
5.163765
5.163765
5.388793
4.854850
4.854850
4.854850
5.599439
5.526408
5.526408
4.845182
6.039235
6.039235
4.917134
4.917134
4.917134
6.055970
6.055970
6.169224
4.955840
4.955840
4.870775
4.870775
4.822006
4.757832
4.994324
4.994324
4.915716
4.907270
4.907270
5.034791
5.506582
5.572751
5.225516
5.225516
5.724039
5.465170
5.465170
5.449238
5.516579
5.516579
5.516579
5.274269
5.274269
5.487129
4.918924
4.918924
4.918924
4.925055
5.015593
5.614922
4.979463
4.979463
4.979463
5.110037
7.435602
4.998675
4.998675
4.896614
4.972009
4.972009
4.972009
4.856726
4.856726
4.794051
4.794051
5.853038
5.699046
5.717160
5.487593
5.487593
5.452381
5.393230
5.519664
5.519664
5.109029
5.109029
8.288488
7.707302
7.707302
5.820663
4.909297
4.909297
5.262891
5.262891
5.262891
5.546567
4.859690
4.859690
7.445262
5.708812
5.708812
4.792257
4.792257
4.847082
5.401643
4.847082
5.396823
5.396823
5.396823
5.327734
6.610022
4.809950
5.765108
5.765108
5.765108
4.792915
4.792915
5.931971
5.931971
5.931971
