.055706
.055706
11.771973
10.221184
6.313013
12.304085
6.313013
12.304085
12.477678
11.498512
11.392352
11.343689
11.766560
11.766560
11.670611
11.670611
10.964768
11.358238
11.358238
10.519464
10.519464
7.319193
11.677612
7.319193
11.677612
7.319193
11.677612
12.180206
12.180206
12.311982
11.068456
11.703217
8.118971
6.465891
11.472247
11.637033
11.618298
12.420463
12.627309
11.580942
11.496741
11.947947
11.778774
12.459069
12.361366
.667336
8.409453
.667336
8.409453
12.237863
11.246481
6.925179
246481
6.925179
11.719531
8.653055
11.608898
8.653055
11.608898
8.653055
11.608898
12.188378
7.758558
11.737925
11.618758
11.712412
11.899573
10.739519
10.739519
11.736743
.486017
12.364395
12.364395
11.770491
11.751736
11.751736
8.150406
11.834584
12.348143
12.669609
11.571092
11.714821
8.561005
6.611506
12.345487
6.611506
12.345487
.310327
.310327
11.015691
12.320631
10.021676
11.087638
11.852640
11.789318
12.028140
11.915605
12.282421
12.337192
8.129379
6.177340
12.053601
11.694560
11.766820
8.958221
11.766820
8.958221
11.766820
8.958221
11.762595
11.762595
11.664939
11.762595
11.664939
12.319601
9.059737
11.762595
11.664939
12.319601
9.059737
12.168001
11.148254
11.943976
11.465615
12.264152
12.264152
11.681768
11.632509
11.551636
11.749567
11.451888
8.414491
11.775896
11.409852
11.857538
11.261214
11.340808
11.626933
12.109065
8.090764
11.312064
9.083576
11.520186
7.769689
11.520186
7.769689
12.437326
12.421873
11.207352
11.548210
11.925079
10.388945
12.103351
12.389224
11.423750
12.157894
8.011728
11.667254
7.763139
11.667254
7.763139
12.249382
10.520762
10.520762
8.419669
10.520762
8.419669
10.993951
10.993951
8.434431
11.045687
11.045687
11.492520
11.492520
12.455030
11.409575
11.409575
8.234112
12.124487
11.210540
11.418420
12.062053
11.319992
12.400067
12.400067
11.861531
11.699412
12.528946
11.627588
12.413421
11.766176
11.285158
11.860070
11.961892
8.891633
11.820125
11.819962
11.933164
12.178068
11.209075
12.256723
11.925201
11.690561
10.665149
11.983319
8.264174
8.264174
12.167695
8.264174
12.167695
11.447551
11.898081
11.898081
11.561788
11.561788
11.402621
10.115456
11.595155
11.294234
11.661194
11.373170
8.660107
11.868809
11.868809
12.181199
12.322863
11.557577
9.277959
7.446123
11.958538
12.473220
7.966869
12.217894
11.279863
11.205588
12.280653
11.583594
11.611821
12.388577
11.852180
11.852180
12.278897
8.856818
11.731836
11.684844
11.684844
12.311302
8.052231
12.311302
8.052231
12.284577
11.598618
12.124811
9.164933
12.124811
9.164933
11.363814
11.792336
12.002240
12.210583
12.237532
11.944333
11.636269
10.076153
6.556181
6.556181
11.909434
12.350960
11.867400
11.563904
11.757440
12.361103
12.327831
11.414974
11.861593
8.675133
11.861593
8.675133
9.023350
12.250149
11.290173
8.455791
8.455791
12.089438
12.360898
11.560305
12.330177
11.929910
12.477889
11.635509
8.807173
12.308820
12.028304
12.267301
11.926482
11.926482
10.429800
12.090655
12.436489
11.423522
11.470266
11.534701
8.235854
12.400464
8.279816
12.400464
8.279816
11.510541
12.144442
12.144442
12.347068
12.347068
11.640045
12.347068
11.640045
11.998768
12.347068
11.640045
11.998768
11.472031
10.616069
10.616069
11.284010
11.092908
11.765130
11.928179
12.251221
11.002739
11.126048
9.895299
9.895299
12.280910
11.514007
11.587583
12.306359
11.911160
11.632450
9.823826
11.503719
11.503719
11.508424
11.508424
11.564515
8.362475
10.501381
10.501381
11.678583
11.306884
11.326452
5.957340
5.957340
11.715783
12.564539
11.530448
11.718963
12.331424
9.976144
8.524783
11.722810
12.032809
8.623164
12.032809
8.623164
11.759062
1111.529926
9.018969
11.762252
8.082700
11.762252
8.082700
12.520523
11.346433
11.346433
11.878722
9.940194
12.270790
11.335291
11.005949
11.873139
11.758689
7.377395
11.810377
12.466944
12.342297
12.023633
11.231703
12.470428
12.414955
10.481926
9.838908
9.838908
11.403301
12.077089
11.867629
12.282585
11.978688
12.461141
12.079054
11.974459
11.225368
11.423257
11.965568
11.342391
11.194924
11.194924
12.432120
12.303863
11.840843
12.081586
12.264669
9.521761
11.635156
11.635156
12.298747
11.361718
8.142415
12.298747
11.361718
8.142415
12.298747
11.361718
8.142415
12.298747
11.361718
8.142415
11.766236
12.080849
11.705451
11.699161
8.580408
8.580408
11.993534
8.707079
11.993534
8.707079
11.710884
10.525003
10.525003
12.398439
11.722368
11.722368
11.078980
12.710845
12.176923
11.535232
11.225203
12.010822
11.958076
10.428025
11.429810
8.211767
11.429810
8.211767
11.556893
11.913146
11.511600
11.511600
11.491170
11.833974
11.443473
11.663558
9.683958
11.750977
11.919655
10.905469
8.993229
10.823235
11.562456
11.827551
11.513253
12.404513
12.404513
12.292065
8.516079
11.995998
11.995998
11.732696
12.309702
11.874387
11.438073
11.258369
11.899004
11.846653
11.082605
11.322248
11.752296
11.752296
8.460197
.016554
12.012927
11.396260
8.558903
12.503253
12.284970
11.724922
11.746928
12.345411
12.356076
12.341777
12.341777
11.651129
10.858677
10.062771
11.017008
11.017008
12.472443
11.543172
12.235384
12.235384
11.854802
11.684187
11.702509
7.958471
7.958471
12.465555
12.465555
11.972759
12.465555
11.972759
12.211366
8.858671
12.465555
11.972759
12.211366
8.858671
11.968272
11.264730
12.132183
11.536053
12.314807
11.563092
11.541072
11.160805
11.826901
9.057728
11.723763
6.313390
11.620292
12.290900
11.463518
11.463518
8.956542
12.311798
12.328820
11.556450
12.460779
11.858118
11.858118
9.050594
11.610312
11.747376
12.232211
12.315419
11.754608
9.857747
.961772
12.211709
11.787083
11.313419
11.446587
11.176254
11.176254
12.125456
11.556592
12.357377
11.895361
11.401627
12.138146
11.237826
11.237826
11.612621
12.372256
11.977821
11.555517
11.609973
12.154270
12.240558
11.415265
.529431
.529431
11.458193
12.367882
11.605629
11.544572
11.653164
11.820531
11.555531
12.285693
11.888965
12.217966
.873514
12.286210
12.475033
12.580912
11.851798
12.287871
11.001234
11.909448
12.561233
12.497068
12.381636
11.266390
12.184836
1111.622857
10.983825
12.322397
10.943528
12.359867
11.506903
12.319071
8.590553
8.590553
11.864976
7.698588
11.864976
7.698588
11.418155
11.397221
9.064516
12.305921
6.921263
12.305921
6.921263
11.494419
12.305921
6.921263
11.494419
11.680614
10.535246
11.502482
11.502482
11.839550
11.440323
11.628787
11.395557
11.687769
11.936313
10.472249
12.119933
11.364759
11.323522
11.323042
11.323042
11.551196
11.606532
11.441662
11.153814
11.690473
11.690473
11.412402
12.155204
11.419327
12.422995
9.869041
11.771455
11.771455
11.480876
7.806571
12.562654
12.562654
12.383343
12.524508
12.424367
11.530927
11.330032
11.432058
11.432058
12.492591
12.181574
11.794470
11.524059
11.631411
9.809313
11.743868
11.580683
12.199104
11.431367
11.843983
10.453377
10.453377
11.765382
12.269138
12.269138
12.320405
11.271233
.784036
11.773690
11.396355
11.759260
11.759260
8.436889
12.268428
11.416330
10.786905
9.247413
11.813080
11.399951
12.254323
11.728840
11.614105
12.359146
11.942267
11.738265
11.538927
12.734901
11.693484
11.686475
11.772885
11.795118
11.930933
12.671862
11.077328
7.113615
11.077328
7.113615
12.384785
12.240958
9.790477
12.582275
6.662054
11.768073
11.376703
11.376703
12.434777
12.396723
11.889293
11.804469
11.369135
11.369135
12.318557
11.369135
12.318557
12.340982
8.212668
11.369135
12.318557
12.340982
8.212668
11.386442
10.067720
10.647933
10.647933
12.348614
11.196876
11.196876
12.420980
8.394680
12.420980
8.394680
11.845171
11.845171
17.055356
17.055356
12.133082
10.252345
12.322778
11.614588
11.614588
11.135994
11.135994
11.950128
7.182586
12.421337
12.171800
11.350748
12.047817
11.567404
8.472613
11.567404
8.472613
11.553708
11.651246
11.651246
11.758253
12.378392
11.345928
11.736901
8.100832
11.703183
11.703183
11.649778
11.674448
8.716664
11.544642
11.544642
11.449300
12.130967
11.489473
8.139235
11.636117
11.636117
8.168456
12.807811
12.807811
11.648702
11.648702
10.725833
12.231407
12.231407
11.998673
10.720583
12.298550
7.943172
12.298550
7.943172
11.694501
11.825779
12.131499
11.401722
11.490327
10.833178
12.090688
12.410348
11.676117
11.715254
12.404151
12.322535
12.214543
11.901885
12.359497
9.082324
.613541
11.981425
11.365478
12.254858
12.232762
12.037459
12.345054
8.361869
11.476927
11.413865
12.275239
11.309248
10.468980
11.803314
11.909604
11.803314
11.909604
9.143990
11.803314
11.909604
9.143990
11.803314
11.909604
9.143990
11.602327
8.279617
8.279617
.103549
.411219
12.399336
11.355848
11.755222
11.923082
11.923082
11.560769
11.407746
12.294684
7.830813
6.367555
6.367555
11.203524
12.719693
12.364836
11.955465
11.518054
12.168793
12.271684
11.647058
11.619271
9.072364
11.725587
11.725587
11.174111
11.174111
12.179362
11.289264
11.313190
11.313190
12.361939
11.559095
11.814007
11.474778
11.622110
11.568893
11.568893
12.436100
11.713810
12.105149
12.278827
.361403
.361403
12.329342
12.244825
11.914639
.535261
11.430157
12.343368
11.851440
11.778191
10.767038
11.868196
11.839600
12.435946
12.435946
12.178436
9.506269
11.555361
11.547457
12.328264
8.503195
12.328264
8.503195
12.346075
11.567872
12.788756
11.390042
9.192923
11.775644
8.473214
11.775644
8.473214
12.048273
11.772193
12.400592
11.729354
11.637945
12.310480
11.459910
11.888593
8.417705
7.653887
11.883852
12.255728
7.835456
11.732629
11.422372
12.092941
12.373975
12.584330
11.147725
12.782583
11.135357
12.001959
12.484910
12.212216
12.294576
12.253042
8.729674
11.829791
11.547695
11.547695
12.338939
11.547695
12.338939
11.235966
11.547695
12.338939
11.235966
11.689679
11.140487
11.540238
11.356827
11.700102
11.432694
11.432694
9.116527
11.562338
11.372503
11.372503
12.368100
9.848951
9.848951
9.952393
9.952393
12.401352
9.589277
11.598416
12.348198
8.274876
12.348198
8.274876
12.327009
8.702637
11.278306
11.278306
11.551925
12.326817
10.976113
9.249698
5.757015
12.408736
11.413599
11.796384
11.273998
8.321667
11.941849
12.253647
11.473579
12.338262
12.338262
11.486681
12.276904
8.113515
11.736351
12.286092
8.240480
11.780847
9.060841
11.780847
9.060841
11.630106
11.630106
12.310953
11.471693
11.779648
8.310415
12.270021
12.321133
12.289336
11.850584
7.301463
11.903891
11.976479
11.467316
11.374218
12.417224
12.284092
10.074340
11.216148
12.442206
11.490227
11.836049
12.421697
12.296681
12.304473
8.994252
7.168556
7.168556
12.411034
12.462336
11.896434
12.363197
7.961156
12.363197
7.961156
12.318567
11.197979
11.417761
11.349400
12.441216
11.354953
12.438437
11.368580
12.402010
11.612001
6.378533
6.378533
6.378533
11.354533
6.378533
11.354533
11.763056
11.551209
11.578871
11.748171
11.406715
11.406715
11.216504
11.879970
11.861687
10.005727
11.413957
11.422635
11.457849
11.457849
11.114803
11.737633
12.183439
11.412471
12.374307
11.177364
11.177364
9.832076
11.570891
12.119648
11.670156
11.609060
12.552826
12.552826
11.952042
12.352635
11.705687
12.302615
12.311916
12.809028
11.662110
12.264932
11.793592
11.716699
11.716699
11.719834
8.873329
11.931890
11.914463
11.464773
12.578456
9.767667
12.705373
812.277335.
378503
812.277335.
378503
12.357233
11.367538
9.066421
11.858047
10.334844
11.724083
12.344413
11.223010
11.806074
12.312712
11.959886
12.319171
11.545878
8.327585
12.056647
12.056647
11.430742
11.673663
11.958281
11.948599
12.109287
12.537698
12.264911
11.215087
11.795682
12.167422
10.077534
12.537658
11.752655
12.572866
11.279053
12.334164
.444669
11.823692
12.408004
12.043818
12.159254
12.123656
12.246751
12.246751
11.331306
12.246751
11.331306
12.450231
12.246751
11.331306
12.450231
11.912360
12.099462
11.385657
12.478353
11.871379
10.891311
12.300577
12.297057
11.268424
10.411123
11.082009
11.759356
11.423715
11.786889
8.155487
11.786889
8.155487
6.644185
11.914401
11.005804
10.362570
11.740842
11.773616
.851157
.851157
12.358731
12.252344
11.559129
11.918961
11.652112
8.270763
11.670898
11.670898
11.585760
11.585760
11.796144
8.385963
11.452173
11.575863
10.406468
10.668440
12.030503
11.723315
11.643754
12.254684
11.970885
12.495016
12.180471
11.403158
8.195057
11.665474
12.288494
8.397756
12.269170
11.676176
12.531161
11.778787
11.778787
10.864061
11.136901
12.162827
11.481717
11.956966
12.358886
12.203335
12.643855
9.078554
12.411101
11.757831
11.627872
12.214556
11.485170
8.544796
11.858031
11.717230
7.312663
11.717230
7.312663
11.297361
11.844429
11.465537
11.334093
10.121854
11.934905
12.418807
12.550091
12.402091
13.719573
10.732281
12.536320
12.273775
12.079902
11.534305
11.534305
11.398072
11.546869
11.610473
12.231825
.529999
11.259416
12.264828
11.605388
11.550321
11.550321
12.019788
11.550321
12.019788
12.171425
11.550321
12.019788
12.171425
11.606228
10.211731
12.178283
11.938350
10.107127
10.107127
12.019446
11.734122
11.442855
11.447824
11.447824
11.588716
11.589123
11.589123
9.910373
11.619883
11.722985
11.817315
11.328362
11.328362
11.609787
11.609787
12.404994
12.404994
10.974085
10.974085
.508603
10.961712
11.454448
11.781876
12.357129
11.765795
11.972635
12.224329
8.036403
6.347111
6.347111
12.362632
11.261892
12.382536
8.555806
11.483341
12.242813
11.369310
8.487244
8.487244
12.474102
11.614059
8.259726
12.305710
11.275273
6.386398
12.291152
6.386398
12.291152
11.320523
11.320523
11.459381
8.516027
12.390977
10.138369
12.399656
12.175887
11.847807
12.283278
12.392646
11.826512
12.060056
12.344400
12.086147
11.666261
13.842748
11.622055
12.356999
11.637403
11.365215
10.297249
11.024454
8.262976
12.468235
8.641243
12.278834
12.274191
11.959800
11.888728
12.137214
12.243037
12.337100
11.734590
11.802410
.541733
11.799305
12.323224
8.163100
11.804002
12.299942
12.299942
11.667762
12.299942
11.667762
11.436192
12.299942
11.667762
11.436192
11.522257
12.318898
9.802062
9.802062
11.724622
10.018050
10.018050
11.364970
11.665470
11.848977
11.577214
10.784089
11.718854
11.505826
11.181955
11.181955
11.456280
11.456280
10.442108
11.498074
12.274314
8.309658
12.255308
8.144101
11.028238
10.749331
10.883209
10.711375
11.008339
11.008339
097837
097837
11.020891
11.365047
11.365047
12.067956
11.499536
11.414848
11.807102
11.370911
11.370911
11.690787
8.588739
11.606093
11.084117
12.104016
7.763267
11.721471
10.734377
12.475088
12.003960
11.507595
12.213811
12.001781
11.618171
11.558509
12.632204
11.487272
12.236942
12.293588
12.097738
11.357143
11.357143
8.697081
11.551518
10.972093
12.428916
11.319541
11.319541
11.402779
11.656614
12.327061
11.488471
8.717473
11.313240
11.388226
12.337633
9.161324
11.074076
11.074076
12.351190
12.339639
12.098349
8.983347
12.232985
11.534289
11.534289
11.534289
12.393291
11.534289
12.393291
12.086888
11.534289
12.393291
12.086888
10.133766
11.898680
11.898680
11.871904
11.855882
8.266996
11.855882
8.266996
11.902300
11.219604
11.354209
12.468919
12.257464
11.327549
11.597724
11.443271
12.309149
11.906871
11.580622
7.985581
10.953497
10.953497
10.529879
6.231896
12.299399
12.427199
11.201161
11.675519
7.003596
11.432703
11.672223
10.819110
11.745557
11.900750
11.763134
10.650164
10.650164
8.989760
12.313912
12.063710
11.936113
8.529607
11.327776
11.695629
7.977341
11.473381
7.374867
6.422640
11.330327
12.224611
11.459931
12.335984
11.165129
11.457463
12.283433
11.339743
12.372300
11.750913
7.909132
7.909132
12.143197
12.219951
11.434326
11.434326
12.275401
12.499163
12.502855
8.587765
11.487976
12.349099
11.508820
11.347156
11.894017
7.729168
12.122754
7.729168
12.122754
12.434581
11.631436
11.766825
12.003162
11.807724
11.807724
11.739221
12.393098
12.078286
8.285029
12.078286
8.285029
12.032212
12.296358
10.510487
12.307903
12.307903
11.412170
12.307903
11.412170
11.670957
12.307903
11.412170
11.670957
11.575025
11.478313
12.418009
9.861935
9.861935
10.957040
10.957040
10.682342
13.678713
13.678713
12.322601
12.056102
15.764176
11.982649
6.638945
6.638945
12.573163
11.800102
8.442938
8.442938
12.640608
11.300931
11.259477
11.259477
11.212957
9.254992
11.514087
12.388026
10.773506
11.218729
11.563828
11.830377
12.422223
11.429734
6.842582
12.221603
6.842582
12.221603
11.457687
10.943997
12.390492
10.571521
11.180070
12.604057
11.414992
11.310860
12.140064
11.573757
11.501500
11.740225
11.604539
12.434257
11.571106
8.681792
11.169242
12.284198
12.346870
11.212303
12.295795
11.900188
11.816447
12.300756
10.806332
12.140872
12.140872
11.911552
11.588715
11.750957
11.750957
12.552659
12.230838
11.291645
11.936239
11.936239
11.936239
12.005136
11.496707
11.496707
11.898743
12.405730
12.134703
10.528542
13.327766
11.620083
12.261194
7.766624
12.552215
11.728390
7.597287
7.597287
7.254658
7.254658
8.637980
11.583973
12.428876
8.730658
12.428876
8.730658
12.428876
8.730658
12.454341
17.275759
12.428876
8.730658
12.454341
17.275759
10.157393
10.157393
11.573868
11.573868
11.453972
9.597742
9.597742
11.301229
11.301229
11.634714
8.430850
11.798625
11.410577
10.902305
11.408307
12.479145
11.947919
11.295568
11.295568
10.425110
11.447222
12.285055
11.304516
11.456876
10.949819
10.949819
11.555905
11.584491
11.441892
12.079474
12.385646
10.346084
11.170372
11.213852
11.853774
11.570024
11.264175
11.422897
12.299068
8.272755
12.260391
11.951864
9.773467
12.326247
12.315417
11.464786
10.739082
10.951568
8.249365
11.406348
10.774563
7.901500


12.344269
12.344269
8.092521
12.238212
11.707867
12.340997
12.226539
8.084137
8.084137
11.705050
11.431968
11.613849
8.109450
11.533609
12.245106
11.704529
12.223374
11.389868
11.396969
11.396969
11.643888
11.110418
8.336017
8.303977
11.430678
8.684124
11.525938
11.579062
6.365373
11.471861
11.870011
12.345417
11.515402
11.618272
11.618272
11.393006
12.360999
12.159011
6.865171
12.906782
11.427054
12.037643
12.442470
12.136960
12.406103
11.898228
7.267408
7.267408
11.886464
11.714375
8.844880
8.944929
5.927120
11.208591
11.328673
12.404625
11.948384
12.128591
11.802396
13.208256
11.750609
11.750609
11.517826
7.965560
11.750609
11.517826
7.965560
11.009749
7.428630
11.838009
11.838009
11.097160
11.563433
8.728049
10.433570
12.292006
11.842177
11.263194
11.369778
11.912874
11.221397
10.895838
6.794853
6.794853
11.485453
12.382723
11.385454
11.430153
10.981179
11.535726
11.462433
11.317695
11.317695
11.945172
11.664801
11.952940
12.386712
11.810517
11.466415
12.425335
11.606927
8.945834
11.257222
11.222194
7.985463
10.911494
11.691068
12.224229
12.379259
11.203444
11.351482
11.351482
11.538051
11.776945
11.376722
.125789
11.880511
11.664163
12.377415
13.515172
12.198748
12.329864
11.777707
11.777707
9.400910
12.222245
11.893876
11.261641
11.261641
11.226776
12.108651
9.204124
9.204124
8.274936
12.355494
11.444737
8.229533
11.682025
7.792582
11.682025
7.792582
11.018015
11.606613
8.672143
11.567769
12.136659
11.780148
8.899956
11.759057
7.187886
12.448301
12.295430
12.056012
12.044316
12.318791
10.771649
12.318619
11.250746
11.511248
11.511248
11.938477
11.557858
12.430568
12.311271
11.883406
11.883406
11.228355
11.883406
11.228355
11.564951
9.831875
9.831875
11.601971
11.601971
9.049071
6.207911
12.204472
12.461009
12.937762
11.686876
11.500182
11.500182
12.031611
11.644702
11.281825
12.874596
11.612648
11.313346
11.313346
7.960440
11.477221
8.276839
12.277111
12.418018
12.418018
11.474215
11.474215
11.350906
11.721878
11.499476
11.612769
10.444085
10.444085
11.510084
12.337008
10.344972
11.868559
8.969720
11.892556
11.892556
11.930158
11.891478
8.278941
12.368571
11.270552
7.737343
11.660617
7.737343
11.660617
12.527952
7.542469
12.527952
7.542469
11.805330
11.578224
12.471992
.495638
12.498348
11.204075
13.133271
9.834742
11.765154
11.569281
.754380
12.340160
11.803259
12.458409
12.207194
12.927446
.906003
11.414290
12.383545
11.108029
12.345202
12.329296
8.015842
12.329296
8.015842
12.161952
11.403265
11.723078
11.041593
11.494493
12.373939
12.804935
12.295430
16.899620
11.493194
5.572260
11.493194
5.572260
12.427701
11.493194
5.572260
12.427701
11.493194
5.572260
12.427701
7.702299
11.817390
12.329443
11.536943
12.085960
12.145626
11.815041
11.041071
11.041071
11.194466
11.853247
7.891861
11.303534
12.218838
10.984009
10.984009
11.437843
11.854193
11.707942
7.667964
12.405058
10.959199
12.254397
11.497107
11.849727
11.644953
11.315007
8.499508
11.784372
12.147408
12.147408
12.285155
11.972169
11.424743
11.141148
11.476967
7.576098
11.086107
12.260603
11.685193
12.670167
10.250274
11.096558
11.096558
8.117450
11.691776
9.886542
11.759866
11.682580
12.102495
9.050299
12.309945
11.759688
11.959041
11.739489
12.411642
11.765239
11.253508
11.222891
12.462765
11.410747
11.135002
12.728408
12.653616
.330739
12.633055
11.490151
11.821008
12.281632
12.254170
12.385451
11.826031
8.299746
12.236737
8.299746
12.236737
8.299746
12.236737
11.778768
9.129796
8.299746
12.236737
11.778768
9.129796
11.002344
11.688948
11.659385
10.434530
11.835211
6.654760
10.862300
4.869617
8.227427
11.607991
11.403108
11.419008
7.911341
11.419008
7.911341
10.882699
11.145479
7.763640
11.794990
11.398851
11.299333
11.606283
11.420790
12.423764
8.153441
11.997521
12.251695
12.336414
11.534227
12.506748
11.223207
12.243156
12.243156
8.026232
11.914738
12.458574
11.691746
11.217363
11.217363
8.322277
11.525936
11.525936
12.383290
11.471589
12.179511
12.481566
8.918610
11.323616
12.309702
11.166617
12.284365
12.352630
11.637693
12.237237
11.724451
12.148086
11.746160
11.746160
11.715970
11.690543
7.850903
11.518524
11.615691
13.476719
10.452168
8.245268
8.245268
11.787863
9.559316
12.115187
7.612273
12.115187
7.612273
11.440374
11.637159
11.379721
11.379721
12.369446
8.766976
11.811037
11.161715
11.161715
11.691489
11.461677
11.461677
11.501122
11.927607
8.878657
7.860616
12.240437
11.846689
11.846689
12.367039
7.792144
11.617585
11.858911
11.307875
11.530619
11.307875
11.530619
11.307875
11.530619
11.363436
11.563558
11.307875
11.530619
11.363436
11.563558
11.203088
10.785598
10.785598
11.397536
11.397536
11.662052
9.268364
11.697885
10.407336
10.407336
11.111666
11.423158
11.423158
11.523039
12.322419
12.322419
11.903385
12.293870
11.019973
11.597080
12.338088
12.551761
11.768138
11.313990
11.464725
11.464725
12.381814
12.540987
11.828621
11.292068
11.292068
11.847685
10.935179
10.935179
11.480561
8.033712
11.480561
8.033712
11.850378
11.825023
12.768100
11.574220
11.532849
12.458786
.341932
12.326083
11.753835
12.415890
12.419691
12.378054
11.835555
12.145745
12.145745
12.512260
7.785802
10.905571
11.431575
11.860310
11.491995
12.505873
8.053933
11.453995
8.117884
11.294964
11.771779
7.577523
11.635396
12.388681
11.234270
12.332073
11.982624
8.468600
11.982624
8.468600
12.381196
12.529446
11.463156
11.521007
8.253228
11.521007
8.253228
12.168966
12.168966
11.404484
8.194340
11.324225
11.324225
9.151463
12.470601
11.569534
12.446298
12.446298
12.201979
12.446298
12.201979
11.362646
12.446298
12.201979
11.362646
12.002677
12.555863
11.128757
7.423589
10.919214
10.977348
10.977348
11.273158
593070
593070
11.217148
9.318454
12.184123
11.222817
11.719288
11.755508
11.141817
11.300498
11.527501
11.527501
12.379901
11.088959
5.970366
12.846468
12.356253
11.905367
11.524763
11.280475
5.637698
12.387948
12.127293
12.173493
.813352
12.376506
11.522980
9.055745
11.486284
11.475637
12.278411
.569522
11.895162
11.693303
11.572659
12.189181
11.393612
11.790563
9.328402
12.484282
11.732700
8.833984
11.461348
9.046577
11.596472
11.596472
11.690270
239843
12.247837
239843
12.247837
12.004805
12.328513
11.775642
12.094895
12.429740
8.206259
11.452215
11.216242
8.215959
11.988819
11.298554
12.630926
11.870537
11.314139
12.275946
12.271951
11.558017
11.770408
10.949407
12.431073
12.432776
11.526226
12.442246
11.876047
11.206145
11.441791
9.695327
11.490082
11.337483
12.421386
11.658341
11.532468
11.571540
8.299498
11.576549
11.670643
11.407387
8.267408
11.335309
12.245465
12.245465
11.711295
12.245465
11.711295
10.971333
12.245465
11.711295
10.971333
11.424196
11.525791
11.332855
11.624856
11.508785
..389048471874

11.091531
..389048471874

11.091531
11.451154
10.524866
11.755261
11.215920
11.665373
11.438992
10.920193
11.881129
11.619172
11.844671
12.332762
8.240030
12.351999
11.977557
11.446815
11.907612
11.907612
11.644887
11.435515
11.607072
7.969451
10.657947
11.318079
9.104580
12.194677
10.936623
5.887304
11.523446
11.557520
11.458359
12.029090
12.029090
8.570228
11.565307
11.465318
11.861644
11.861644
8.935240
8.935240
11.082028
11.481689
11.481689
9.101185
12.394966
12.229032
11.575048
12.442805
12.411865
11.654108
7.533413
11.873129
7.533413
11.873129
11.790920
10.985925
10.985925
11.532122
10.507776
11.731355
11.731355
12.098829
11.810827
11.103828
11.485145
12.568634
8.043059
12.568634
8.043059
12.350963
8.368971
12.350963
8.368971
12.560069
11.320925
8.748732
11.320925
8.748732
11.975685
12.311178
8.291010
12.311178
8.291010
6.755913
12.264313
6.755913
12.264313
11.468280
12.313416
11.064149
10.853331
6.322754
10.853331
6.322754
6.046603
6.046603
12.244458
11.513949
11.917586
11.257900
11.172512
12.283268
9.533077
9.663645
11.571836
11.569005
11.378923
12.390445
11.134916
11.211056
12.391958
10.696963
11.737430
11.463230
11.737430
11.463230
11.737430
11.463230
11.707887
11.520848
11.135888
11.292681
11.292681
11.535162
11.762362
10.329329
10.329329
11.423708
11.545962
11.545962
11.626671
12.260207
11.540978
11.382385
11.744647
12.354174
10.468716
11.242614
11.242614
11.258749
11.258749
8.436795
11.258749
8.436795
6.606502
5.963597
11.626480
12.349957
12.349957
12.349957
11.414020
10.998624
11.651198
11.899420
11.868621
8.440314
11.868621
8.440314
441096
7.724445
441096
7.724445
11.042338
12.390639
11.697153
7.608156
11.697153
7.608156
11.813120
11.707198
11.707198
11.964418
12.315944
11.699615
12.247929
11.185509
11.393903
11.417474
11.417474
11.757059
11.802330
11.802330
12.437327
11.886061
12.340256
12.340256
10.320193
11.156602
11.731473
11.525755
12.039898
11.820492
12.251315
13.291284
11.681061
12.249521
11.758070
12.285659
12.215676
12.269932
11.428475
11.677583
12.404276
8.876946
11.725790
12.054076
12.335440
12.678441
7.957899
11.767909
11.877854
11.371150
11.279507
11.279507
.190283
10.856830
10.856830
11.738716
.110456
7.677824
9.552087
9.552087
12.135157
9.552087
12.135157
11.519179
12.275235
12.392664
11.171654
11.417726
11.165956
11.165956
12.080888
8.249839
11.689111
12.299455
11.705318
7.563597
11.705318
7.563597
11.527236
11.524822
11.524822
12.340593
11.641570
11.412612
11.445306
9.445723
8.020448
12.293264
11.657596
12.474580
8.234261
10.670342
12.419167
11.727568
9.464161
12.182742
9.837260
7.188915
12.324713
11.451937
12.180324
12.257801
12.322597
11.408320
11.408320
11.919991
11.614070
11.402330
11.947594
12.010584
9.583355
11.388630
12.426715
12.353922
13.146124
13.017556
8.150614
11.649616
12.257364
11.709528
12.454398
12.279365
9.636121
11.841652
8.424804
297001
11.627403
11.175339
12.304064
12.353151
12.939281
11.373651
12.435634
11.905805
12.490542
11.287280
11.287280
12.352315
12.784487
12.328657
12.294107
11.540774
11.927290
11.413568
12.113742
11.668653
11.432867
12.339706
12.143382
11.478067
11.779920
12.459252
11.645949
8.726882
12.227467
11.721133
12.355853
12.001417
12.220359
12.442290
12.442290
12.321337
12.442290
12.321337
11.365920
12.442290
12.321337
11.365920
12.734277
10.987933
8.355816
10.372568
10.372568
7.961134
11.505998
11.730986
11.608966
12.113883
11.572840
11.853009
11.849722
12.321884
12.286909
11.946304
11.306122
12.133347
11.331506
11.163239
9.664874
12.476565
11.767160
11.631497
11.631497
11.903783
9.585526
11.291445
11.438768
11.413067
11.747765
12.312466
11.702173
.821408
.821408
7.588543
118..160478
645399
118..160478
645399
11.358531
12.363098
11.277437
11.277437
12.294775
11.509857
11.326138
11.326138
11.562612
11.768035
11.452557
10.724857
10.401106
10.401106
10.587722
10.587722
11.354576
11.613769
12.415037
11.620035
12.346992
11.496067
11.467733
.197955
12.334678
11.896982
12.372454
8.306906
7.920550
12.368900
11.506741
12.276944
11.537612
11.461508
12.550483
11.427990
12.330250
11.818299
9.959115
11.682437
12.568966
12.365492
9.333939
9.333939
9.934533
12.393143
11.867127
12.250760
12.250760
12.222216
12.250760
12.222216
11.155373
12.250760
12.222216
11.155373
11.918795
12.241823
12.335090
10.181517
10.181517
7.504484
11.947826
8.561260
12.415824
6.777109
12.174443
9.982251
12.356597
11.561832
11.747020
11.747020
11.780494
11.800998
11.516763
10.669296
11.612627
12.311935
11.870564
11.432072
11.886248
11.401748
12.337017
10.854848
11.569456
11.569456
10.894422
11.337373
12.032430
12.032430
12.327055
12.532149
11.816602
12.441921
12.335707
11.973154
12.321842
11.371906
12.061545
11.315797
11.850478
11.707208
11.707208
11.631131
12.384449
.349910
12.262091
12.282808
12.304533
11.745090
11.520134
11.590775
11.590775
12.355606
12.355606
11.797935
8.105021
12.258682
12.252262
12.361264
12.406786
10.950342
11.276519
11.736423
11.807287
12.420795
12.319869
12.303809
11.297532
12.292120
12.048329
12.141119
11.724398
10.965733
12.539418
10.723980
12.305907
10.943239
12.119551
12.239390
11.293180
11.878811
12.338972
11.929929
11.754766
11.488677
12.165906
12.627930
8.805764
12.294534
9.882523
12.271141
12.236159
11.693118
12.236159
11.693118
12.236159
11.693118
11.572323
12.236159
11.693118
11.572323
12.144555
12.390646
11.384775
11.577063
8.147796
11.735690
10.773561
10.773561
11.081605
11.648320
8.347342
11.847772
5.964359
5.964359
12.168209
11.467244
11.467244
8.026825
11.451563
12.425333
9.265149
11.309388
11.430516
12.119077
11.847138
12.190891
10.513163
10.798630
10.798630
455437
11.074465
11.472869
11.472869
11.603584
11.357893
11.803636
11.566716
8.303973
11.847675
12.338311
12.485504
11.804354
12.357470
11.364893
11.567609
11.441027
11.441027
11.584140
7.946220
7.946220
12.420333
12.316033
11.382550
11.382550
11.166841
11.554704
11.486601
11.767126
11.767126
11.845291
7.823948
11.767126
11.845291
7.823948
11.767126
11.845291
7.823948
11.454108
11.454108
12.283832
11.803663
11.450963
11.705693
12.324504
12.361974
11.681588
12.209570
11.222247
11.222247
11.407255
12.284349
8.166661
11.605525
12.337010
9.178559
12.389432
11.341484
12.369210
11.207315
11.773937
11.586264
12.614625
12.303317
9.076710
12.376589
11.908746
12.333211
12.240218
12.307011
11.385866
11.418868
12.113286
9.166337
11.787967
11.787967
12.017081
11.889280
.454146
11.464776
11.464776
12.539805
11.464776
12.539805
13.647088
12.315451
11.836944
11.064840
10.059256
10.942258
10.942258
11.342572
11.758790
11.465913
11.369203
11.317056
10.751359
12.319881
11.981015
11.463489
6.921880
6.921880
11.891670
11.535430
12.037408
12.472356
11.380539
11.383862
11.637083
11.872448
8.108256
11.872448
8.108256
12.103171
12.304639
12.253622
8.637962
12.253622
8.637962
11.794013
11.700186
11.705191
12.278309
11.987627
.692619
11.373280
11.236467
11.532883
9.217669
11.995016
11.425260
11.588562
11.656032
12.385843
11.476080
11.421614
12.502460
11.599474
11.269494
11.294428
8.913331
11.000228
8.551983
14.640870
12.351955
12.351955
11.619670
8.126526
11.619670
8.126526
11.792842
9.465280
12.253440
8.738714
6.716667
12.358479
11.681404
12.232977
12.479074
11.347126
11.951573
12.191068
12.359681
12.186321
8.218272
12.186321
8.218272
12.138469
12.340733
12.340733
12.092113
11.854582
11.601423
11.510598
11.510598
12.370230
13.520394
8.945971
11.791060
11.940248
11.303067
11.578762
12.308333
11.235210
11.858471
11.576530
11.576530
11.824500
11.576530
11.824500
11.198266
11.576530
11.824500
11.198266
11.433778
11.029742
11.861685
8.139997
6.038470
6.038470
5.587954
12.511304
11.773163
10.668313
12.358847
12.358847
11.813161
11.897255
11.897255
11.348304
11.371340
11.502333
8.357206
10.780517
.926332
.926332
11.555338
9.571068
7.230863
12.215252
11.738309
11.769008
9.359962
11.886353
9.885448
11.364764
11.685633
11.537097
8.943480
11.391507
11.699679
11.516607
12.376114
10.455567
10.858951
10.858951
11.845992
11.845992
12.365695
11.429854
12.399685
11.353816
11.612995
11.612995
9.251247
11.565140
11.565140
12.008415
7.893988
7.893988
11.437277
12.439392
10.894651
12.309088
13.586957
12.003134
11.155389
12.336692
11.294424
10.892015
10.892015
12.229068
11.552506
12.248178
12.344046
12.285305
12.322056
10.300842
12.410038
9.219936
12.331955
12.351134
11.173103
12.554790
6.421482
11.349385
11.349385
12.271789
12.298083
12.241307
12.329335
12.244460
10.864664
10.864664
11.461494
9.189260
11.103580
7.170231
11.103580
7.170231
11.103580
7.170231
12.274349
9.847272
11.208769
11.723512
10.784948
11.474068
11.474068
7.446261
7.446261
7.446261
.833824
12.192042
.833824
12.192042
12.491570
11.628944
11.628944
8.100184
11.062026
11.465346
12.383623
8.301142
12.383623
8.301142
12.446051
12.446051
11.611296
10.084865
11.278895
8.041711
11.440943
13.786587
11.164370
11.467457
11.583186
11.383863
7.926066
11.383863
7.926066
11.255708
12.187415
12.378893
12.900284
11.631000
11.772406
11.549209
11.365024
11.761721
11.536877
11.506466
11.686255
12.327490
12.405202
12.315997
11.555687
12.459312
12.290927
12.521931
11.632605
12.374161
11.780041
10.933831
11.764263
9.698400
12.372470
12.394249
12.209807
11.599723
12.317275
12.104645
12.104645
12.119494
11.394895
12.322792
12.352767
11.442667
12.419422
12.261364
12.042488
11.812816
9.636175
12.293316
11.460390
11.860256
11.695921
11.521879
12.379143
12.342525
11.525713
11.955796
11.941154
11.700744
11.782797
11.487912
11.487912
11.680646
11.906426
12.374385
14.340319
11.887161
12.286531
12.286531
11.465700
12.286531
11.465700
12.357639
8.954584
12.286531
11.465700
12.357639
8.954584
11.461612
11.951108
12.278230
11.746257
11.822679
11.325287
11.573635
6.030758
6.030758
11.815920
11.815920
11.605624
11.313803
11.313803
11.754792
11.418009
6.068862
12.364413
11.493652
11.493652
12.328762
8.288907
12.366537
11.050288
11.722447
11.588320
12.347479
11.594988
11.224311
11.789091
11.664847
12.358583
12.480642
9.023014
11.824412
12.307404
8.015565
11.398048
11.785064
11.687981
11.696536
12.025738
8.322223
11.377162
12.297711
11.954914
12.661801
12.174035
12.452853
12.541746
8.275062
8.275062
11.711356
12.252414
10.142563
12.404187
.375008
12.418725
12.385494
11.108365
11.108365
12.192950
11.458786
11.734936
11.734936
12.309512
11.577194
11.864829
12.359132
11.446270
13.206321
11.882831
11.811075
11.514280
11.382014
11.065920
11.486032
11.500679
11.627514
12.342629
11.476232
12.639915
12.639915
12.314415
11.815743
12.898789
12.369594
11.527956
11.317193
11.835862
11.819107
11.819107
12.441565
11.819107
12.441565
12.409725
11.565358
7.847860
11.153389
11.831517
11.275201
11.275201
11.179515
11.785156
10.985248
10.985248
12.416636
12.295288
11.245281
11.245281
11.501072
11.597291
11.999926
9.185671
.730820
8.350573
.730820
8.350573
10.707574
10.498054
13.031654
11.372753
11.372753
12.249041
7.948188
5.512184
5.843122
11.874694
6.941198
6.938310
12.058406
11.267761
11.702185
11.702185
11.805944
11.432691
12.144891
11.940319
11.940319
11.801929
11.506402
11.770215
7.870537
12.310652
7.870537
12.310652
8.465596
12.345314
12.034552
11.133160
11.641517
11.201738
11.586440
12.279666
11.811224
11.741186
11.627394
11.265707
11.187998
11.187998
11.750013
11.460101
12.632625
.631371
12.357988
11.848767
12.250982
12.300257
12.193847
.523849
8.268541
.523849
8.268541
12.456968
11.881083
12.324826
12.379937
11.702154
11.702154
11.341105
11.341105
9.513669
11.876405
8.131246
12.149938
12.320389
11.432125
.383958
8.268438
.383958
8.268438
.601110
11.817099
11.783884
9.958969
12.364745
13.148266
12.323880
12.388594
12.542581
.376872
12.363791
9.068261
12.400417
11.537781
12.504584
12.503761
12.197811
11.578818
12.379083
8.503655
12.399082
7.875669
12.399082
7.875669
12.399082
7.875669
11.920810
11.668726
11.718439
11.718439
11.689415
11.689415
8.913040
11.427775
12.194044
11.612386
10.869260
10.869260
11.223083
10.862486
12.387912
.038509
11.951438
8.890192
7.530277
11.764286
11.262176
11.595349
11.891646
12.374350
11.373868
10.411484
11.700291
11.700291
12.161389
11.167208
6.749090
11.429965
6.749090
11.429965
11.689810
12.611292
11.729678
11.344866
11.344866
11.002460
11.002460
10.568274
10.568274
11.428198
11.428198
11.905728
12.502813
11.382385
8.919850
12.341345
11.740718
12.382930
12.232385
.484766
11.270660
12.535734
12.535734
11.752104
11.752104
11.598001
11.598001
12.377550
11.756235
11.370488
11.717386
7.847183
11.717386
7.847183
11.796876
12.392661
12.019598
12.280201
11.486515
11.486515
10.494184
11.781744
12.366366
11.526086
11.293161
12.098731
12.299543
11.614986
11.774968
11.490265
11.490265
12.310568
9.705437
13.572771
11.079046
11.726854
12.297722
12.342040
10.817152
11.483197
12.342946
12.290858
9.140334
12.392850
.279557
12.230058
8.105125
12.307570
12.307570
11.676419
9.486503
12.307570
11.676419
9.486503
11.487850
10.954830
12.177057
8.148156
11.815596
11.350804
11.453055
11.209349
10.889064
10.889064
8.432056
11.617896
11.043759
11.166756
11.166756
11.496316
12.012376
11.317622
10.681659
11.226950
12.311453
11.255891
11.605334
11.680491
12.367056
11.745716
6.997114
9.542128
12.358103
11.392544
11.277741
11.578994
11.569389
11.439909
11.836724
10.913582
7.653843
11.706472
11.470080
11.795125
11.580997
12.535681
11.254177
11.621607
12.378496
8.206850
12.234063
11.509777
11.885272
11.593937
8.029230
12.420741
12.456063
11.640218
11.544566
11.577449
12.008943
11.620052
12.043341
8.242367
11.449567
12.353971
11.620564
12.628432
12.164605
12.408708
11.059691
12.369502
11.480940
11.870263
11.870263
11.728990
12.343016
11.750218
11.995325
11.759693
11.611731
9.939809
11.871864
12.300661
12.380789
12.127724
11.700557
11.316225
11.471789
11.471789
11.213529
11.471789
11.213529
12.179791
11.721763
11.414267


11.879673
11.879673
7.872646
11.437799
8.307088
12.471620
11.673367
11.673367
12.267253
11.560593
10.380648
12.130209
12.286417
11.575267
8.363541
12.140579
11.864038
11.677332
10.400855
11.401025
11.454819
11.493289
11.500112
11.582678
12.082862
11.808923
11.808923
11.435287
11.446511
6.651756
12.470566
12.273719
8.497720
11.788590
12.363868
11.319252
12.512440
11.223620
10.999679
12.180102
11.468173
11.835466
11.835466
7.829678
11.835466
7.829678
11.216756
12.280334
7.880861
12.115702
12.293438
12.026758
12.260075
11.796792
11.648877
12.242886
11.688882
12.199667
11.380571
11.147042
10.977347
10.977347
11.497945
12.361459
11.409117
12.007031
11.327978
11.629345
12.314621
7.855667
12.314621
7.855667
11.280119
12.280540
12.280540
11.707761
12.431475
12.411963
11.515789
11.632112
12.332217
8.157762
11.140436
11.544337
12.228484
11.750964
11.750964
10.873879
11.506907
12.118959
12.118959
11.645210
12.118959
11.645210
12.253283
11.742939
11.626720
11.158594
11.158594
8.401228
11.717405
11.717405
11.775720
11.490268
10.904526
10.904526
9.972865
11.785337
11.692857
11.860345
11.860345
11.720869
8.351864
11.918038
12.237705
11.838140
11.707160
8.207151
11.561655
12.357202
12.220906
11.401603
11.470278
11.754289
11.867634
11.808369
9.707779
12.307620
11.209100
7.924389
11.209100
7.924389
8.866652
12.192150
11.371760
11.371760
12.012704
11.879037
11.899268
12.265378
11.352644
11.462757
8.658494
12.167014
10.905111
11.903799
.685803
11.735833
12.088724
11.781683
11.486138
11.684214
11.928519
12.316235
11.807151
11.542991
12.382952
11.646492
11.320029
11.595364
11.536673
11.513936
7.994784
11.513936
7.994784
12.132091
12.590107
10.866034
7.312873
12.298890
11.454350
9.540211
11.616552
12.390485
11.587233
12.301527
7.676038
12.301527
7.676038
11.406474
11.227708
12.765782
11.606330
12.313083
11.764655
11.874246
12.302271
11.166632
12.517222
11.226473
11.671916
11.475401
12.386363
9.578813
8.300317
12.904251
12.001424
11.183585
11.796779
7.867298
12.003669
12.436308
10.768928
12.066615
11.175213
11.175213
11.318935
9.198352
11.175213
11.318935
9.198352
11.755691
11.632101
11.553963
7.985392
10.673391
11.555695
10.260123
12.207689
8.378163
6.078774
11.373041
12.190529
11.574823
11.574823
12.249309
12.164127
11.210814
11.210814
10.628553
8.366731
.009611
8.189164
.009611
8.189164
7.755974
11.538115
12.423195
12.007965
11.449511
11.449511
8.552803
11.162242
12.281809
12.378683
11.386669
10.575310
11.965367
12.290859
11.658439
11.393179
11.550036
11.614836
10.043380
12.190184
11.746558
10.911082
12.413497
11.579275
11.481448
8.067484
11.377710
11.869312
11.881042
11.832717
11.342968
12.185295
12.313287
7.867529
12.313287
7.867529
8.473306
12.441410
11.689525
11.865527
11.581415
11.728702
11.728702
11.460817
12.400018
8.040598
12.402268
8.166856
5.802670
12.280565
11.334462
11.632446
11.379708
12.264882
12.416664
11.493949
8.533950
12.325078
12.178975
11.584864
12.307003
12.465133
11.068613
11.423751
12.423664
11.544293
11.734671
11.441918
13.152001
12.226401
12.196961
11.859564
11.218894
11.146078
12.422715
12.283641
12.270759
11.671123
11.926474
8.441103
6.830565
6.830565
11.497098
12.171243
12.250665
12.576649
.390078
8.838454
8.780395
8.780395
12.144462
8.780395
12.144462
9.875011
12.386415
11.263296
11.531866
11.357867
11.357867
8.296762
11.643368
11.643368
12.043429
11.899746
8.189952
11.645613
11.875658
12.149926
11.217125
11.170934
11.646811
8.458988
8.458988
7.207007
12.392226
7.679417
11.379739
11.147863
12.354586
12.406637
11.727456
11.237419
11.760818
11.129849
12.340153
12.336881
12.409689
12.446319
12.446319
8.462611
10.859590
11.424463
11.720636
10.795130
11.458649
17.351938
11.458649
17.351938
12.808165
8.235598
12.808165
8.235598
7.266802
11.406710
7.266802
11.406710
12.342003
11.506044
12.450016
10.749743
11.184677
12.340725
8.676890
11.563054
11.563054
12.406627
8.173610
8.173610
8.173610
12.333993
11.535202
11.464369
12.341961
9.916820
11.977474
12.031127
8.285576
11.725278
12.330176
11.780088
12.303676
11.737207
11.054255
12.314619
8.229349
12.273508
12.282577
12.196642
12.324918
11.400681
11.603600
11.534142
12.180029
12.513900
12.258856
8.362122
12.258856
8.362122
12.363174
12.298224
11.511184
12.479062
11.946259
11.668332
11.668332
12.308745
11.733093
12.339610
12.360233
10.683373

.688979
12.438268
11.761430
12.370727
12.370727
11.705123
12.370727
11.705123
12.382743
12.370727
11.705123
12.382743
12.403783
11.548094
11.320356
7.839031
11.616224
11.616224
11.776481
11.556425
11.402424
8.093621
11.064659
11.615891
11.615891
10.871675
11.495297
11.702262
11.893243
8.592702
11.607945
11.607945
10.357704
11.765671
12.433384
12.374549
9.447937
11.414877
11.521686
9.147523
12.301119
11.929988
11.302656
10.981546
11.893728
.539785
.539785
11.990445
11.485734
11.231728
11.900691
11.782047
9.080357
11.334761
11.244876
11.411166
11.411166
11.322522
11.322522
10.000214
11.838242
11.533448
11.288321
11.988924
11.752390
11.525618
11.154520
11.398709
11.547799
11.501062
9.155965
11.858607
12.438131
11.918590
11.010789
11.710992
11.838944
11.838944
11.454876
12.299902
11.829299
9.681244
11.619896
11.124989
11.484326
11.673968
10.940126
11.819501
12.398148
11.997872
12.127064
11.457725
11.577805
11.908297
11.456809
12.704871
7.522006
7.522006
11.631893
12.482739
12.496053
11.494653
12.213971
11.527914
11.621635
11.621635
13.669533
12.353351
13.021718
12.194506
12.423905
12.423905
11.759187
8.317191
12.423905
11.759187
8.317191
12.423905
11.759187
8.317191
11.282842
12.365951
7.986342
5.873704
10.918969
11.183192
11.685866
11.685866
8.942993
11.076059
11.076059
.550890
8.711340
11.532444
6.355265
11.509269
12.308877
12.265565
12.265565
7.858251
12.295576
11.560973
11.416201
11.562471
12.244340
10.986466
12.175256
8.092310
12.616274
8.092310
12.616274
11.246036
11.436271
11.784002
10.627162
11.861144
11.700817
11.914815
11.587779
12.281682
12.385198
10.991027
10.991027
8.450141
6.848070
11.298042
6.848070
11.298042
6.015249
11.648395
6.015249
11.648395
6.015249
11.648395
11.298761
11.298761
12.161659
11.538069
9.196074
11.808985
12.461425
11.715049
11.715049
8.279840
9.497593
9.497593
11.922188
11.922188
9.365584
12.422346
12.256165
11.289456
11.669543
12.246815
8.233861
.269540
13.164535
11.732028
11.528054
12.506910
12.506910
11.621330
11.835187
11.392268
12.109086
8.185999
11.299703
11.440193
11.722374
12.120940
9.617391
12.274395
12.110745
12.312931
11.866169
12.231323
12.366930
8.496488
11.837849
11.777159
12.497977
12.309735
10.341594
12.269703
11.758229
11.866148
12.204933
11.934710
8.211759
12.139700
12.274703
11.414367
12.274703
11.414367
8.029198
12.274703
11.414367
8.029198
12.274703
11.414367
8.029198
11.558398
11.493186
12.414692
13.615019
13.615019
11.589343
11.837554
11.622968
12.353690
11.143645
11.809592
10.895606
10.895606
10.409155
12.559303
11.467738
11.329641
12.244595
11.427996
11.427996
11.429135
12.249891
11.000305
11.000305
11.476055
8.989561
11.498424
7.284631
11.353439
12.378889
12.233533
11.802950
11.334577
12.279323
11.755262
10.815739
11.648425
9.222170
11.967892
11.967892
11.736737
11.969964
11.757550
11.712522
10.673699

12.135838
11.467394
11.932595
11.055187
10.557832
10.557832
7.292883
12.291719
12.020783
11.733381
12.227218
11.760828
11.924249
12.490508
11.542120
11.911390
12.283260
10.555610
12.140102
12.316151
8.025076
12.316151
8.025076
12.246569
8.346211
16.224456
12.369271
8.070047
12.096226
12.258917
12.388824
11.698636
10.566823
11.374936
12.543187
12.258743
11.692582
11.609195
12.000840
8.260813
12.000840
8.260813
12.325549
11.637510
11.637510
12.284925
10.967705
11.957226
11.442531
11.561319
11.365408
7.914537
11.365408
7.914537
12.183160
11.665319
11.399783
7.079338
12.025336
12.068107
12.466683
12.466683
11.505533
7.762969
12.466683
11.505533
7.762969
12.466683
11.505533
7.762969
11.408373
11.476253
11.476253
11.781740
11.781740
11.778874
9.509779
11.778874
9.509779
11.660080
11.514690
10.405691
11.605327
7.072570
11.628839
11.628839
11.578201
11.618017
11.149694
11.705812
11.043632
12.026290
9.347814
11.180958
11.180958
12.186562
12.471420
7.759228
12.411713
7.837874
12.419394
11.749736
11.957668
11.608647
11.608647
8.416253
12.390091
11.818170
11.818170
11.744972
12.305713
11.670549
8.899503
11.670549
8.899503
11.615039
8.510507
11.615039
8.510507
12.552946
12.552946
11.638008
11.638008
12.372208
8.896067
11.603613
12.153750
11.721038
12.171938
8.500380
11.711564
11.711564
12.197927
12.197927
11.795565
.181885
.181885
11.229943
11.535138
11.535138
11.680127
11.344551
12.440979
12.400773
8.121182
11.547945
8.074968
12.172170
12.258192
12.256941
11.647968
11.752834
11.692020
11.384600
9.050555
11.447645
11.721610
11.989608
11.663215
11.421810
12.299174
11.385756
11.346441
11.797511
11.437145
12.190046
9.149104
12.235049
12.286763
11.493515
12.370014
12.135361
11.975750
8.589838
8.589838
11.614835
12.383918
9.052882
12.383918
9.052882
12.383918
9.052882
13.327911
12.383918
9.052882
13.327911
11.529165
11.318969
8.391796
11.434290
12.314018
11.793740
11.793740
11.618589
11.618589
11.384285
11.384285
11.646360
12.386777
8.676071
11.237499
10.862017
9.147599
11.592081
11.586975
11.586975
12.372677
11.670398
12.234567
12.298095
11.903219
8.652437
11.834231
11.834231
11.619480
11.480765
12.421092
11.769359
12.112680
8.725327
11.754409
6.702508
11.757345
11.757345
11.589760
11.524594
11.770241
11.398241
8.673733
12.296031
11.586751
12.255474
12.274459
12.274459
11.711936
11.566341
11.296575
11.760042
11.474062
7.825760
11.474062
7.825760
11.614901
11.794358
10.351977
11.745715
11.696658
11.133234
11.845496
10.666006
11.211708
11.503163
11.503163
.533119
8.214793
.533119
8.214793
11.816059
11.490124
11.595897
11.373375
11.049356
11.427282
7.990460
11.506579
11.904538
12.401634
11.160529
11.902755
12.076476
12.433278
11.694926
7.285633
11.741289
6.723206
12.404714
6.723206
12.404714
.743363
11.363034
11.613355
11.584813
11.798040
12.094825
11.673326
12.059323
11.823996
11.460865
11.497388
11.560304
8.06386112
.394612
11.415784
12.206879
12.428652
11.717143
11.523189
11.832900
11.970487
11.832900
11.970487
11.832900
11.970487
11.375945
11.832900
11.970487
11.375945
12.290859
8.595882
8.595882
11.381404
11.317859
11.823912
11.823912
11.694769
11.360445
12.216908
11.731240
11.847097
11.665479
11.721360
11.467828
11.250128
11.834558
11.631344
11.214665
11.989344
9.901137
8.209868
8.209868
12.262150
12.121554
12.418424
12.373691
11.541576
11.401870
11.591828
11.500801
11.355989
11.524200
11.970876
11.970876
12.338026
11.862080
8.102348
6.415181
6.415181
6.425072
12.349869
11.068614
12.261494
11.854662
10.678610
11.602365
11.757951
11.757951
12.382082
11.585373
12.526705
10.159288
12.522961
.358092
12.003165
8.074804
12.003165
8.074804
6.593972
11.766767
12.185282
8.346291
12.084659
12.084659
12.361606
12.268909
12.349982
11.392788
12.566945
12.028251
11.559293
11.994411
11.292820
12.409298
12.241123
11.657544
11.721905
10.594039
7.795515
10.594039
7.795515
11.907441
11.907441
10.353152
11.907441
10.353152
11.526531
12.473386
12.663269
12.274549
9.471218
11.469095
12.345983
11.449537
12.329972
11.747132
11.788250
11.766751
11.766751
8.226596
12.393131
12.393131
11.776200
12.393131
11.776200
12.417061
12.393131
11.776200
12.417061
12.174032
11.255431
11.753254
11.753254
11.345991
11.345991
12.137919
11.398537
11.910476
11.358659
7.959980
11.589149
11.589149
11.833083
11.833083
8.144646
11.495250
11.020835
11.782693
11.695592
11.336617
11.680325
12.384090
11.961738
11.840856
12.441488
11.385412
8.602380
11.026914
7.996549
11.026914
7.996549
11.815972
11.711893
11.850713
11.654933
11.302146
11.334338
11.334338
11.318204
10.730425
11.693121
11.462448
12.496647
11.664997
11.517930
11.512966
7.783645
11.710756
12.602641
11.354384
11.535490
11.535490
12.308592
11.346333
12.006153
12.312238
13.551426
8.567677
8.567677
6.693933
6.693933
11.379694
11.988210
12.014037
10.939223
1010.064554
10.642950
11.581817
10.718112
11.552328
11.552328
8.665393
7.094002
13.025495
7.094002
13.025495
11.881747
11.826155
11.504570
11.945708
12.377499
11.730590
11.494521
8.759149
.085588
11.635580
11.550868
12.475469
12.312806
11.646571
11.755856
12.348060
6.669425
11.553693
12.297279
12.297279
12.342363
11.590080
12.297279
12.342363
11.590080
12.297279
12.342363
11.590080
12.891435
11.489380
8.998801
8.998801
11.297880
11.297880
11.540035
11.540035
11.859403
12.196095
10.676557
11.783595
11.672898
11.959449
9.000384
6.117433
6.117433
6.117433
11.498832
11.838176
11.249166
11.249166
12.324066
11.944384
11.671756
11.819088
11.245140
12.635047
11.198820
11.414796
8.467072
11.451156
7.900719
7.900719
.988478
.988478
12.311909
11.661470
11.918204
9.016703
12.539457
5.505572
12.327394
8.387660
11.760363
11.592207
11.358529
11.404215
13.231446
11.625678
12.238849
9.231204
10.837076
11.808235
12.280937
9.872845
8.585609
8.843074
6.591050
11.683149
6.591050
11.683149
10.593833
11.337940
7.910955
11.337940
7.910955
.108553
13.752836
12.399311
9.563999
12.488066
7.594622
5.683541
12.183816
5.683541
12.183816
12.098391
6.961793
11.454507
11.459612
12.601338
11.188691
12.417811
9.585416
7.506350
12.425234
12.024377
11.134326
11.946051
12.261832
11.859382
12.351467
8.102821
8.102821
8.102821
11.736648
8.102821
11.736648
11.684204
12.237056
11.450772
11.636303
11.478996
11.905705
7.964962
12.888444
11.885622
11.885622
9.749217
11.168417
12.478749
11.488790
11.488790
12.310326
12.152251
12.254216
7.908917
11.411589
10.083769
10.083769
11.467345
11.892830
8.532646
11.722750
11.315532
10.967971
10.885527
10.902308
8.178921
11.223821
11.223821
11.461036
12.157127
.589219
11.880995
11.849767
9.043249
12.192521
11.668272
11.795402
12.259778
12.318071
8.708238
11.589541
11.589541
8.740781
7.092099
7.092099
11.607009
11.174949
11.174949
11.390795
12.514048
8.861152
6.596076
12.357869
12.334923
6.938552
12.267226
11.066193
12.423130
11.789598
11.838310
11.230856
11.394093
11.394093
11.606316
11.801864
12.287081
11.600133
11.589314
10.923288
11.569312
8.431481
11.673538
12.429133
12.281764
12.472642
11.704541
11.978112
11.739085
11.453828
11.659025
11.659025
.352763
127..425266603378

127..425266603378

12.180110
10.140471
12.199794
8.814792
11.967267
8.479844
12.278298
12.278298
11.559880
12.278298
11.559880
12.578361
11.279312
11.717575
11.565678
10.307260
11.544252
11.544252
8.308661
11.907700
11.686522
11.841506
11.841506
11.930399
12.066155
12.251140
11.789841
.514498
11.507336
11.590418
11.261590
11.624721
10.754637
11.802319
11.765686
.074136
.074136
11.477885
11.477885
12.204774
12.366348
12.343427
9.476898
11.389463
11.744511
12.443874
11.910268
9.017737
12.325794
8.738416
8.738416
8.779675
11.254407
11.254407
12.364121
12.503401
10.570063
11.099558
12.280230
12.280230
11.711051
9.690205
128..440594504910

12.439098
11.831471
12.364789
7.175181
12.364789
7.175181
12.530117
12.301567
11.276474
12.690405
11.708130
12.339718
11.953838
11.589057
11.946702
8.135161
11.946702
8.135161
7.949367
7.949367
5.228191
7.949367
5.228191
11.852417
6.862280
11.179397
9.638856
11.634321
11.076006
5.696402
11.076006
5.696402
11.072914
11.667927
12.360246
11.326076
11.683115
8.146852
11.683115
8.146852
7.379922
11.328286
11.328286
11.668754
8.419169
11.668754
8.419169
11.668754
8.419169
11.235958
11.595531
11.595531
11.484576
11.505613
10.952103
10.952103
10.897637
10.897637
8.315997
11.480577
11.480577
11.620674
11.718881
12.244115
11.943342
10.935355
11.688264
11.624606
8.437374
11.942894
11.925934
11.487224
9.288257
7.867760
11.443468
8.989517
11.535942
10.361926
10.361926
12.297563
12.107758
12.227593
11.248287
12.261958
11.760822
11.468027
11.366050
11.805450
11.234394
11.234394
12.257745
12.016169
11.434651
10.932511
12.476383
12.769512
11.977708
11.410415
11.867604
11.430550
12.465391
12.243918
11.784083
8.402831
11.703931
10.861278
12.395684
11.760612
11.869207
12.327190
12.339604
11.089302
12.407420
11.662988
8.474305
11.662988
8.474305
8.726882
12.353818
11.124582
11.799716
11.497070
11.502145
12.376907
12.171639
11.863656
11.602360
8.449296
12.728787
12.728787
12.320595
12.728787
12.320595
11.768137
12.728787
12.320595
11.768137
16.447028
11.537149
11.590197
11.590197
12.157801
11.226931
11.336427
12.596812
11.512750
10.794185
11.708565
11.504208
11.504208
11.287966
12.224698
8.503290
11.756123
10.822353
11.559456
7.957303
12.399364
12.497588
11.965326
11.869276
11.606350
10.747275
10.747275
9.117830
11.664893
11.400273
11.400273
10.342734
6.855396
11.792660
5.944863
5.944863
11.811189
12.382243
.308333
.308333
10.700834
10.700834
11.103388
12.442370
12.371887
10.996033
12.359699
11.627907
11.627907
12.466377
11.393476
.457234
.457234
11.827104
11.434844
11.453398
9.985726
8.191699
11.811423
8.191699
11.811423
11.749862
11.513841
11.513841
11.708138
12.132403
12.330584
12.330584
11.418642
9.519400
12.272123
12.235334
12.249389
12.074640
11.570663
12.369346
5.252366
12.117477
11.987188
10.737706
5.378489
11.677187
11.814166
12.343939
8.031621
12.343939
8.031621
12.321580
12.321580
11.374500
11.374500
11.655086
11.374500
11.655086
12.251218
11.374500
11.655086
12.251218
11.502359
11.163669
6.211817
12.044558
6.211817
12.044558
12.295129
12.074884
11.224423
11.427291
.325628
.325628
10.299674
11.710656
12.340722
10.330004
11.705146
11.588424
11.887987
11.552003
11.684497
12.338147
8.664994
7.829489
12.252524
7.829489
12.252524
12.356309
11.006761
5.288558
11.931872
11.931872
12.352142
11.732241
11.433609
11.631449
11.631449
11.595292
11.517991
11.571530
11.532974
11.532974
11.593957
11.858334
11.128560
11.324142
12.413701
12.686397
11.444688
11.801216
11.801216
11.237547
9.414912
11.801216
11.237547
9.414912
