11.728531
11.728531
11.408687
11.425634
8.926199
6.393162
12.299737
6.393162
12.299737
12.024673
11.339686
12.502657
12.253354
11.340739
12.262543
11.339592
11.564927
12.371794
11.697818
12.171202
12.007367
11.595350
11.439401
11.838097
8.132963
11.838097
8.132963
11.596237
.517977
11.550286
11.599533
11.524795
8.344063
12.117330
10.691922
12.227980
5.161927
11.877209
11.877209
12.396438
12.222328
6.403780
6.403780
13.725368
11.678791
11.659994
11.373884
11.633107
11.572467
11.549571
11.549571
11.931295
11.218933
12.243854
11.399774
.774522
770929
11.367680
11.787174
11.410832
11.410832
11.462455
11.669808
12.370659
8.666032
11.525652
10.899105
12.328379
11.654445
8.335170
12.198855
7.710097
12.198855
7.710097
11.336081
12.169152
12.596207
12.454897
11.678698
11.559663
8.006053
7.577504
6.744363
11.449413
11.998698
8.219208
11.998698
8.219208
11.683481
9.308481
11.955129
12.275829
12.323349
12.317319
12.114562
12.077604
11.879620
10.826519
11.326180
12.260632
11.311691
12.648949
12.097165
12.242314
12.398369
11.726990
12.275122
11.236941
11.589289
11.043812
7.500633
7.500633
11.215092
12.236493
11.919503
11.334375
12.414545
12.414545
9.662197
11.634708
11.459295
12.189806
12.094687
12.396880
12.211100
11.176723
11.176723
11.343374
12.461011
11.800527
12.181554
12.466821
11.979960
12.414410
9.589727
11.620477
12.237174
11.529041
9.860517
7.572996
7.572996
11.7959783
.218960
11.7959783
.218960
11.680723
11.836279
11.336790
11.578788
11.917552
8.074813
11.781938
12.289727
11.477776
11.619968
127..523187
562843
127..523187
562843
12.395644
.955891
12.193204
12.637075
12.211023
11.258288
12.290226
9.057475
12.219339
11.727150
11.695456
10.864128
8.892668
12.219373
12.503481
12.446232
.244226
8.568223
12.375528
11.318013
11.540149
11.349044
12.228843
11.891318
12.198968
12.299513
11.500181
12.174810
11.982160
11.225149
12.216733
12.236786
7.668750
17.493078
12.236786
7.668750
17.493078
12.236786
7.668750
17.493078
11.117501
8.110277
11.567496
12.123076
11.622373
12.378157
12.245483
7.940286
12.987383
7.940286
12.987383
11.682187
11.462260
12.205184
12.730507
.694832
12.339650
8.003987
8.003987
12.593706
12.296053
12.417293
12.560992
11.421807
12.270779
11.851203
12.386078
8.952791
8.952791
12.185509
11.664178
12.576319
12.367823
12.144281
11.781224
11.781224
11.403370
12.122020
11.220033
12.803626
12.276535
12.516466
12.388102
12.277427
9.138257
9.138257
8.062886
8.062886
11.359142
6.880471
11.359142
6.880471
11.359142
6.880471
11.353872
12.464044
12.519923
12.258217
12.198990
8.324593
12.198990
8.324593
8.128083
.558008
8.549153
8.549153
8.249819
9.698079
9.698079
12.538788
12.343214
.139086
8.969941
8.969941
11.771786
12.243135
10.504127
.355254
12.250983
8.825160
12.250983
8.825160
13.668252
.347740
12.510714
12.057260
11.722724
10.961971
8.202840
8.202840
8.419519
8.419519
12.308904
10.351776
9.879312
9.410120
9.410120
12.283892
12.201639
9.428335
9.428335
9.131828
9.131828
8.510110
8.510110
8.985181
8.985181
9.978566
9.978566
12.294204
10.576503
10.926013
11.467340
7.746613
10.378804
6.701721
10.228750
11.737679
10.750084
7.668935
7.668935
12.211600
11.581710
9.869044
11.293222
11.715829
9.848448
9.848448
11.301062
11.821135
10.954893
11.314035
8.420773
10.145150
12.367621
12.367621
11.678295
12.367621
11.678295
11.421740
11.838551
8.950464
8.950464
10.130355
5.232370
10.130355
5.232370
10.711875
11.711069
12.410153
11.636967
10.635612
10.188256
10.156535
11.682105
13.761756
11.424442
10.746215
11.686564
11.547620
11.321319
12.234333
12.055466
11.408840
12.339444
11.729926
11.300145
10.752531
10.640717
8.012358
11.304840
11.927024
12.431137
11.498716
8.141277
11.133348
11.592227
11.777772
12.234323
11.658179
11.903449
11.813720
11.914618
12.315223
9.387701
11.363077
11.928738
8.213839
9.684896
11.704010
11.617118
11.640842
10.838674
11.470849
11.398176
11.254828
12.290274
11.389062
8.805470
11.953036
11.381611
11.967586
12.318317
11.790557
11.868786
12.409219
12.525615
11.254909
11.632009
11.506390
11.867344
10.715785
12.230875
12.291295
12.179398
11.262094
11.206246
12.384072
11.438829
11.508886
11.524352
12.161416
11.224425
12.308980
11.253395
10.204784
11.903268
11.917891
12.245665
11.959507
12.067796
12.329762
17.923642
11.670567
17.923642
11.670567
11.484934
10.456269
11.464669
11.351414
12.294836
12.364683
9.067459
11.436422
11.432152
11.470817
6.481924
12.439451
12.539841
11.429612
11.273503
12.389176
11.563803
11.474796
11.602110
11.721100
11.685385
12.396366
11.703940
12.329928
12.188975
11.093671
11.653017
11.481713
12.033813
11.716313
11.254183
12.351998
11.713384
11.564765
10.466953
11.321822
12.275324
11.717408
11.931407
11.171612
12.195505
12.239491
11.610811
11.417004
10.977310
11.697667
11.418381
12.213625
12.370179
8.471203
12.284405
13.424748
11.261109
12.468270
11.477211
7.853651
12.336284
10.179323
10.179323
11.505907
12.132781
11.493975
9.141076
9.141076
11.700754
12.303482
11.437567
11.652129
11.571463
11.847316
11.106290
11.800204
10.324515
11.854859
11.512182
12.806088
12.483347
12.276090
11.282854
12.330204
12.428676
12.034837
11.683399
11.466156
11.669684
11.800347
12.252414
12.326553
11.562696
11.465487
12.217626
11.235392
11.265537
12.008246
11.466066
11.823669
11.458371
11.413298
11.423799
11.546923
11.891712
12.121300
11.561500
12.082757
12.045632
12.045632
12.306627
12.045632
12.306627
11.487410
12.951817
11.937463
12.391206
11.702738
11.877950
12.245003
11.601619
11.199670
12.233746
12.350073
12.125978
12.216716
12.349176
11.433030
9.016596
12.048686
12.048686
12.201700
12.482359
12.413870
11.947248
11.622398
11.607793
11.393399
12.760547
12.367265
8.614844
11.335853
12.490413
11.643706
11.713825
12.601774
11.637276
11.461568
11.076713
11.536532
11.007626
11.841877
11.564795
11.754629
12.565517
11.554308
12.067043
7.717264
12.067043
7.717264
6.151570
13.701248
12.364299
12.364262
12.471083
11.161788
11.551686
11.930985
12.082787
8.179702
12.706133
12.972017
11.476325
12.370704
8.101971
11.689923
11.754936
12.969128
12.357598
11.654074
11.775446
11.879978
11.393446
7.684265
11.440455
12.203587
11.958124
11.589865
11.436772
11.481364
11.598834
12.269197
12.447983
11.338400
12.419350
11.663772
8.253472
11.832582
11.642522
11.746455
11.203763
11.812271
11.043447
11.868747
12.322367
11.563162
12.281127
12.389691
12.113144
12.082347
11.776075
11.668374
7.674956
11.891986
10.957726
11.859514
12.324323
12.352502
12.238500
11.956488
11.897231
11.388325
11.414317
11.312128
11.895695
12.229224
12.260542
12.090043
11.904455
11.755753
12.300389
12.296639
11.609679
11.619333
11.296112
12.159224
7.820005
11.661645
11.276437
11.748838
12.422040
11.462408
11.406172
11.450071
12.434585
12.357957
11.770294
12.123873
11.595583
12.215413
11.551402
11.839384
11.886604
11.089095
12.342031
11.542794
12.235536
11.608805
12.421276
11.773949
11.426316
11.196379
12.051875
11.475942
11.382162
12.366462
12.244619
10.809392
12.278278
11.835391
12.241889
10.921136
12.067810
11.866572
12.654990
11.728885
11.614837
11.309040
12.117602
11.509745
12.300657
11.681578
12.080318
12.444395
12.326491
11.846817
11.386724
8.617560
12.085173
12.307638
8.270431
11.395116
11.337880
12.649000
11.500067
11.475383
11.466129
12.039987
11.374495
11.838123
11.412201
11.443595
11.740006
12.281124
12.019715
11.406357
11.380880
11.378267
12.218712
10.699980
11.789177
11.855209
11.669506
7.869942
11.691073
12.345370
12.199958
11.477701
11.401439
12.386746
11.248752
12.323505
12.780969
10.873096
11.787516
12.438171
11.598828
12.007121
10.824925
11.680368
11.947163
11.728740
11.719016
8.276802
12.323289
11.576885
8.788335
12.040464
11.824413
11.541336
11.597139
8.253517
11.597139
8.253517
12.376344
11.676439
12.242191
12.235855
11.454286
11.127395
11.057440
12.015502
12.459199
11.741890
11.697105
12.317308
11.323492
11.694159
12.287085
12.284575
11.604945
10.923084
12.093162
11.989915
12.434957
8.254331
11.844822
12.485207
12.140769
11.535602
11.799529
12.157265
11.415543
11.255408
12.279028
11.610631
12.606586
11.857915
11.639001
12.198248
11.492074
11.479931
11.486849
12.175307
11.489591
12.277088
11.568441
11.742802
12.203350
11.888360
11.329826
13.721282
11.690961
12.582488
11.909947
11.434694
11.323928
11.290898
12.219037
11.450208
11.458456
11.580195
11.574648
12.665324
12.248686
12.861870
11.493138
12.369736
12.173534
11.904290
11.838479
11.855738
11.602354
11.876138
12.071193
11.854442
10.819224
12.614361
12.262347
11.605483
11.649784
13.101969
11.488051
11.563336
11.560906
12.284336
11.736641
11.547001
11.509000
11.523055
12.340592
12.540546
10.301614
12.235494
11.496773
12.363096
12.946960
12.836604
11.784569
12.330265
12.154487
12.258229
13.551781
12.395282
11.288230
11.937942
12.108911
12.202962
10.299799
11.820223
12.399174
12.359502
12.344447
12.144573
11.816212
12.324776
12.252753
12.252753
11.685078
12.252753
11.685078
8.995875
12.162681
13.682143
12.260364
12.027019
12.125244
12.383597
12.229297
11.368418
13.548604
12.082756
12.209227
11.775832
11.556441
12.243358
8.185918
11.586301
11.981758
12.164757
12.299469
11.898918
11.642476
12.438995
12.204854
12.369258
11.477038
11.417841
12.364699
11.151512
11.437213
11.754661
7.951580
12.243586
11.329240
12.341870
12.309168
12.360245
12.144691
12.039655
12.212529
11.624840
11.845327
11.555546
11.336423
11.645255
12.408508
11.234760
11.459414
11.798719
12.068539
11.636917
12.287865
11.430512
11.380754
11.648290
12.752500
12.271845
12.725358
12.330644
11.801910
11.743011
12.165028
12.208653
11.662504
11.669122
11.763130
8.147008
11.494300
11.354882
12.132079
7.985719
12.075199
12.375190
12.489036
12.367437
12.402263
8.723194
12.062211
7.696898
12.204857
11.681193
12.105702
11.109363
.847766
11.786695
13.533961
12.256718
11.716903
11.462624
12.177368
12.246160
12.216629
11.607770
12.113858
11.687776
11.040337
11.829524
7.742299
11.829524
7.742299
11.510174
11.500413
12.313787
11.634629
11.824997
12.569476
12.253022
11.412972
11.743880
12.414118
11.568087
11.690103
11.640024
11.587115
12.278778
11.632402
12.253595
12.182134
9.939422
11.231336
8.024335
12.294716
12.287674
11.947532
5.542164
5.542164
12.276875
11.367053
11.947551
12.201846
12.258205
11.494510
11.831400
12.422694
12.057748
12.525114
11.693193
11.366607
12.198204
12.259140
11.858853
12.078552
12.280442
11.793403
11.463277
11.995218
13.800041
12.345862
12.334130
12.147657
12.445434
11.674213
12.260815
12.182461
12.364725
11.594506
12.410443
11.654479
12.226661
11.556362
12.052880
11.638759
12.345876
12.375807
12.210334
11.801973
11.338499
12.337019
13.213860
12.475328
12.035670
12.483213
8.291126
11.454764
12.380935
12.271437
12.148122
11.548337
11.623537
7.131851
12.267848
12.400953
8.440364
12.400953
8.440364
11.327787
11.472753
11.350622
12.309256
12.203941
11.956860
12.247324
7.844515
12.247324
7.844515
12.538724
11.545101
13.349672
12.176173
12.111558
12.313964
11.394305
11.934644
12.307235
12.160818
.358139
11.783024
11.900768
12.317468
12.187554
12.548040
12.595016
12.301419
12.238960
11.712611
12.079304
12.267922
11.885736
12.274458
12.272738
8.898461
12.272738
8.898461
11.490806
12.211496
12.655318
11.624482
12.404114
12.509811
12.462327
11.503119
12.299048
12.302079
11.303332
12.267219
12.530121
11.751644
11.950246
12.288747
12.232636
11.281048
11.729520
12.438594
11.665151
12.262271
12.250668
12.290529
12.440102
11.663709
12.203740
8.182611
12.203740
8.182611
12.331699
8.361988
12.466093
11.743187
11.834500
12.109356
12.267676
12.283630
11.590930
12.000233
12.052606
12.137022

12.375576
11.987732
12.378292
12.295522
11.954090
12.327639
12.236460
12.355972
11.813392
12.211837
11.984439
7.867858
11.984439
7.867858
12.279277
11.792143
12.421194
12.219551
.476301
12.040936
12.557314
8.424877
12.307207
12.445122
12.292723
11.573966
11.928641
12.340912
11.945022
12.550233
13.577173
12.100056
11.710875
12.344592
13.724160
11.717206
8.252344
12.298207
11.973916
12.320832
10.706948
10.706948
12.056038
12.217960
12.246741
11.844107
12.326285
.383289
12.236145
12.300777
13.757122
12.714057
11.810579
12.493883
12.263030
11.492389
11.808441
11.740353
8.333251
12.351521
11.781235
12.345477
11.571159
12.174456
7.868538
12.297062
12.257118
11.901433
12.344704
11.878251
12.085078
12.085078
8.548506
12.156547
11.936937
12.341854
11.758815
11.532361
.174433
8.325717
12.281350
11.748341
13.207706
12.333155
12.429123
12.321926
12.399449
11.791313
12.322505
12.216200
8.454117
12.112060
8.638511
14.486164
9.881168
12.255551
12.670557
7.990913
5.987896
5.987896
11.695347
12.275307
12.378382
12.052051
12.216229
12.277493
12.064372
11.615330
12.309650
12.168041
11.730176
13.529124
12.353277
12.472407
12.228990
11.784567
13.579736
7.196097
12.162455
12.397461
12.202921
12.972293
11.771884
13.456398
12.490030
11.719482
8.636813
12.332990
12.278580
12.224840
13.639983
13.845590
.516687
18.024196
12.370560
8.655270
12.298591
12.128894
12.629320
8.976186
12.128588
12.483632
12.259152
11.354886
12.550523
12.156342
13.675970
12.385922
12.110787
.357534
12.183067
12.481182
12.316707
11.688621
9.053276
13.703835
.204327
10.330859
6.947004
11.487728
11.868265
11.778134
.701629
11.595067
12.278684
12.357113
13.550024
12.308748
12.557134

11.978380
10.452895
12.104438
9.149176
12.255809
127..817064
248036
127..817064
248036
12.270659
8.201940
11.681411
11.691624
10.174644
9.325186
11.879966
12.271919
12.393151
13.604043
12.372576
12.372576
12.361462
13.605712
8.377549
13.605712
8.377549
12.440179
12.432673
8.615590
11.743332
12.250769
12.367118
12.440747
9.590176
12.440747
9.590176
12.367264
11.834802
8.305723
10.606439
10.524719
12.289336
12.591684
12.591684
11.326021
11.819492
9.956403
13.839554
11.879839
11.447014
12.456074
13.654133
9.155775
10.018363
12.348529
12.343294
12.118801
8.606288
12.578492
12.230134
8.579332
9.111972
12.655346
12.655346
9.047017
12.354255
11.667538
11.667538
11.306693
9.130320
7.837731
9.784339
12.632326
9.808385
10.256140
14.069403
11.303957
15.145532
11.031515
9.858929
13.312169
10.992180
10.725015
13.805629
8.255643
8.716949
12.206106
12.458800
9.006704
11.786525
10.536621
11.785788
11.491165
11.147966
12.247410
12.247410
10.107829
12.158480
8.470154
12.329531
12.293327
10.495006
11.780545
12.303709
11.767370
11.588209
11.981483
12.100673
12.120927
10.993929
12.245978
12.290336
11.389070
10.395269
9.843468
12.141633
12.141633
12.141618
11.550201
11.287391
11.131719
11.946850
8.571866
11.317854
12.302251
11.008372
10.852724
12.340363
11.278825
11.124982
11.542357
11.743659
12.456262
9.982515
9.487952
12.165110
12.402058
8.426498
11.602740
11.328154
8.849158
10.664962
11.823916
11.271197
8.252891
11.517305
11.456676
9.412497
12.263151
9.685943
10.899817
11.532726
12.208763
11.335139
12.316129
10.575673
11.190569
11.764234
8.749328
11.576673
10.574819
11.552106
5.244060
12.293827
12.307622
12.133546
11.806675
11.601202
12.400106
12.256829
8.765235
12.333961
8.959286
11.658933
11.718555
11.591351
11.084003
11.675130
11.440460
11.982309
8.635882
11.526129
11.434323
17.339521
10.082691
17.339521
10.082691
11.968779
11.870638
11.542951
12.104387
11.882638
11.737903
9.391597
11.583713
12.363057
11.577713
9.928246
12.270149
11.222595
11.563673
12.274382
11.318680
11.536237
11.417078
12.387956
11.893477
11.616352
9.441549
10.879424
11.549391
12.386057
9.013257
11.700805
12.322456
9.472057
11.512886
11.555138
11.488302
12.098961
11.781286
11.830495
11.843138
11.689630
11.499068
12.126475
10.411462
11.767697
11.307817
12.196809
12.253236
11.799831
9.549381
11.739950
8.681919
10.226380
12.249386
10.109823
10.615114
11.702203
11.859781
11.976064
10.296944
11.508847
11.891872
11.418148
12.203307
11.438793
12.287498
11.669502
12.157359
8.538617
10.323839
11.765803
12.149533
11.961960
11.370063
11.227482
11.644488
12.398057
12.152648
18.197710
18.197710
12.125879
12.319765
12.222495
12.179401
12.428283
11.388251
11.766576
8.522320
10.802330
12.518632
10.374978
11.608038
12.131614
11.337487
12.589310
11.822609
11.887567
12.397825
10.128209
12.335853
12.136446
12.081525
11.489526
11.575366
11.398354
11.958037
11.822418
10.214204
12.262915
11.577239
9.843294
12.208962
11.886748
12.132937
11.657293
11.346936
11.531476
9.149567
11.094988
12.195886
12.360977
12.061518
12.301954
11.822453
11.407466
11.970493
11.605826
10.370874
11.506372
11.831773
11.488251
10.447567
12.364562
11.476542
11.092264
8.573771
12.314669
12.267032
11.802788
10.416933
9.964243
12.573451
11.498723
10.072420
12.358536
11.820123
12.343295
10.853103
12.285609
12.100407
12.445331
11.669976
12.498847
11.972724
11.374110
12.384917
10.263961
11.705383
8.328865
11.369369
14.461887
11.674224
12.254736
11.333082
12.108971
11.372066
11.326151
12.159155
11.523261
11.371440
11.581405
11.363514
12.324765
9.456670
12.352363
17.356531
17.356531
11.439627
11.477548
11.857365
11.461765
11.444278
11.546917
12.457931
12.278736
12.321065
10.595422
12.289221
11.953190
11.518147
11.672205
12.087677
11.484671
11.649470
11.427331
12.613671
10.869572
12.343699
12.269377
12.174658
7.917485
11.735596
11.527113
12.001904
11.384113
11.634054
12.397748
12.196189
11.208315
12.080378
10.920642
11.463121
11.802428
12.085129
11.687615
11.796482
12.101518
12.206771
12.552452
12.099348
11.414968
11.813656
11.034840
12.220305
12.275280
12.166935
12.279718
11.641865
11.331862
11.759126
11.122103
12.306643
12.358379
9.130572
12.225899
10.088183
6.660468
10.905442
11.853679
12.378174
11.564083
10.504180
12.348945
11.422684
12.447479
11.609896
11.702606
11.924736
11.553568
11.684990
11.049479
9.251699
7.281276
12.348129
12.335143
12.056035
12.325528
12.140601
11.612171
11.783851
11.362035
11.706336
12.238109
12.438614
12.153279
12.200207
12.152774
9.900932
11.875595
11.837029
11.838311
11.017118
11.815294
11.853110
12.349205
12.275751
12.296312
12.308812
12.587641
11.784928
11.579305
11.799925
11.596523
11.704258
12.327362
12.242960
12.004074
12.220819
11.561110
11.586211
12.285932
11.436994
12.274586
12.301897
12.272118
12.303552
17.424120
17.424120
11.284214
11.816854
11.815223
11.581589
11.344714
10.978687
12.271255
12.409185
12.120776
12.078392
10.049429
11.583566
12.015332
11.542801
10.673563
12.244653
12.365801
12.337337
11.739386
12.145267
9.867236
11.622607
11.555411
11.494545
11.664974
11.585933
11.934838
12.232888
12.412974
8.749848
11.896242
11.558399
12.326941
11.933885
12.385901
12.348177
11.628895
12.322539
11.731389
11.619453
11.311041
11.764695
12.313778
12.226796
11.291107
11.917798
11.963163
12.155976
11.268062
12.437050
12.388717
11.852379
12.356107
12.363904
12.518530
11.717349
9.930978
11.483733
11.327552
12.438500
12.430619
12.449130
12.198596
11.325702
11.590633
11.733157
11.887266
9.167130
10.926585
10.303069
12.205848
12.741695
11.657242
11.865380
11.477593
9.401823
11.895005
12.232584
9.176521
12.213692
12.183059
11.999965
9.449263
11.753018
11.334934
11.720237
12.691354
9.282390
12.279268
12.404559
11.582197
11.582197
11.536168
11.653945
12.604004
11.663300
11.590328
11.418695
11.728727
12.311043
12.263176
12.380063
12.241543
11.357387
11.423955
11.339502
9.710544
12.271492
12.440091
12.099852
12.211004
12.243765
12.550240
12.129736
11.724012
11.608682
12.338752
12.345802
12.246973
12.323341
12.323375
12.171522
11.926459
11.172601
11.342932
8.780820
12.316375
12.447674
12.279746
12.095226
12.228883
11.526989
11.403061
12.430211
11.703571
11.706338
10.979123
12.176226
13.256573
11.699506
11.753913
11.833854
12.212441
12.247724
10.039384
11.827857
11.992592
11.043300
12.336583
12.277578
12.293037
12.290729
12.121219
11.802628
11.446581
11.604608
11.818707
11.558739
12.246966
12.271083
12.492083
11.752314
11.710744
9.623566
11.314052
11.577519
11.836631
11.981056
11.530407
12.151677
11.745684
11.553886
12.569265
11.543815
12.271368
12.414664
12.249471
11.472250
11.617770
12.123721
12.399926
12.344106
12.264181
9.557304
12.420599
11.860615
18.072799
11.472174
18.072799
11.472174
10.961017
12.566678
11.790396
12.415073
12.196878
11.653415
11.819976
13.009087
12.271263
12.307013
12.373262
11.466441
11.897927
11.424942
11.800347
12.270311
11.903035
11.810001
12.315082
10.655209
12.290164
11.705067
12.992249
11.576042
11.732120
11.783617
12.276762
12.354582
11.552134
11.902746
11.139814
10.390966
12.287843
11.584197
11.988977
13.235676
11.953191
12.424708
11.582724
12.177214
11.562669
12.286973
9.550774
7.554200
11.574445
11.820191
12.215589
12.524333
10.912795
11.937143
11.465803
12.249377
12.251979
12.214428
11.237224
11.798699
11.622893
11.090935
11.505265
11.371712
12.460363
12.288595
11.919643
9.992754
11.505748
11.569870
10.230634
11.266212
12.293171
12.504332
12.096232
12.339849
12.421004
12.247087
12.240724
9.541014
12.889992
11.579473
11.253959
11.181036
12.202506
12.478129
12.202938
12.534896
11.524306
11.665522
12.354243
12.039459
12.346531
12.187625
12.292012
12.327390
12.443735
12.274655
10.897950
12.068805
11.386825
11.628271
11.567898
11.448415
11.935774
12.260347
12.238989
11.581213
10.026334
11.681378
11.659285
11.600627
11.967108
11.713685
11.589975
11.110870
10.184713
12.091616
11.695453
11.554396
12.457798
12.012047
13.790389
11.891630
11.909566
12.290609
12.308460
12.118453
11.822286
11.565550
11.630923
12.332178
12.337149
12.551290
12.296229
11.752163
11.407380
11.487739
11.934862
9.886088
12.099944
12.319709
11.495363
11.179638
11.724550
12.504222
12.175459
11.713861
11.764404
11.648109
12.245861
12.261066
11.954247
12.236243
11.602869
10.653093
11.340037
11.531563
11.601814
12.324003
10.836958
8.563195
11.849728
12.179688
12.385410
12.334167
12.207463
11.495491
11.803860
12.443298
12.247951
12.057313
12.487292
11.767473
12.135829
11.333204
12.438767
12.324960
12.112498
11.951992
11.467590
12.500384
10.766481
12.263041
12.203353
12.390202
12.216108
12.359447
11.887879
12.429480
12.388975
11.638643
11.924637
12.378302
11.655817
12.508424
12.268998
11.855497
12.307504
12.248367
12.375740
10.343670
12.386758
11.441842
11.543037
11.788656
12.525382
12.378791
12.246647
11.647852
11.495473
12.308154
12.289610
12.373967
12.297938
12.321682
12.463538
12.292939
13.054137
12.414959
12.328428
12.236414
11.490720
11.250408
11.846560
12.322278
12.485250
11.435363
11.541139
12.068843
12.205782
11.878425
9.135341
11.422759
12.325024
12.346594
11.452976
11.271622
11.594710
11.838973
12.273935
12.319572
12.021686
11.505156
11.946336
11.660564
11.769362
11.031533
11.103179
12.211813
11.793932
11.750972
12.354111
11.319999
12.150171
11.992139
11.772756
11.753241
11.829011
12.327280
11.617777
11.981112
12.298405
12.117708
12.051754
12.339963
13.294912
12.278630
11.707530
11.918148
7.657659
11.230338
11.628618
12.274116
9.859198
11.864005
11.432260
11.462117
11.463447
12.219449
11.932041
12.538965
11.196134
11.196134
11.706989
12.418115
12.167500
11.462918
13.044854
12.343617
11.231231
12.338600
12.293250
12.278532
10.880923
12.317141
11.570015
11.418565
11.381443
13.730120
10.902344
12.449611
12.030821
11.905991
12.165812
11.278616
13.437901
11.555304
11.638910
13.670809
12.465775
11.335173
12.021258
12.287915
13.662135
11.448349
12.446401
8.752581
11.561487
12.289128
11.822040
12.176821
12.088741
11.653332
12.368880
12.270279
11.891152
12.554664
12.372693
12.602005
11.736296
12.222415
11.591956
11.762227
12.398535
9.958276
11.893095
12.117667
11.749924
11.585392
11.747439
11.855280
11.788742
11.995993
11.512566
12.372556
12.389026
13.039374
12.475850
11.322383
11.670739
11.512562
12.266669
11.100601
11.393120
12.217065
11.475304
11.422694
12.629461
12.272422
12.224797
12.462143
11.512947
12.283012
12.372943
11.369129
12.061623
13.872539
11.824411
11.434740
12.297384
12.243083
11.435332
11.859787
10.604906
12.334137
11.787850
12.339942
11.629970
12.695427
12.305862
12.484919
11.690629
12.101940
12.420026
12.462808
12.195171
11.571661
12.289306
12.285357
12.548901
13.019041
11.792563
10.523399
11.738963
10.996820
12.546093
11.682535
8.059957
12.221679
11.650823
11.633083
11.315527
12.213673
12.310616
11.432689
11.838110
10.966301
11.964693
11.685745
12.382395
10.781848
10.814457
12.141321
12.234584
12.300690
11.002061
10.921503
12.529345
12.501126
12.351555
11.383918
12.104556
12.328601
11.697766
11.706202
11.638257
12.277717
12.240622
11.506559
12.307284
11.733025
10.702340
12.381140
11.222550
11.512149
13.084856
12.420770
11.787040
11.815112
11.510271
11.811835
12.105945
11.489574
11.104395
11.647853
11.830007
9.112520
11.468582
11.624531
11.319063
11.797143
11.613902
11.643631
12.180486
12.094474
11.665392
12.033666
12.285289
12.204090
11.505120
12.282994
12.608745
12.044092
11.793649
10.370588
11.300644
12.345312
9.864546
11.693298
11.503098
11.358530
13.692921
11.637673
12.321575
12.095779
11.731294
12.209640
12.194049
11.559891
12.270643
11.865643
12.339697
11.548435
11.465796
11.537367
12.359021
12.026436
9.174275
11.628225
12.511426
12.188300
10.872914
11.856929
12.396126
11.689318
12.341747
9.623967
12.294179
12.263193
11.585782
11.457194
12.346430
11.819823
13.508950
12.494789
11.712706
12.623014
11.755137
11.500392
12.282279
12.266547
11.107359
11.680139
10.585198
11.726579
11.598985
11.699494
12.260768
12.137443
12.273444
11.512428
11.640335
11.433100
12.275572
11.256319
12.388392
12.299886
12.359185
12.058591
11.125261
11.724623
11.531933
11.261004
11.837691
11.586629
11.461243
12.327078
11.779140
12.340392
12.448536
11.800317
11.235645
12.471378
12.051293
11.606097
12.367787
11.667915
11.695682
11.240135
11.552869
11.154156
12.031062
10.900475
12.465997
13.661190
11.145873
11.155457
11.330550
11.368504
11.498643
10.309461
12.022341
11.943137
12.241775
10.854379
11.075857
10.188665
9.611924
12.375538
12.692671
11.569044
8.602846
9.935919
11.163163
11.524327
12.273113
12.293381
12.285259
12.259128
11.862675
12.389282
11.944468
12.435390
11.415282
12.230999
11.720194
12.289134
12.211235
11.481337
12.047449
12.326605
10.824560
12.251487
11.982150
11.453085
11.931510
11.529145
11.885349
12.337907
12.205601
12.390152
9.804879
12.472178
12.174861
13.102469
11.741053
11.371191
12.024772
12.318891
11.782820
11.466625
11.695323
13.461665
12.248472
11.741296
13.583906
11.672954
12.003894
12.374972
15.383607
10.260395
11.775143
11.983492
12.325915
12.443455
11.432996
11.743654
12.340700
12.432757
12.302294
8.897516
12.294591
8.434407
12.294591
8.434407
12.399979
12.377464
11.252132
12.505967
11.514811
10.791596
11.496762
11.774859
10.413319
11.886805
12.318181
12.243581
11.527848
12.043621
11.729779
13.692347
12.100381
12.079636
11.580099
12.316753
12.256724
11.598757
12.068010
11.764911
11.779597
11.253183
11.692915
7.718285
12.339694
11.453446
12.342380
10.820417
11.634550
10.694393
10.694393
11.656028
12.150803
12.395715
12.144508
12.561913
12.262964
11.729720
11.846203
11.491199
12.276984
11.972279
12.188222
12.333199
12.186555
11.998052
11.962015
11.937704
12.347444
11.398859
11.705163
11.264255
11.523995
12.248110
11.622429
11.546368
12.313811
12.332032
12.219137
11.461812
12.005474
12.073007
11.448244
11.869930
11.969855
12.130853
11.778539
11.783953
12.787700
12.279824
11.577017
11.724705
9.281676
11.524026
12.312545
11.912179
11.429733
11.455194
12.229985
11.584413
11.240901
12.334003
12.308821
12.315838
12.144692
11.036367
12.368509
12.368509
9.657176
12.320989
12.350762
12.320989
12.350762
10.866706
12.296893
11.387366
13.313677
12.243945
12.280532
11.700123
11.059235
12.157643
12.307073
11.102760
12.085274
12.052144
12.254751
11.035298
11.755552
13.231191
12.283575
10.942465
13.016015
12.178274
11.766337
12.290260
12.313679
11.365926
11.755905
11.961085
12.506965
12.019123
11.513052
12.294741
11.840291
11.699431
12.441627
12.313735
13.495542
11.680608
8.269765
11.714404
10.360228
12.267924
12.434194
11.486778
12.595937
12.106692
12.225516
12.118537
11.270445
12.435556
11.823754
11.464865
11.768277
12.401643
12.324035
11.421017
11.828285
11.202982
11.657998
8.001682
11.365609
11.886306
12.213444
12.384265
12.441793
11.681440
11.473184
11.013493
12.519010
12.141610
12.612908
12.180896
11.914085
12.476044
11.715372
11.366779
12.724873
12.583018
11.128858
12.337429
12.280007
11.749676
11.498123
12.141418
12.279604
11.415612
12.266677
11.751562
12.374960
11.703498
11.417463
12.319693
12.138062
11.662527
12.314059
12.289014
11.217798
11.122982
12.305700
12.396023
11.591038
8.075663
11.263628
11.523629
12.278983
12.070121
12.260851
12.064706
12.792255
11.667218
12.339622
14.488465
12.260217
11.473443
12.079615
11.549585
11.237814
11.824285
12.238636
12.124498
11.787105
12.419920
10.428963
13.485481
12.800498
12.259006
11.673899
12.417608
11.691355
11.288775
12.354064
12.116830
17.619933
12.316076
12.243577
11.578319
11.635939
12.088258
11.928587
12.000821
12.082428
10.259473
12.366831
9.815766
11.844315
11.388516
10.695221
8.351587
11.285786
12.239724
10.279826
12.141316
11.695727
11.868690
11.540689
12.178239
11.243549
12.200475
12.143257
12.375978
12.552167
11.336892
11.624667
12.324248
12.183712
12.020179
12.454671
12.258414
11.991558
11.826330
17.874705
12.993910
10.591888
12.453732
11.991017
11.362719
12.471044
12.174549
11.318881
11.869287
12.550822
12.313336
11.329769
12.192084
12.180483
11.549425
12.378675
8.755921
11.300408
11.891134
12.315858
12.246938
8.915259
12.647381
11.651111
11.695701
8.285116
12.385089
12.230412
11.820306
12.092779
12.332838
11.855107
11.547418
11.478059
11.394695
13.512945
11.688033
13.765420
12.211296
11.705489
12.311575
12.011744
12.484544
12.307930
12.412056
10.742792
11.596576
11.772370
12.275846
11.384208
11.766055
11.693322
12.296352
11.718590
11.296216
12.328816
11.888836
11.090248
11.961844
11.383143
11.835562
13.719882
11.715423
12.290184
12.168497
12.267700
13.702628
12.444623
11.877044
12.391688
12.248407
12.325435
12.312773
13.674377
12.291930
11.726011
11.512333
12.192140
11.780211
11.597495
9.982791
8.306724
12.137847
11.385393
11.534485
12.287155
11.818048
12.215730
12.451809
11.749337
11.823749
11.523091
11.943858
10.968453
12.335754
13.388288
11.436369
13.677446
11.894244
11.531469
11.887001
9.950152
11.666209
11.706854
12.147916
12.147916
12.273159
11.244531
11.644245
11.785971
12.407599
12.809893
12.363946
11.764697
11.099272
12.080604
12.407800
11.476004
12.406011
12.385869
11.613983
11.901832
12.351533
9.269347
11.952630
11.999015
11.424169
10.255093
11.453728
11.570795
11.809634
12.190833
11.603256
11.335986
12.275399
12.300842
11.835019
11.263304
11.522275
12.392139
11.662002
12.315576
12.157948
11.505094
12.933898
11.883864
11.672283
12.205732
12.039445
10.934220
11.408123
11.863576
12.300100
11.632107
12.243973
12.176775
11.697209
12.278564
12.389254
11.508625
11.508625
12.119099
12.246315
11.970473
11.328895
12.206216
12.341639
12.933558
12.556100
12.199689
11.509533
7.781319
11.700845
12.521445
9.729727
12.273558
11.376393
11.648950
12.432050
11.438640
12.346413
12.403647
12.737309
11.856147
12.041607
11.188765
12.163857
12.414247
12.059387
12.297688
11.097172
11.907117
11.249144
11.703362
11.664224
12.315678
12.348722
11.470226
12.343034
11.461412
11.467939
12.120693
7.428565
11.295965
11.431723
12.292648
13.788065
12.196690
12.252183
12.220230
11.379866
12.325374
11.783154
11.766861
12.319393
11.594634
11.727406
11.855133
12.203471
11.251453
12.346269
12.299182
10.909129
11.695441
12.323614
11.285774
13.111939
12.301059
13.228178
12.319518
10.504226
12.168932
11.854750
11.583662
12.425334
12.278688
13.872909
10.987170
11.637869
13.631907
12.115164
10.992118
12.386663
11.775083
11.625277
12.276671
11.509549
11.891863
12.266925
12.160581
12.322194
11.517779
11.294949
12.199283
11.459470
11.436085
12.404370
11.929749
11.762059
11.862463
11.723772
12.326731
11.803091
11.866815
11.446735
12.115799
12.596974
11.709282
12.172671
11.500345
12.331831
11.375179
11.526164
12.331776
12.229065
11.797339
9.318993
11.426473
12.382243
11.443890
12.260840
12.177104
11.477331
11.625911
11.584741
11.661013
12.262046
11.598686
12.040837
12.445085
12.248515
11.950056
12.161727
11.358947
8.690836
10.229916
12.572542
12.139506
11.785185
10.655298
11.283054
12.252551
11.671134
12.284360
12.405163
11.502876
11.575183
12.333159
12.124979
11.338149
11.880702
12.172756
11.394414
12.546877
12.274159
12.371684
12.248367
12.354248
11.908702
12.237228
11.796626
12.308733
11.585572
9.449717
11.833455
11.635911
11.571692
11.546677
11.462443
12.192741
12.059823
12.197029
9.943631
11.525565
12.513804
11.554196
12.462357
13.027327
11.560855
11.879851
11.502147
12.335909
12.214959
12.362136
11.664459
12.290812
11.455434
12.142783
12.142783
8.769950
8.986016
10.795168
11.403807
12.294283
11.535124
11.507305
12.105365
12.372155
12.357446
13.593053
11.806305
9.751731
9.934410
11.388640
11.533455
12.267012
11.721462
12.467339
11.581565
12.879925
12.148405
12.712345
10.321830
11.427588
8.869301
9.829529
11.527671
11.671779
12.258326
11.593478
12.558178
11.829820
9.784196
11.707135
12.371357
11.978787
11.845372
12.192312
13.666534
12.352553
12.714919
12.523552
11.993582
11.425114
12.148026
12.055235
9.835254
12.278909
12.453077
11.640684
12.278886
12.445678
11.592256
12.393666
11.297962
13.076762
11.754662
12.141205
11.378954
13.041880
11.938078
12.027168
12.231414
12.424462
11.842604
12.282837
11.633252
8.473611
12.448673
11.255684
12.343181
12.280071
11.136183
12.364524
11.477091
11.835908
10.456285
11.524077
12.161530
12.754761
11.455629
12.078455
11.889867
11.236435
11.691019
12.304805
11.645462
12.300181
11.794847
12.364534
12.265205
11.798284
11.450267
12.181903
12.181903
11.829071
11.550626
12.350154
12.054282
11.775983
11.959928
11.518987
12.282921
11.706769
12.267445
11.295853
12.216074
11.830399
12.270728
9.978592
12.405864
11.550016
12.300497
12.226392
11.596217
12.317749
11.225997
11.576733
12.099728
11.003798
12.272101
11.901490
11.461255
12.225747
12.337227
11.568900
9.916256
11.845095
11.206072
11.898220
11.593784
11.661483
11.567881
12.693715
11.972023
11.706909
12.257051
12.147252
12.350892
12.673682
12.380911
12.253659
11.480240
11.249017
12.251254
12.650485
12.152428
12.081821
11.698520
12.272874
11.733200
11.313146
12.329006
12.262932
12.685528
11.835659
11.835820
13.050149
12.224435
12.281089
11.885193
12.322115
12.449896
12.149246
11.294093
12.373511
12.908210
11.728238
12.266183
11.608613
11.582409
12.354997
10.911577
12.322772
11.006215
12.272191
12.194532
12.797481
11.031099
12.077381
12.435670
11.559107
11.740105
11.549333
11.813630
11.813630
12.391623
12.906273
12.251259
11.717905
12.381590
12.303414
11.732698
12.330071
11.524096
12.488610
11.330898
12.070764
12.099567
12.391452
12.309346
11.530648
12.322074
12.331629
11.674910
12.530780
11.739471
11.782166
11.397102
11.620123
12.105985
11.782878
12.249694
11.614478
12.964594
12.408157
12.204295
11.790607
13.598321
12.474506
12.259314
12.281555
11.829449
11.747991
12.432094
12.330836
11.578402
11.260569
11.695743
12.337069
12.178021
11.544105
8.542023
12.186905
12.289433
12.298096
11.700947
12.287870
12.403663
11.591754
12.315772
12.316682
11.978505
11.978505
8.132561
12.190209
11.563258
12.054813
10.015218
11.891046
11.804766
11.635159
12.451455
11.402705
11.788012
12.142293
12.834914
11.257322
11.517098
12.622579
11.612073
12.453453
11.474913
12.200916
12.200916
12.355280
11.973088
11.377774
11.477594
11.604419
12.368651
11.642832
10.642602
8.990117
11.897557
8.561248
11.618196
13.544180
12.303003
11.969243
11.444437
12.263696
12.306394
11.774072
12.286754
12.270837
12.198800
11.340496
12.575299
11.721922
12.184066
11.505559
11.366006
12.136511
11.778608
12.330255
11.774317
11.714632
11.707102
11.690186
11.600174
12.349829
13.688262
11.847428
12.387643
12.328713
11.863443
11.258465
12.018028
12.256494
11.340319
11.516415
11.311149
12.329081
12.275803
12.299875
11.861784
12.402925
11.784243
11.274141
12.012544
11.993190
12.314910
12.609280
12.183793
11.495920
12.063150
12.260552
12.869927
11.832676
11.408834
11.773341
12.780920
11.461925
12.186155
11.823050
12.435751
12.217803
11.990293
12.438054
11.166897
11.874965
8.207063
12.194802
13.029743
12.300049
12.237840
11.729110
12.796472
12.220925
12.204304
11.866208
12.598768
10.344450
12.052965
11.188705
12.359007
12.276769
11.476951
12.311729
12.185032
11.787042
11.385772
10.960523
10.883580
12.533769
11.813240
11.780360
11.705591
11.405231
11.633240
11.633240
5.250072
11.732426
11.732780
11.783890
11.470674
11.206521
13.351423
11.394466
12.036077
12.058848
12.239820
10.604071
11.438095
12.244834
11.541588
12.284689
11.190534
11.763212
12.243119
11.665468
13.687300
11.620758
11.556716
11.562653
11.155011
12.196418
11.588971
12.023472
12.263618
12.174728
10.974484
11.841053
11.706667
11.628137
12.892538
11.692734
11.664111
12.151306
12.318582
11.935984
11.567586
11.889709
11.584180
9.128013
12.896564
10.734250
11.661820
11.615031
11.174083
11.662641
12.378143
10.450859
11.581606
11.666865
11.304886
13.545541
12.063027
12.125260
11.780791
12.135444
11.566007
12.485968
9.954866
11.420825
11.506790
12.004781
12.236047
11.487396
12.220340
11.388521
11.373558
12.131748
12.276226
13.577729
12.298345
12.318791
12.597253
12.416271
12.218588
12.282444
12.105920
11.209317
11.355024
11.530029
12.175901
12.195143
12.371234
12.290030
11.747319
12.925781
11.522825
11.848439
12.235782
11.767670
11.457627
12.260985
11.395257
11.235521
11.634310
12.044878
12.500694
11.381996
11.722647
10.280636
11.951716
13.413639
12.217738
11.991484
12.248127
11.786020
11.798379
12.172532
11.462861
12.162926
12.223694
11.325412
11.788643
11.866673
12.322130
12.145497
11.542060
11.465430
13.689840
12.352355
11.613837
11.558490
14.838004
11.417821
12.364898
12.540280
12.329619
12.046711
11.463622
11.539539
11.888537
11.804943
.913998
12.303404
11.978390
12.215702
11.735647
12.475845
6.078626
12.475845
6.078626
11.970353
12.382030
11.890389
11.769957
12.305316
12.548246
11.755659
12.339999
11.791174
11.581423
11.493644
11.493644
7.802331
11.328303
11.822390
11.252177
12.265482
12.137815
11.452004
11.399187
12.334870
12.103162
16.876576
16.876576
12.201966
11.560857
11.750535
10.656094
11.198088
12.470832
12.996965
11.546603
11.779817
11.948658
11.384743
11.360569
11.933125
11.632997
12.277192
11.968414
12.945795
11.157008
11.669736
11.490332
12.620931
10.160076
11.771682
11.783340
11.675212
12.081284
11.501062
11.611200
11.968143
11.544975
12.387064
12.256086
12.327626
12.130250
10.136772
12.273372
13.158006
12.280095
11.905056
12.296644
11.450890
12.582644
12.144391
12.225090
12.265954
12.223150
12.473882
12.127820
11.342763
12.180262
11.980329
9.737697
12.318255
11.638049
8.520182
8.520182
6.036012
12.020898
11.762773
12.426967
12.009650
11.077584
13.043491
11.403300
12.155926
12.343096
11.590227
11.874794
12.205908
12.561519
12.340699
12.217674
11.640881
12.349212
11.442773
11.989228
10.648671
12.276287
12.087679
8.858330
11.444369
11.608776
11.966710
13.552687
12.222794
11.551367
11.516552
11.914438
12.121067
7.090213
11.517564
12.310188
12.190464
11.291772
12.268215
12.332642
11.723025
11.594840
11.739215
12.272637
12.250155
12.442402
12.159149
12.289060
11.690382
12.084849
12.084849
12.258089
