12.426194
10.510606
11.243573
11.474621
6.080612
11.530444
12.577843
11.538060
8.001822
11.490754
10.898994
11.363961
12.221738
10.400192
11.383116
11.702081
11.783237
11.626448
9.044714
11.536059
11.275968
11.177082
11.210147
11.422008
12.132934
11.101966
11.101966
11.358364
12.336009
11.793360
11.670407
11.912780
12.383710
11.326820
11.326820
11.871769
12.507221
710046
10.902240
10.902240
11.929360
11.929360
11.571362
6.105485
11.903102
11.570351
12.241377
8.264378
11.857006
8.301868


12.231310
12.288057
11.611105
11.611105
9.891709
11.826273
12.384684
11.169210
11.756579
12.469559
12.354500
12.335800
11.905056
11.587400
11.738878
11.875646
10.670929
10.670929
10.670929
11.912760
8.299018
10.670929
11.912760
8.299018
10.670929
11.912760
8.299018
9.929734
11.335910
11.544093
12.161498
11.583316
11.583316
11.693052
11.641282
11.578808
5.816561
12.323474
12.296609
11.538242
11.538242
11.074325
11.074325
10.127507
10.127507
11.821993
7.797514
11.460771
11.460771
11.385356
10.115119
10.115119
11.096846
11.096846
11.363945
8.246939
10.968631
11.945020
11.488832
12.455608
11.033798
11.033798
8.054329
12.346043
8.054329
12.346043
11.354598
11.527298
8.393166
11.595637
5.014758
12.271840
11.348209
10.411177
11.922430
7.700257
11.151035
8.180553
11.151035
8.180553
11.151035
8.180553
7.732468
12.268036
11.700061
7.979447
11.431941
12.086789
11.485244
11.485244
11.086120
12.177308
11.829686
12.382680
6.228428
12.550066
12.402672
11.698168
11.327372
12.111752
12.111752
11.498819
12.111752
11.498819
12.090119
12.111752
11.498819
12.090119
11.633477
11.734965
11.504035
11.537813
12.690053
11.511797
11.697320
11.841981
7.769287
11.878479
12.346802
12.462148
12.462148
8.846839
11.414088
11.414088
11.411510
12.290819
7.475716
7.475716
12.421138
11.576114
12.530201
11.057118
11.647844
11.646423
11.530640
8.196641
11.530640
8.196641
12.192194
11.530651
11.693037
11.467646
11.543610
12.222811
12.442444
11.640374
12.499480
8.005561
11.824436
11.129783
11.483980
12.092184
11.444661
12.003552
12.023689
11.284770
11.104417
11.576212
9.013391
11.691450
11.747942
.490606
11.510173
11.196987
11.524168
11.780762
12.344800
11.462816
11.491292
11.491292
12.458463
11.725957
7.275090
11.767791
7.759563
11.506806
9.133531
11.718888
12.294726
12.294726
12.343088
12.294726
12.343088
11.709323
12.294726
12.343088
11.709323
11.561250
11.894249
12.450116
12.014722
10.832482
11.167987
10.214746
10.214746
12.100952
11.180589
11.640742
11.230130
11.681320
11.516817
11.756347
7.573088
11.551046
11.371416
12.284695
12.284695
563466
563466
8.510716
6.143753
12.177664
11.121833
12.327056
12.088878
11.317388
11.488626
11.940287
12.205989
8.305562
11.887470
9.748997
9.748997
11.840423
11.840423
11.644547
9.892852
12.080519
11.338530
12.369455
9.599349
12.279613
11.541080
10.076649
11.531090
12.209491
12.314822
11.388807
11.113816
11.569071
12.296516
11.494465
11.494465
11.672996
11.672996
11.190551
11.672996
11.190551
11.726879
11.672996
11.190551
11.726879
11.998863
9.499149
9.499149
9.345393
12.366561
11.428911
12.060830
10.468788
10.468788
8.118262
11.465422
11.465422
9.616416
11.422100
11.307986
10.513334
11.577088
9.969015
9.969015
11.261184
11.261184
11.648973
7.960928
6.427802
11.624069
11.736983
11.365786
11.365786
11.352349
12.470818
12.301083
11.541269
11.541269
11.490933
12.398084
11.294496
11.543871
11.543871
11.709543
10.410564
11.064991
11.064991
11.605346
8.558206
12.279778
12.360971
12.406208
11.477865
12.394711
12.091328
9.727396
9.727396
9.648190
6.571572
12.296206
12.282672
11.665621
11.650734
11.541438
11.795314
11.765227
11.918604
11.918604
11.961797
11.494760
12.394985
11.547177
11.547177
11.743102
11.481422
11.183218
11.183218
9.990867
11.958651
11.958651
12.192986
11.958651
12.192986
12.556262
11.958651
12.192986
12.556262
12.227782
12.646208
12.188330
10.836517
11.492924
11.985426
11.652881
11.855032
8.249202
11.239784
11.239784
11.349550
11.349550
11.410409
11.741216
11.741216
11.155705
9.874885
9.874885
12.583065
8.231495
9.947585
9.947585
11.778947
11.153175
12.272596
10.511137
11.365026
12.326679
12.390980
12.353487
7.990500
11.936591
11.625210
11.625210
11.650906
11.566965
7.827569
14.611492
12.498642
11.610635
10.649558
11.332028
11.552093
9.176243
10.923332
12.378358
12.167222
11.831201
11.538448
10.397355
11.369656
12.268517
11.876267
11.856594
11.856594
11.688953
12.416396
10.530202
12.372097
11.519838
11.519838
10.515509
11.518243
11.518243
11.662374
11.246116
11.246116
11.949209
11.926357
12.528320
12.266345
11.776471
11.776471
11.452578
11.776471
11.452578
11.469841
8.043364
11.776471
11.452578
11.469841
8.043364
11.859667
11.364322
6.006134
7.096964
8.279814
8.279814
11.849606
10.471199
10.471199
11.150393
12.600480
8.062893
12.600480
8.062893
12.310393
11.471815
11.591471
11.422953
11.422953
11.909163
9.974101
10.270133
12.408506
10.395354
11.244786
11.244786
11.330147
11.330147
7.651138
6.170790
6.170790
12.444401
11.780239
11.780239
12.175708
11.576092
11.576092
.375723
.375723
11.700181
11.700181
11.161034
11.756811
8.302685
12.364947
.540351
.540351
12.253409
12.253409
11.429502
11.561332
11.485769
11.412833
10.486778
11.386844
10.520176
9.884105
9.884105
10.343856
12.160811
11.637603
12.224115
12.350893
11.121027
11.353562
12.614962
11.547205
7.884202
11.547205
7.884202
12.381760
12.381760
12.436367
12.624125
12.624125
11.442273
12.406006
11.945842
6.754999
11.604530
11.705161
11.604548
8.856204
7.274325
11.765482
7.274325
11.765482
11.158114
11.158114
11.761370
11.761370
11.459715
9.546896
11.459063
12.018786
11.790734
11.267810
12.219699
11.697950
.747782
11.575435
11.575435
12.443982
12.443982
11.400631
12.380775
12.443982
11.400631
12.380775
12.140573
11.662122
11.475289
11.780210
11.780210
9.883553
11.460076
11.460076
10.017037
10.017037
11.423956
12.362181
12.362181
11.625758
10.716075
10.716075
11.618194
11.936879
1011.176002
11.598670
11.622627
8.378832
13.266622
6.477960
11.308720
11.702641
12.356925
11.462910
11.462910
11.932423
12.410982
11.414915
11.043781
11.219959
11.799431
12.490362
10.337605
11.915838
11.809989
12.156279
11.424572
8.620000
11.534331
12.385575
11.472332
8.402929
9.983887
9.983887
12.228385
11.144106
8.778382
11.307445
11.775428
11.591050
11.591050
12.596456
11.611426
9.299795
11.974814
11.563094
12.284353
12.158250
11.729698
11.581734
11.627705
8.299369
12.206400
11.675235
11.886413
11.886413
11.589714
8.271437
11.345115
8.762932
8.762932
12.457697
12.457697
11.830835
11.830835
11.476231
11.830835
11.476231
12.267922
11.830835
11.476231
12.267922
11.477103
12.291667
.736343
11.395555
11.640470
10.545056
11.892135
9.520763
9.520763
11.595677
10.374238
10.000609
5.669669
12.584641
11.610759
9.407555
9.407555
11.909287
11.157248
10.008222
10.008222
11.239097
11.724552
11.086961
306955
306955
11.608350
11.608350
11.330467
11.330467
10.640095
11.652152
7.852822
11.652152
7.852822
6.319886
12.009446
11.450943
11.450943
11.361259
11.361259
11.563393
8.272923
11.611520
10.349453
10.349453
10.062145
12.287877
11.435148
11.580985
11.976808
12.343495
12.351337
11.625540
11.068773
6.009590
6.009590
11.655036
11.404807
11.168900
11.358808
11.814006
11.402562
7.472511
11.375176
11.375176
8.228107
11.979758
11.057205
11.992834
12.212319
11.639578
12.625352
10.604833
10.604833
11.020371
11.020371
11.020371
12.494270
11.908902
11.020371
12.494270
11.908902
11.020371
12.494270
11.908902
12.315984
11.845911
12.803271
10.941977
10.941977
11.477944
11.397618
11.397618
9.801688
10.695232
11.861827
11.861827
11.053833
12.387033
12.007686
11.611738
9.170549
12.341784
12.376279
8.629840
12.354363
11.890582
11.544292
12.207256
11.895090
8.820529
10.271252
11.684114
12.139332
12.277765
10.681979
10.681979
11.334283
12.073741
9.079772
12.881269
9.498953
9.498953
11.602771
12.241796
9.489357
7.954712
11.430834
11.829759
11.829759
11.754304
11.754304
11.196827
10.593346
8.349456
12.177614
11.584944
12.448083
11.974633
11.974633
11.718152
11.718152
11.670003
11.245334
11.754379
11.634757
12.403965
7.455153
12.438187
11.715362
11.892907
11.178840
11.240518
11.240518
11.560802
8.452735
11.560802
8.452735
11.560802
8.452735
11.554944
11.560802
8.452735
11.554944
12.148018
6.490551
11.014287
12.032063
.124402
.124402
11.795663
12.001117
8.765799
11.166167
11.401078
11.401078
8.134495
12.475931
10.969132
11.553455
8.440330
11.306907
11.353053
9.316670
7.603576
9.316670
7.603576
11.642302
12.384956
10.922492
10.922492
8.184616
5.861950
11.667183
11.384626
11.937243
8.818405
11.317443
11.451628
12.186968
11.307277
11.657046
12.369719
11.712417
11.653291
11.225986
12.066675
12.303902
8.550466
11.283123
11.428130
11.388763
12.166117
11.067280
11.067280
10.198456
10.198456
11.121886
11.356525
8.231282
6.415331
6.415331
12.348722
11.704985
11.704985
11.417780
12.147115
11.668780
10.815798
10.815798
12.281862
8.630119
12.281862
8.630119
7.727187
6.495180
11.819801
12.659426
11.868329
12.332569
12.332569
12.266459
12.322583
12.332569
12.266459
12.322583
12.332569
12.266459
12.322583
11.103581
12.300052
12.300052
.010205
11.528683
11.656968
11.950025
8.907271
8.907271
11.791699
10.690870
11.753395
8.120729
12.374714
12.374714
12.064872
6.135566
12.064529
11.721471
11.905414
11.031524
11.031524
12.321482
11.718511
.771422
11.835110
9.091467
11.967584
11.624295
11.684419
12.456582
11.748955
11.785351
8.613285
12.271386
12.271386
12.149248
11.991256
12.877528
11.232356
11.625522
11.635394
9.149134
8.012025
8.957110
8.957110
11.732063
11.311273
11.311273
11.769049
12.370307
8.250115
10.889561
12.116254
11.359128
11.346473
12.085225
12.017398
12.371254
11.332094
12.536805
11.241052
12.276344
12.198514
7.082585
12.198514
7.082585
12.641557
12.242986
10.920456
11.530382
11.530382
11.530382
12.391321
8.656954
11.530382
12.391321
8.656954
11.530382
12.391321
8.656954
11.467490
13.736784
11.601509
11.489954
12.471042
11.208263
11.896120
10.987426
11.710560
11.710560
7.881117
7.881117
11.831435
11.933280
12.335069
11.410446
11.866004
11.866004
10.759266
8.262848
11.665309
11.967875
10.310334
7.326353
10.310334
7.326353
11.008409
7.799083
12.131741
11.910737
11.397391
11.798031
11.798031
11.695254
10.542748
10.542748
12.336409
12.503251
12.379713
11.775883
11.905374
11.558838
11.580770
11.340458
11.536522
11.671772
11.489852
10.735239
10.735239
10.883310
10.883310
11.395541
11.453396
11.826608
11.443642
11.223399
12.278366
12.278366
12.581750
12.352319
11.892435
11.722182
9.949556
12.292744
11.122459
11.467322
12.350386
11.199436
11.952913
11.763438
11.791361
11.703557
12.361877
12.361877
12.286140
12.361877
12.286140
11.413193
12.361877
12.286140
11.413193
11.752578
11.533802
11.284509
12.379536
12.084267
8.452129
11.984344
8.452129
11.984344
12.338046
12.473818
12.221887
8.261934
10.476291
6.621300
12.357141
724877
12.200851
724877
12.200851
12.347178
12.347178
11.173058
11.173058
11.727861
11.727861
11.733251
12.335056
11.746764
8.009789
11.746764
8.009789
12.186994
8.931937
6.814265
11.548373
11.790307
9.146457
002371
11.624055
11.523258
11.730893
11.310661
11.310661
11.258781
11.849386
11.849386
11.414725
11.466921
10.430896
10.430896
8.215999
11.495957
11.769274
12.467498
10.312235
12.334213
11.699846
10.740483
11.647198
11.647198
10.269242
7.485680
7.485680
12.544118
7.485680
12.544118
11.747415
11.821159
10.101499
12.263795
11.025480
11.409162
11.409162
11.453283
11.453283
11.399940
12.273977
11.463308
11.928082
11.473896
8.449666
.703163
11.421211
11.766925
11.766925
11.376135
11.510100
12.073321
12.379540
12.348203
10.468016
12.348203
10.468016
12.348203
10.468016
12.242731
12.348203
10.468016
12.242731
11.487786
11.178599
10.375850
10.375850
8.178741
10.963642
9.807205
8.647371
11.286790
11.578394
11.366043
12.209185
11.507349
11.610994
11.328578
11.562293
11.562293
11.476023
6.584607
6.298967
11.769871
11.251794
11.251794
11.819012
11.853128
12.332033
12.238799
11.439066
8.303753
11.451256
11.841401
11.841401
11.769176
11.989445
11.544488
11.892399
11.892399
11.610141
12.322499
11.400131
11.400131
11.881210
11.662753
12.036603
8.460441
11.842924
11.528585
11.528585
11.208601
11.739331
11.046510
12.311005
10.531525
9.448702
11.444954
11.759372
12.313220
11.392753
11.768112
8.612059
11.926469
11.935777
12.369584
12.395238
12.384870
11.811275
11.517270
8.458661
8.458661
12.301601
10.243049
8.458661
12.301601
10.243049
11.459268
11.218404
11.569138
12.038045
11.407123
11.768559
11.785640
11.920278
8.765715
11.307574
7.502912
11.607321
12.158714
12.158714
12.247613
9.928341
9.928341
11.045763
11.045763
8.050306
12.390133
10.746231
11.809791
12.072871
7.314055
11.579293
10.489411
10.489411
12.025897
11.527155
712.482442.
229973
11.559680
6.755940
11.824053
11.060368
11.266552
8.850837
11.987598
11.726287
11.726287
12.223996
10.895754
10.895754
12.336142
12.293744
10.896782
9.975898
10.926060
12.224925
12.357484
11.605552
11.803287
12.504152
12.074118
9.008726
12.085296
12.011429
12.267772
11.479611
11.042789
12.309024
11.591726
7.203188
11.591726
7.203188
11.898241
128..953162130117

11.651673
12.288173
10.748799
11.553831
11.573836
11.750322
8.885966
11.750322
8.885966
11.750322
8.885966
8.220736
11.750322
8.885966
8.220736
12.330796
11.593239
9.962210
9.962210
11.567869
11.730495
11.730495
12.205083
11.518209
.954095
.954095
11.732137
11.041932
11.041932
11.780396
11.066237
12.235065
11.730648
11.730648
11.539569
8.199200
11.077596
11.986411
7.732920
10.502701
9.986166
12.136194
10.671223
12.394534
10.855183
11.863181
10.310489
11.406143
12.193449
11.410812
8.405472
11.410812
8.405472
11.648678
12.369312
6.319631
11.468129
6.319631
11.468129
12.293967
6.867176
12.210851
6.867176
12.210851
11.394190
11.394190
11.597275
11.597275
11.515126
11.989000
11.989000
11.573668
11.459661
11.185044
8.424940
12.370420
11.834946
12.213119
11.649996
11.811047
11.775565
11.330212
11.798904
11.307620
11.307620
13.113942
10.472751
11.307620
13.113942
10.472751
11.307620
13.113942
10.472751
11.320126
12.329790
.811835
11.488553
11.027725
11.027725
9.909396
9.909396
11.130441
5.390989
12.476463
12.271558
12.303498
11.367295
11.821878
11.821878
11.761853
12.395901
11.954629
12.395564
11.194765
11.194765
9.115228
6.598347
6.598347
12.517438
11.505603
12.368215
11.462379
5.406134
11.922748
11.788912
11.788912
11.321311
9.187119


7.932954
9.973362
12.403356
11.578349
11.578349
12.395550
11.384959
11.517513
11.670702
10.154168
10.154168
11.394492
17.726600
12.132169
11.827755
11.661432
9.655883
9.346762
9.346762
10.522808
10.522808
11.546161
10.998171
11.383903
11.888017
11.187212
11.422601
12.069336
12.244761
11.280487
12.010481
11.539306
12.304935
12.217522
11.596613
10.891933
10.891933
11.518307
11.377157
11.686249
11.381563
11.746343
11.982498
11.337271
12.271893
12.280528
12.494340
12.058445
8.470496
11.617824
11.599738
12.365509
12.318512
12.318512
11.560327
12.263112
12.263112
11.277163
12.263112
11.277163
11.855333
8.912615
12.263112
11.277163
11.855333
8.912615
6.352639
11.368940
11.368940
11.139833
11.139833
8.222575
11.241065
12.341799
12.341799
11.377389
8.756086
6.228996
11.475550
12.021854
8.738165
11.849711
11.849711
10.983498
10.983498
11.507575
11.655612
12.585182

12.351452
11.050444
11.810420
11.810420
8.148216
11.514849
11.875460
11.881921
11.259581
11.259581
9.923732
12.116402
12.116402
11.207134
11.207134
11.387150
9.038203
11.190861
11.507944
11.373730
11.484621
11.484621
7.787200
11.490123
10.786266
11.770958
10.501512
10.501512
10.005929
11.753140
11.855109
8.303403
5.878003
11.791422
5.878003
11.791422
11.461416
11.461416
8.558873
7.735741
6.050464
6.050464
6.050464
6.073291
11.799035
11.749850
11.718888
12.504132
11.973902
10.568421
11.440585
11.188374
11.826282
11.548496
12.034783
10.941087
11.455929
10.559022
10.559022
11.840976
11.496584
11.667734
11.356613
8.215572
11.599198
11.599198
12.722953
11.750502
12.722953
11.750502
12.722953
11.750502
10.953037
12.722953
11.750502
10.953037
11.602977
12.342684
12.351793
5.893205
11.615359
11.503482
11.518706
11.518706
9.863569
11.547240
11.417228
12.350258
11.086857
8.226146
11.587398
11.587398
8.579531
11.172177
9.534483
11.855354
10.073605
10.073605
11.162856
12.410368
11.842888
12.294217
11.227186
12.308218
8.464472
8.464472
11.748556
11.748556
12.546199
11.608788
12.371987
10.863504
11.702519
8.467814
11.702519
8.467814
6.703095
12.814208
12.468467
.376434
11.271259
11.271259
11.001720
11.608860
11.443066
11.720587
11.464960
9.212942
11.497218
11.424562
11.424562
12.297355
12.248842
8.395148
6.636345
6.636345
11.735797
8.030168
10.317393
11.348930
11.348930
11.609511
7.877623
11.699540
11.819681
11.854267
11.854267
11.350030
11.387840
11.144514
8.912158
11.405682
11.405682
12.651047
11.344185
8.641684
11.453868
11.453868
11.453868
12.358293
11.789919
11.453868
12.358293
11.789919
11.453868
12.358293
11.789919
12.484706
11.672568
10.817615
11.497257
11.497257
12.387992
11.377609
11.377609
11.107886
11.107886
12.453728
8.332614
11.868753
6.700741
11.868753
6.700741
10.425747
10.425747
11.540328
11.948024
11.564877
8.074777
11.687626
11.687626
11.525234
12.530868
11.369584
11.104527
11.104527
11.486242
12.317800
7.668096
14.058867
7.668096
14.058867
10.559055
10.559055
11.583463
11.583463
11.830965
11.332600
8.602986
11.433059
11.433059
10.457303
11.840823
12.405383
9.024476
12.301311
11.130034
11.130034
9.384900
11.405791
11.533823
11.863271
11.107854
8.289532
11.547753
11.696432
12.126455
8.565558
12.412878
12.468186
11.230837
8.715953
12.449645
8.715953
12.449645
7.978439
12.249229
12.324971
9.554867
7.327952
11.744268
11.744268
11.892478
11.892478
712240
12.328968
12.328968
12.099536
12.256042
10.764492
11.709649
11.402201
11.192812
11.668869
12.211682
12.212574
11.017709
11.017709
11.859434
11.859434
12.257400
11.859434
12.257400
11.369125
11.859434
12.257400
11.369125
13.094538
11.607404
12.757411
10.733738
11.626271
11.192878
11.533136
11.533136
11.251753
11.267174
11.565817
11.184507
11.187318
11.187318
12.349059
5.611533
11.414317
5.611533
11.414317
11.648363
11.433204
8.114092
11.863041
11.423157
8.298029
12.452555
9.550037
11.697112
12.403925
11.542546
11.542546
11.946540
11.632613
9.072061
11.964283
12.281316
7.989139
11.715484
12.245269
12.051807
9.665742
12.100562
8.019590
11.988766
11.851652
11.851652
10.106768
11.709465
12.225976
8.013414
11.360284
11.557039
11.557039
11.457016
12.567522
11.925262
12.637625
11.534863
11.550031
11.948085
11.708833
7.987428
11.398512
10.719855
11.698226
11.375736
11.465420
11.465420
12.236328
18.264239
11.343569
7.484382
12.348603
12.348603
7.517898
10.905513
8.843175
7.779418
8.843175
7.779418
8.843175
7.779418
12.386340
11.949654
11.949654
12.485989
11.193219
11.949654
12.485989
11.193219
11.949654
12.485989
11.193219
12.380936
11.252952
11.252952
12.808519
11.521580
11.391818
11.801576
11.526772
11.205978
12.291733
5.719793
5.719793
12.087551
11.146645
11.146645
11.576146
8.714290
11.377010
11.376839
9.770808
12.574439
11.839497
11.082816
11.082816
11.190118
11.190118
11.524892
11.746115
7.853078
11.516938
11.516938
11.327496
8.606006
11.616128
9.024556
12.193923
12.191715
12.229721
12.229721
6.664584
6.664584
11.614456
12.339024
11.522376
8.633227
11.502536
8.199376
12.301962
12.195543
11.655183
11.776845
12.083608
11.691683
11.832345
10.981203
8.642754
12.055961
12.055961
11.466246
11.308627
11.290840
11.290840
11.665874
11.857055
8.925420
8.925420
12.167557
12.313038
11.401825
12.397740
.096720
12.291193
9.891713
12.291193
9.891713
12.291193
9.891713
12.331614
10.773177
12.291193
9.891713
12.331614
10.773177
.475161
.475161
5.812857
11.734079
11.251904
11.251904
10.501304
11.881861
12.158954
11.099190
11.064575
17.741398
12.513663
12.181954
17.741398
12.513663
12.181954
10.738479
10.866999
11.133636
11.509236
9.070831
11.901249
11.552133
11.367665
11.489381
11.489381
12.357813
8.625222
10.478286
10.478286
11.736783
10.104184
10.104184
11.914275
11.008913
11.362340
10.357032
10.357032
11.989206
10.565551
10.565551
11.471397
7.838638
11.413893
11.413893
11.434076
11.434076
10.392498
10.654252
10.083505
10.083505
10.743104
11.468440
12.028848
12.693892
11.480720
11.119023
11.505952
11.057001
8.357081
11.203475
7.951961
11.462665
11.462665
11.928809
12.338961
5.327238
11.802178
11.802178
11.089817
12.189674
11.813292
11.628078
12.375483
7.228632
11.976568
11.337423
11.337423
11.765537
9.693024
9.693024
11.478694
9.600704
11.867711
11.867711
12.371440
9.131228
11.867711
12.371440
9.131228
11.867711
12.371440
9.131228
10.634941
11.695524
11.701706
11.393860
11.618482
10.635625
8.421889
11.976362
11.844091
12.182453
11.394005
11.427462
11.552869
11.552869
10.943259
11.249495
12.136791
11.203876
10.949018
10.949018
11.460235
9.075209
11.489648
12.574864
12.467652
11.753832
8.315992
9.041836
11.597113
11.597113
11.753442
10.838912
10.838912
10.676841
10.676841
11.597322
12.253052
12.248042
12.339690
11.403094
11.403094
9.085372
12.283851
12.075684
11.912683
11.881404
12.132579
11.808812
12.468562
12.370070
11.374783
11.844938
11.889504
12.248463
11.927286
11.719869
11.719869
8.757620
11.516655
10.909811
11.638439
11.771130
11.771130
10.439090
10.439090
12.404708
11.380745
12.368359
11.730808
11.283623
11.749217
7.505875
8.941139
8.941139
11.416967
11.609396
12.466386
11.270748
12.137772
12.048168
8.370484
11.795412
11.795412
12.456123
11.623939
12.205722
12.407591
8.232637
6.377934
11.436205
6.377934
11.436205
12.032435
12.033566
12.033566
11.086952
12.023101
11.329419
9.083282
11.301123
11.401818
11.841915
11.696062
12.282710
12.282710
11.471146
17.651205
12.282710
11.471146
17.651205
12.282710
11.471146
17.651205
12.388553
11.974010
.375070
11.555681
8.005006
10.343379
592652
592652
128..331750418561

12.452837
11.374987
12.369432
11.826345
11.740953
12.197738
10.650274
13.661682
11.626776
11.432918
11.432918
11.810456
7.930733
12.305548
10.659357
10.659357
11.759882
8.084133
11.207537
11.751086
11.541564
10.690502
10.690502
12.343694
8.080050
6.631571
12.297053
11.861405
12.262742
11.710430
8.181268
11.710430
8.181268
11.676471
10.741578
11.381316
11.725778
9.744011
9.744011
9.939268
9.722370
11.611858
11.658409
10.534751
10.534751
11.179890
11.179890
12.300597
7.644791
11.446436
12.279324
8.119065
.327107
11.653050
11.776995
7.466596
11.267186
11.267186
12.537932
12.259739
8.278383
8.978492
6.246565
6.246565
12.115017
12.655757
11.046944
11.046944
11.523964
11.523964
11.638306
11.638306
9.917623
5.256992
12.338431
12.338431
11.922900
12.338431
11.922900
12.382084
12.179008
12.338431
11.922900
12.382084
12.179008
11.176136
11.209392
11.209392
11.435139
12.400861
11.976906
11.387236
11.387236
11.342707
11.042436
11.042436
11.367700
10.333777
10.333777
11.699234
12.343271
12.343271
12.657580
8.931185
11.261320
10.655029
11.569600
11.569600
9.847941
8.509244
11.644629
11.060073
11.060073
11.279583
11.516611
11.516611
11.599843
8.106534
11.457494
8.250690
10.952294
11.362119
11.892716
12.240703
8.647053
11.362073
8.198594
11.583206
11.734195
8.330968
11.720243
11.097025
11.696806
11.914736
11.138852
11.466781
11.320024
11.320024
11.845669
11.114998
11.227911
12.424727
11.561683
11.566487
11.798384
12.396308
11.226150
11.408051
11.558017
11.558017
.956063
12.425204
11.922255
11.981856
12.288957
8.241111
11.584127
11.584127
11.795120
8.876421
11.714813
11.475270
11.198008
11.198008
11.345705
11.345705
11.345705
12.309493
8.210098
11.345705
12.309493
8.210098
11.345705
12.309493
8.210098
8.707983
11.852525
7.735120
11.646285
11.276920
12.434104
11.658093
11.452616
11.670827
7.610415
11.390822
11.523296
8.159237
12.013395
11.526742
8.264825
11.526742
8.264825
11.545448
11.569937
12.313702
11.353798
11.403596
11.277782
9.466238
12.243312
11.448604
12.492004
7.528400
11.303633
7.528400
11.303633
11.716666
12.291155
11.400201
7.932942
12.373186
8.901169
10.598772
11.804980
12.486583
8.497464
11.948966
11.251764
11.891325
12.173050
11.932482
11.615382
11.230744
11.856611
11.856611
11.633607
11.740133
11.665290
12.575832
8.151198
6.754466
6.425821
6.425821
12.326272
12.556971
11.514406
11.652022
8.270944
6.657529
12.407241
7.446500
11.716313
11.692975
11.531354
11.531354
11.254242
12.270247
8.112172
12.270247
8.112172
12.270247
8.112172
12.286492
11.518438
12.270247
8.112172
12.286492
11.518438
11.539464
11.245748
12.535107
10.265646
11.303697
11.732279
7.278261
12.339561
11.371171
11.371171
11.285492
9.654794
10.922421
11.371734
11.733753
11.733753
11.490151
11.648218
11.648218
8.090839
9.571447
11.643096
7.868512
11.259740
11.387993
12.915387
11.428415
11.428415
11.625286
11.772427
11.442395
11.411276
12.263173
8.453093
8.453093
11.312567
11.482036
11.221319
11.221319
11.870494
8.870081
12.384122
11.897824
12.316244
11.580587
11.958447
11.249624
11.304108
11.304108
10.215110
11.498543
11.548203
11.548203
8.696525
12.124678
11.154028
12.498932
11.388616
11.645118
12.399001
11.446610
11.446610
8.203550
11.703303
11.635542
11.396147
10.933127
10.933127
11.385454
11.385454
12.212814
12.353112
12.320525
12.320525
11.469236
12.320525
11.469236
12.231762
11.553837
11.653543
10.947194
11.447715
11.426375
11.426375
8.534974
8.600487
6.674262
12.168941
6.674262
12.168941
10.866345
11.431664
11.682494
12.060265
12.486195
8.993418
11.703860
11.703860
11.482976
11.860150
11.860150
13.691719
7.892367
11.572346
11.571392
11.437331
7.947397
11.628165
11.825668
11.825668
11.099425
9.917630
9.917630
11.570924
11.570924
12.423447
9.034586
12.364383
19.231343
11.810487
11.810487
11.826564
11.296513
11.423147
11.331689
11.651568
12.348932
..139665
293402
..139665
293402
12.168433
.985448
.985448
11.661725
11.720820
12.319538
11.327230
11.327230
8.969847
11.722643
11.698155
8.252697
11.549072
11.685060
11.685060
11.371476
11.371476
11.338906
10.961102
10.961102
11.699748
9.153030
11.120317
11.771774
10.354601
10.354601
11.089250
7.682399
11.089250
7.682399
11.089250
7.682399
12.462330
11.385093
11.089250
7.682399
12.462330
11.385093
12.235509
11.678092
8.060662
11.678092
8.060662
11.248359
7.974645
11.248359
7.974645
11.501165
11.177768
11.244763
7.617213
11.244763
7.617213
11.509256
11.607516
11.607516
11.607516
12.273187
11.827003
10.982846
11.749577
8.030367
8.030367
8.030367
12.021576
8.147278
11.526069
11.526069
11.235133
11.235133
8.565318
9.957169
9.957169
11.380173
7.111562
12.470691
7.111562
12.470691
12.015710
11.973038
12.352230
11.418187
12.334337
8.349443
12.283824
11.259066
11.515914
11.505226
11.505226
11.486729
9.768935
11.715938
12.165015
9.846821
11.824163
11.661068
11.341302
11.341302
11.782516
11.498606
12.321991
12.321991
11.462279
11.620338
11.833238
11.478625
11.487112
11.561047
11.561047
11.727963
12.227141
9.143418
8.630432
11.517142
11.424536
11.424536
12.386721
12.408758
12.010132
12.399265
12.346864
12.285244
11.447114
10.801791
10.801791
9.973097
9.973097
11.416569
6.692602
12.433869
6.692602
12.433869
12.455416
11.421725
12.150034
12.299847
8.396756
11.522243
11.522243
12.302087
11.522243
12.302087
11.811490
11.522243
12.302087
11.811490
12.287785
11.697927
14.781785
11.685398
.579578
11.839793
11.859762
12.132807
11.366708
11.366708
11.464991
11.337313
11.654591
11.654591
11.435818
11.391486
11.027492
11.284916
12.335397
11.453310
10.778175
6.284983
11.768342
6.284983
11.768342
11.145849
11.145849
8.363591
13.868257
8.363591
13.868257
5.327992
11.410216
8.100059
12.263306
12.334295
11.661635
11.314312
10.511363
10.511363
11.114736
11.360625
7.712256
11.931049
11.178221
11.178221
11.903224
7.725332
11.841633
7.039917
7.039917
12.250521
7.661831
11.615807
11.394320
11.567358
11.460950
11.750558
8.204682
12.340847
8.204682
12.340847
12.144768
12.144768
11.750622
11.706012
12.611586
11.633435
11.694593
11.451114
11.451114
10.270496
11.352594
12.287768
11.414405
11.414405
12.072346
11.483262
11.414405
12.072346
11.483262
11.414405
12.072346
11.483262
12.331195
12.246875
11.414405
12.072346
11.483262
12.331195
12.246875
11.474782
10.891836
11.711061
11.396716
11.336345
8.176960
11.209522
11.777426
12.340284
5.779028
10.606470
5.779028
10.606470
5.779028
10.606470
12.386573
11.847486
11.847486
10.673413
11.752252
11.752252
11.735897
11.735897
9.681286
11.466926
10.441311
8.328701
11.707875
11.751132
11.751132
10.517297
11.550047
5.989603
11.550047
5.989603
12.335264
12.335264
11.315541
11.711197
11.711197
10.807839
10.807839
8.957556
10.552466
10.552466
12.131232
7.767154
12.131232
7.767154
12.567009
7.227604
12.399502
7.227604
12.399502
12.453357
11.608565
11.650158
11.740124
12.306791
12.158688
11.795336
11.795336
11.244508
11.191462
7.742962
11.576148
10.892109
10.892109
11.388072
11.388072
8.167805
12.578565
8.167805
12.578565
11.645692
10.601104
8.908714
12.322624
11.524383
11.950264
11.883512
.377131
.377131
11.481510
8.891611
12.339388
12.067254
11.661740
11.899407
11.899407
12.493345
11.712377
11.899407
12.493345
11.712377
11.899407
12.493345
11.712377
11.758130
11.737312
11.877763
11.877763
12.112099
10.170485
11.498476
11.498476
6.071375
12.144480
12.144480
11.488945
11.476388
11.476388
11.640295
11.640295
11.605889
11.605889
12.234924
11.652110
11.024466
.811441
12.366708
11.432831
11.432831
8.549323
11.087648
11.496305
11.615707
8.728171
11.468033
8.043898
11.468033
8.043898
5.362195
11.932626
12.313820
11.373378
12.399088
11.737238
11.937034
11.394790
11.626858
11.971240
11.656686
12.192659
11.850085
7.728181
11.554402
11.554402
11.697323
12.362534
11.397063
11.196757
11.232409
18.165238
12.323597
11.778355
11.930882
11.930882
7.911385
11.553092
12.222976
11.459760
12.317259
8.521813
6.560998
6.560998
11.210037
6.560998
11.210037
11.983047
11.182472
11.764204
7.424020
10.469542
11.003331
11.381121
11.492732
10.599800
10.599800
11.313341
8.506692
8.506692
11.723014
8.202567
12.465191
6.807025
11.696020
6.807025
11.696020
11.133871
11.133871
11.196952
11.334952
11.334952
11.729792
12.145207
11.513068
11.712001
6.754982
10.915939
12.501932
12.501932
11.493249
11.845421
12.363261
12.363261
12.253786
11.663887
11.749480
12.502552
12.502552
11.784255
12.349387
10.756520
12.241123
11.363905
11.363905
11.525191
11.525191
9.155104
11.306756
11.557290
7.973473
11.557290
7.973473
11.700842
12.281524
11.784363
11.029476
11.029476
12.285998
12.465500
11.503579
11.503579
.490540
.490540
11.519849
11.455633
11.664142
12.312512
11.323463
11.323463
11.379445
10.102923
10.102923
11.623343
11.623343
11.640064
11.868601
11.650655
12.011806
11.555667
11.861659
11.568256
9.114876
11.101717
11.101717
12.204963
9.678931
11.101717
12.204963
9.678931
11.101717
12.204963
9.678931
12.258672
5.723389
5.723389
12.312900
12.766552
12.493013
9.079667
11.497231
11.354986
8.411355
12.556762
11.900177
8.688032
6.400430
11.718614
11.885989
11.488048
11.318716
11.318716
12.290054
10.951700
8.168547
12.598477
11.346607
11.276367
12.401257
12.401257
11.185363
11.599875
12.317520
11.787617
8.118541
11.277856
10.473916
7.834646
11.677811
10.861153
7.502052
11.676471
7.502052
11.676471
11.719311
11.856487
11.617005
11.392512
10.769615
11.534539
11.488773
11.801902
10.724440
7.182348
7.182348
11.790105
7.775927
11.808524
7.775927
11.808524
12.672479
10.805437
8.646631
11.448819
11.005700
11.005700
12.088531
12.137864
11.647688
11.448832
7.073586
12.203490
12.530606
11.749315
11.283345
12.272466
11.755931
11.755931
11.614758
12.054269
12.290753
11.286960
6.687365
11.286960
6.687365
12.433025
11.286960
6.687365
12.433025
11.286960
6.687365
12.433025
12.415924
9.428535
5.908854
9.428535
5.908854
6.172101
11.724230
11.459260
11.200442
11.361748
11.098747
11.098747
6.937521
6.937521
11.617392
11.302926
11.302926
11.793955
11.308901
12.149019
11.736823
11.329915
11.329915
11.311790
9.050264
12.335384
11.620337
8.343865
11.345062
11.372205
8.182902
11.464820
11.088582
11.385248
11.006429
11.453293
11.179097
7.829168
6.268154
12.069168
11.487666
11.697135
11.788841
11.691197
12.888915
6.693266
12.032754
11.426045
12.253541
9.994917
11.394773
11.394773
12.157719
8.502662
11.535841
10.997924
11.334867
11.554278
12.259662
11.210564
8.191687
11.210564
8.191687
12.620225
11.759259
11.759259
8.538299
12.658905
11.499372
11.448481
11.774518
12.365660
7.727817
11.547783
12.390746
12.317952
9.379414
11.372115
7.945701
11.427318
7.824473
11.837724
5.978239
11.380578
11.528092
11.544319
11.687997
11.688161
11.688161
11.290873
11.290873
11.678339
11.917137
8.251742
12.411428
11.249626
12.398424
11.306807
11.883779
11.750513
12.014935
11.820055
11.820055
11.574805
11.574805
8.315490
11.574805
8.315490
11.805251
6.498545
11.805251
6.498545
11.805251
6.498545
11.486761
11.805251
6.498545
11.486761
11.438082
9.977503
9.977503
9.420018
11.569373
11.569373
11.712990
12.277124
12.277124
10.467777
12.391199
12.260487
12.150283
11.124214
11.124214
11.800018
11.173537
8.194602
11.846752
12.333137
9.722554
11.714431
12.097287
11.455209
11.429724
11.772802
11.772802
11.949855
8.770378
11.356684
11.478385
10.475172
12.568610
10.087509
12.345872
12.422469
7.517396
11.379700
12.318153
11.869786
11.515949
6.686691
6.686691
11.627475
12.312440
11.346641
11.365741
10.005932
11.475197
11.603927
11.522456
11.840156
11.519150
9.896754
11.595875
11.383856
11.836304
11.628096
11.933872
10.105011
10.105011
11.814338
11.603701
11.603701
11.667433
11.603701
11.667433
11.405842
11.603701
11.667433
11.405842
12.099764
11.674439
.024440
11.569588
11.990909
11.344287
11.061094
.217242
11.771062
7.295500
5.935580
12.004439
12.311690
12.311690
11.502890
11.502890
11.500803
10.568659
11.785452
11.692808
11.470202
10.018864
10.018864
11.357766
11.433645
11.902991
11.789847
12.287552
12.143275
12.143275
12.366675
13.785615
11.335715
11.772033
11.676288
11.676288
8.116526
11.925221
11.925221
11.153398
8.082730
6.046889
12.527128
11.703496
11.543357
11.543357
11.402686
9.037475
9.037475
7.440399
12.319871
7.440399
12.319871
11.225039
11.225039
11.538592
11.538592
11.398349
11.890280
11.292777
6.931689
11.303310
10.698122
11.846518
11.846518
11.581748
12.350994
11.370887
11.370887
11.261237
16.911856
8.916410
11.580219
12.745209
8.928808
12.435934
12.051609
11.534533
11.552668
11.064083
8.349091
11.608610
11.552031
10.926957
11.552031
10.926957
11.552031
10.926957
12.246866
11.552031
10.926957
12.246866
12.538436
9.644429
11.921642
11.437714
11.377014
11.622719
11.622719
11.463414
11.074261
11.499194
11.379635
11.572805
11.448021
11.448021
6.826381
11.542094
11.542094
12.220713
9.059893
11.881422
11.881422
11.538993
11.538993
10.310038
10.310038
9.851121
9.851121
11.369535
11.369535
11.560867
8.957938
11.698804
11.760172
11.760172
8.867369
12.330657
9.424507
11.703302
11.954889
5.934962
11.293273
12.410354
12.175179
8.474039
6.301857
11.435487
6.301857
11.435487
12.155212
5.743273
11.355402
11.355402
9.042835
9.042835
11.778696
11.228714
11.327077
11.532552
11.532552
11.448900
12.344960
9.227933
11.875908
12.516862
8.311521
12.516862
8.311521
12.516862
8.311521
12.487866
8.413698
11.278670
11.278670
11.517491
12.449747
11.277504
11.797334
11.208746
11.208746
11.302532
11.966379
11.776762
11.451562
12.280764
12.569907
11.703880
11.629530
11.961048
6.397229
11.893741
6.397229
11.893741
10.970587
11.576139
11.954941
12.045757
12.073705
12.073705
12.288780
12.073705
12.288780
11.355756
10.153558
12.073705
12.288780
11.355756
10.153558
1111.681645
10.182212
10.182212
12.229598
10.813735
10.813735
11.130717
10.414722
10.414722
6.862478
12.271753
6.862478
12.271753
10.986401
10.986401
11.704841
9.303053
10.896059
11.546395
11.546395
10.533075
812..330309266046

12.386467
8.438929
11.504126
11.841841
10.777555
11.724646
7.918919
12.137478
11.608515
11.479745
11.883620
11.021977
11.021977
12.332161
8.687723
8.284302
11.526290
11.662576
.660224
12.345279
9.859874
11.741159
12.269824
10.412860
11.695055
9.805479
9.805479
8.187756
9.805479
8.187756
12.367644
6.417242
6.417242
9.647843
11.640558
11.640558
11.687127
11.635757
8.505274
11.538764
11.322357
12.480192
12.402529
12.402529
12.055152
10.032252
12.402529
12.055152
10.032252
12.402529
12.055152
10.032252
12.367521
11.221215
12.223743
11.881778
11.559102
8.404086
5.910345
12.458439
12.252196
11.407776
8.536082
10.892650
11.431250
6.152146
11.703487
11.376058
11.376058
11.475104
11.430106
10.865513
8.416156
6.136033
11.336659
11.246950
.245796
.245796
11.699016
11.477374
10.694142
10.694142
10.511955
11.024753
12.291333
11.459798
11.458718
11.595173
11.486233
12.809952
11.275442
11.546772
12.319699
12.319699
12.322370
11.954471
7.797239
12.628882
11.760563
8.461828
12.330485
11.797864
11.773781
11.690152
11.948052
11.752637
11.705363
11.834953
7.500432
11.552640
7.500432
11.552640
7.500432
11.552640
7.760175
7.760175
11.637366
11.637366
12.169660
11.810899
7.851847
12.429175
11.887354
8.101467
11.730201
8.310613
12.061383
12.508986
11.586453
11.775326
11.478301
11.320072
8.622916
12.530090
8.294056
6.323672
12.102586
6.323672
12.102586
6.323672
12.102586
11.488903
11.727494
11.353808
11.295227
11.295227
11.422650
11.422650
9.666991
8.521124
10.522011
10.522011
11.451458
10.252841
11.236583
12.321270
11.800239
12.224920
11.642577
12.155990
8.207354
11.666931
7.732004
5.919771
11.148919
11.415700
11.742893
11.779191
11.797798
12.101430
11.396398
11.411449
11.746866
12.364455
12.323383
11.327862
11.238080
17.456103
11.709106
17.456103
11.709106
10.552683
10.552683
10.046838
10.046838
12.253012
12.474640
11.623924
12.352976
8.310726
11.336251
6.717006
11.336251
6.717006
11.686696
11.282478
11.677622
12.284441
12.385049
12.243419
11.723569
11.690154
11.867647
7.137457
11.867647
7.137457
11.511667
11.200181
11.636377
11.636377
12.348475
12.254866
12.822952
12.119621
10.963807
10.963807
12.354323
8.219762
12.255612
11.824731
8.173877
11.824731
8.173877
11.710290
11.462494
11.970192
11.508241
11.987922
11.731093
8.830428
11.376330
11.722606
11.722606
11.792324
12.427313
10.806267
10.806267
11.707174
9.977864
5.278826
11.516260
11.249408
11.258252
6.638398
12.312386
6.638398
12.312386
6.638398
12.312386
12.256105
6.638398
12.312386
12.256105
11.130315
11.287442
10.815101
10.815101
11.971002
11.377188
11.348814
8.066716
10.618239
8.503837
12.294296
12.035047
11.320367
12.241284
11.529548
11.508019
11.508019
11.534338
11.226446
11.079097
11.079097
5.929475
11.552742
12.456971
12.456971
11.596225
11.596225
7.861341
11.641000
12.294947
.420645
11.707566
12.224577
12.370033
12.016269
11.458192
11.514151
12.231985
11.491922
12.463904
10.950219
11.285781
11.285781
12.314516
11.098270
12.316970
11.197244
11.197244
12.079818
12.298633
12.171516
9.055956
11.718121
11.394266
11.944790
7.432733
11.723731
11.267157
7.770480
11.243664
11.243664
12.442404
10.223408
12.044102
11.746185
11.778602
11.742937
10.702897
12.183365
12.415531
12.194281
12.134666
10.775962
11.272777
11.272777
11.272777
12.433057
11.272777
12.433057
11.604699
11.272777
12.433057
11.604699
11.460535
11.555952
9.946588
9.946588
11.549878
10.146353
7.201232
11.727734
11.812465
11.480005
11.353252
11.353252
11.264457
16.766350
11.789933
11.789933
7.554985
6.687702
12.238466
12.313092
10.268535
11.867208
9.020582
10.582013
10.582013
8.311489
11.445080
11.445080
10.520713
8.197478
11.734100
12.277353
12.603059
11.708626
11.141206
11.049826
11.049826
11.782752
11.656533
9.648087
12.495503
11.422874
11.264012
11.264012
11.726802
8.055112
12.322262
12.369285
11.445317
12.426091
9.072001
11.606427
11.500001
11.500001
11.745436
11.711439
12.306675
7.241575
12.306675
7.241575
11.334820
11.884440
11.978582
11.870300
11.870300
11.279765
11.279765
8.241593
11.533341
11.396377
11.480814
11.248149
11.934829
11.934829
11.861469
8.517889
12.444989
11.247558
10.725233
10.725233
8.413675
12.205936
11.893488
11.579641
7.962034
11.623194
11.607198
8.788949
11.607198
8.788949
11.607198
8.788949
12.218853
8.669889
11.607198
8.788949
12.218853
8.669889
11.406125
11.636977
10.024769
10.823821
7.231880
5.680755
12.014189
11.805076
11.404366
11.404366
11.391740
11.173477
7.686321
11.564346
11.564346
11.017259
12.239642
12.290599
7.609382
12.290599
7.609382
11.631194
12.441807
11.527032
10.810893
11.510461
11.304481
11.889858
11.889858
12.373751
11.362712
11.405080
11.105882
11.105882
11.372623
11.881128
11.881128
11.337564
8.702771
8.702771
7.956753
11.048814
11.048814
11.984262
8.749112
8.327611
.471356
11.293178
8.418590
11.764167
11.334608
11.900912
7.535892
11.797338
7.535892
11.797338
.909446
11.708803
12.259881
12.259881
11.740016
7.549355
11.617468
7.549355
11.617468
12.264159
8.218067
11.460940
11.622217
8.302251
11.069807
11.834116
11.543464
11.543464
12.358063
11.837165
11.512828
11.681689
.421066
.421066
11.685228
8.763499
11.230406
7.253876
11.230406
7.253876
11.632798
11.199749
12.078247
11.668762
11.838723
11.407489
11.324125
7.608631
12.389653
12.381326
11.325617
9.244791
9.244791
11.482645
11.785519
12.484463
11.861775
12.484463
11.861775
12.484463
11.861775
11.960435
12.484463
11.861775
11.960435
11.584731
12.406528
11.271003
11.271003
11.441314
11.402225
11.698655
11.698655
11.213023
10.816588
10.239857
10.239857
12.379773
12.090114
12.408196
12.408196
11.645371
11.924686
11.290712
11.480993
9.174134
11.468844
12.611496
9.537946
9.537946
11.537943
8.023517
11.504455
12.418541
11.708479
8.647938
5.612772
11.565429
11.656261
12.395456
11.742411
13.100254
8.335993
11.476106
11.668081
11.303930
11.519896
12.243226
7.110420
12.265134
7.840302
11.614585
12.006832
11.827024
11.827024
11.288274
11.848083
11.317265
11.317265
11.865553
11.108942
12.343983
12.023331
12.389289
11.699923
11.103732
11.564242
11.704083
12.148809
11.193763
12.294748
11.219579
11.219579
12.156642
11.219579
12.156642
12.279265
7.459824
11.219579
12.156642
12.279265
7.459824
7.601422
12.327998
9.987543
11.894634
11.357453
11.636399
11.636399
8.914986
8.914986
12.456373
8.855373
11.723649
11.421750
11.421750
10.987397
11.068283
10.530405
12.075475
11.649371
12.272688
7.903297
12.239206
11.565923
8.049493
11.648333
11.048302
9.804658
9.804658
12.091207
11.065606
11.976974
11.196576
11.415710
10.926757
11.481144
11.070186
8.019676
12.171050
8.019676
12.171050
11.629508
8.217311
11.043469
11.043469
11.043469
11.345815
12.206375
8.563791
11.681840
11.825167
11.608761
11.562642
11.565619
12.202535
11.735845
9.770245
8.479101
11.356055
8.227092
9.531983
12.217636
11.654621
12.477851
11.850214
12.193896
11.841127
12.423159
12.394206
10.963912
11.314913
12.221790
7.027681
11.742794
7.027681
11.742794
12.678481
10.128349
11.388939
11.388939
11.378520
11.530722
11.530722
12.230139
9.862876
11.530722
12.230139
9.862876
11.530722
12.230139
9.862876
10.600868
11.760156
10.188557
10.781900
11.678909
9.302283
11.886796
7.423528
7.423528
11.554713
11.334216
12.080817
10.956822
10.956822
12.278207
11.805777
9.979944
12.298410
11.439807
8.828592
11.167993
11.167993
11.568756
8.222652
6.692373
12.402665
11.246005
11.774017
11.774017
11.199176
11.199176
11.418255
11.418255
7.615441
11.251866
11.099694
12.284698
9.171071
11.907303
11.907303
12.442797
10.692578
12.066490
12.066490
11.354104
12.108388
11.659300
8.231722
11.952643
12.396409
11.489165
11.730348
11.642114
12.129948
.644286
.644286
11.214895
11.521028
9.162680
12.057616
11.909806
140888
140888
12.379350
11.360151
11.333240
12.276583
12.223053
11.802513
11.802513
12.479161
12.617267
11.802513
12.479161
12.617267
11.802513
12.479161
12.617267
12.487624
11.618020
12.355642
12.139457
11.515446
6.414335
10.226028
10.226028
11.175178
11.367455
10.317556
10.317556
5.278555
5.278555
12.394330
11.394739
11.394739
8.898566
12.052850
12.052850
11.245880
11.581241
11.341104
12.305595
11.329491
11.944809
8.451107
11.443510
10.377347
10.377347
8.185503
11.642206
12.311418
11.769845
11.644214
10.760545
10.760545
8.563021
6.704681
12.317828
12.300780
12.169332
11.415832
12.293394
12.293394
8.590805
11.467611
11.467611
11.511491
11.832853
10.912214
11.434693
11.769054
11.991640
12.294191
10.801090
11.600851
11.636289
9.785706
11.246752
11.246752
12.075867
12.003451
6.852469
12.286915
6.852469
12.286915
11.481400
10.877029
10.877029
11.451450
12.097773
7.551763
11.434377
11.434377
11.629529
10.982335
10.295049
10.783882
10.783882
11.460205
10.783882
11.460205
11.673556
9.549793
9.549793
12.531382
10.217255
10.217255
11.926489
10.952909
12.280207
11.657037
11.897705
10.987322
11.769864
9.678047
11.459652
12.238103
10.915873
7.731107
10.001684
10.001684
11.450847
11.380853
11.380853
11.518935
9.598427
6.364740
6.364740
12.104434
12.104434
11.772126
11.539852
11.436471
12.333540
11.706740
11.588381
11.513489
11.760957
12.255266
11.676303
10.162706
11.591043
7.646188
11.885236
16.639848
11.581820
11.585028
11.210397
12.033591
12.010059
11.938326
11.405153
11.045200
11.989826
11.680183
12.326180
11.522270
11.473409
11.358578
11.358578
12.259108
8.208774
6.238613
12.286822
6.238613
12.286822
6.238613
12.286822
12.258282
11.370439
11.015132
12.104100
12.594349
11.792486
11.792486
12.005355
12.587678
12.309125
11.392688
11.633236
11.633236
11.458550
11.961142
10.064117
10.064117
11.794084
11.655650
6.708499
6.708499
13.745849
13.745849
12.593179
7.804663
11.692988
7.804663
11.692988
12.119513
11.488422
11.488422
10.716170
9.084770
9.084770
7.935366
12.386742
11.420030
8.475280
11.420134
11.420134
11.245231
10.520030
12.483301
12.483301
10.686211
7.159684
11.864324
11.473048
11.473048
11.188022
12.224411
8.242082
11.807826
11.607357
11.554417
11.601487
11.570585
11.823456
8.472300
11.823456
8.472300
11.154194
11.154194
422980
422980
9.963527
11.590047
10.100171
10.100171
11.144199
11.340326
11.809531
7.266938
11.809531
7.266938
11.809531
7.266938

11.439641
11.439641
12.388214
8.916870
12.388214
8.916870
12.388214
8.916870
11.965523
11.684071
11.072927
11.732206
11.957369
10.053783
11.670940
11.711508
11.393588
10.658573
10.658573
7.245700
11.516215
11.504403
11.504403
8.155452
8.141915
7.484717
11.454885
10.621424
11.051848
11.782281
11.782281
11.675318
11.743242
11.253154
6.014879
6.014879
12.341670
12.435582
11.171284
11.171284
11.685175
11.735738
11.678119
8.215128
6.477834
12.307210
11.796586
11.796586
11.540931
12.034015
11.301078
11.301078
12.362886
11.127555
11.572289
11.333211
10.658783
12.121849
12.152141
8.465214
12.363725
11.241983
7.400495
11.395610
11.395610
11.548818
.072158
11.512177
11.512177
5.957182
11.562515
5.957182
11.562515
11.647035
11.926230
8.321002
11.926230
8.321002
12.346705
11.496926
11.683706
11.226081
8.086199
9.907988
12.268866
11.778555
11.838038
11.719036
11.719036
8.117940
12.089395
11.719036
8.117940
12.089395
11.719036
8.117940
12.089395
11.792456
6.062488
11.217718
11.329462
10.310894
11.602344
13.110350
10.645554
10.645554
11.624945
12.308099
11.939175
12.536626
9.184749
11.192777
11.192777
12.315681
11.346570
11.339460
8.710658
11.339460
8.710658
9.093725
9.093725
12.360285
12.360285
11.965952
11.490257
8.194905
12.350067
11.918827
12.442156
.061919
11.667610
12.386436
12.359353
9.027745
11.835180
9.554120
11.800051
7.950999
11.782135
6.313469
11.782135
6.313469
11.412185
11.412185
11.330968
11.723157
12.234321
12.160157
11.044146
11.672292
11.637488
11.302497
11.365194
11.365194
11.222344
11.222344
11.206998
12.413237
11.054205
12.017099
12.045384
12.206447
8.097989
11.400119
12.311211

7.237438

7.237438
11.631678
12.132432
11.929166
8.340907
12.203542
8.478543
7.324198
7.324198
11.729317
12.202917
12.202917
9.272652
11.715301
12.202917
9.272652
11.715301
12.202917
9.272652
11.715301
12.268734
12.281831
11.409911
12.450615
11.576584
12.450615
11.576584
7.921412
12.450615
11.576584
7.921412
12.450615
11.576584
7.921412
11.395589
