4.913490
5.684650
5.684650
5.542699
5.526474
5.768736
4.876317
6.250608
4.904393
4.904393
4.904393
4.977342
4.977342
4.977342
4.890180
5.118253
5.118253
6.062904
4.998343
4.998343
7.701532
7.642008
7.642008
7.642008
4.917611
4.969904
4.973975
5.424657
5.594798
5.795679
5.536889
5.536889
4.922753
4.922753
4.922753
4.922753
4.909040
8.156491
8.156491
8.156491
4.989050
4.791129
4.791129
5.489122
5.262697
5.501696
5.176081
5.176081
8.533297
8.533297
5.047602
5.047602
5.046262
5.179337
5.197689
5.355765
5.355765
5.355765
4.837707
5.751687
5.751687
4.864780
4.864780
343097
343097
343097
4.846322
5.528945
4.999083
8.167489
8.167489
8.508978
4.682577
5.394228
5.394228
5.000556
6.387257
6.387257
10.123481
10.123481
4.946553
4.946553
4.860313
5.813608
5.813608
5.547313
4.794098
4.794098
4.794098
5.706166
5.681153
5.681153
5.017725
5.880707
5.377301
5.377301
5.688066
5.688066
4.945935
4.945935
5.597560
5.597560
5.014204
5.014204
5.014204
5.002450
5.002450
5.421335
5.583467
5.583467
5.583467
4.911809
4.911809
4.911809
5.437247
4.860729
4.786534
7.646716
5.183676
5.495439
5.170094
5.474720
5.474720
5.474720
5.591910
4.756231
4.756231
5.555453
5.555453
5.323140
4.754969
5.482161
5.482161
4.895268
4.895268
4.895268
5.244208
7.804821
7.804821
7.804821
4.955243
4.955243
4.960929
5.537038
5.537038
4.852086
4.852086
4.852086
4.937741
5.036568
4.834844
4.834844
6.198835
5.772860
5.772860
6.563242
4.831695
5.469258
5.384843
5.454055
5.256827
5.256827
8.144404
5.317130
5.317130
8.111967
8.111967
5.564850
5.564850
5.548369
7.477770
7.477770
7.477770
5.552883
5.552883
4.938836
5.942294
6.960589
6.960589
6.960589
6.960589
5.667043
5.667043
5.667043
6.199790
6.199790
6.199790
4.793660
4.857770
4.857770
4.857770
5.631724
5.303455
5.702662
5.702662
4.903786
5.200727
5.200727
5.200727
5.392676
5.321997
5.681382
5.681382
5.603812
4.991814
4.991814
5.347735
5.016958
5.016958
5.501455
5.501455
4.921122
4.921122
4.921122



7.108907
4.925082
5.037130
5.037130
5.037130
4.873104
4.873104
5.692299
4.885663
4.885663
5.257443
5.932224
4.727721
4.894086
4.894086
5.572721
5.572721
5.572721
5.651745
5.651745
5.651745
6.734134
6.734134
5.704623
4.915523
4.915523
5.091547
5.091547
5.726232
4.769723
4.769723
4.934333
4.934333
5.338113
156769
156769
156769
5.272631
4.915564
4.915564
6.603739
5.220838
5.220838
5.220838
4.834274
5.294384
4.937881
4.937881
5.640117
6.924536
6.924536
5.019181
5.019181
5.019181
5.919900
5.468620
5.462665
5.462665
4.854308
5.587866
4.814953
4.814953
5.347862
5.585610
5.624814
5.351595
5.351595
5.750238
5.320364
5.320364
5.323626
4.822654
4.977388
7.303038
7.303038
7.303038
4.852184
5.164383
5.164383
4.906319
5.036221
5.437033
5.437033
5.023797
5.023797
5.608422
5.608422
5.608422
4.892171
4.892171
4.921867
4.930755
5.550943
5.550943
4.916894
5.694596
5.694596
5.694596
4.812503
5.199345
5.199345
5.199345
5.474754
5.228379
5.205056
5.205056
5.560778
5.560778
5.016949
5.621841
5.700324
4.910609
4.804525
5.5.863249
5.653212
9.345215
9.345215
9.345215
5.521693
5.453490
5.337198
5.337198
5.337198
5.628175
5.628175
5.679186
5.292544
5.292544
5.349219
4.942303
4.942303
4.786293
5.367135
5.207919
5.207919
5.087392
4.842070
5.087392
5.879267
5.879267
5.604844
5.604844
5.542357
5.542357
5.525499
5.304094
5.304094
4.821307
5.936471
4.985885
4.985885
4.988290
5.632970
5.632970
5.509083
5.509083
5.509083
4.907690
7.418273
7.418273
5.300721
5.300721
5.303604
5.059701
55.588531
5.010791

5.596813




4.888191
4.888191
5.437420
6.730531
5.575778
5.575778
5.801162
4.923952
4.923952
5.699419
5.699419
5.401288
5.508816
5.508816
5.748844
5.748844
5.501853
5.919482
5.919482
5.566159
5.566159
5.566159
9.581950
9.581950
9.581950
5.555898
5.491807
5.047833
5.047833
5.479694
5.479694
7.240110
5.647231
4.964254
4.964254
5.253902
5.253902
4.845999
5.476700
5.339488
5.339488
5.339488
5.062054
5.164783
5.164783
4.718716
4.846077
4.846077
5.429534
5.018031
5.741701
5.364534
4.860913
5.413035
5.413035
6.111510
6.111510
4.882758
4.882758
4.882758
5.356013
5.356013
5.734934
4.679738
5.063813
5.055215
5.055215
4.913441
4.913441
4.913441
5.663990
5.663990
5.036106
5.036106
5.036106
4.852880
4.852880
4.856274
4.902296
4.884627
4.887412
5.599864
5.599864
4.943071
4.943071
4.943071
4.943071
5.313244
4.786321
5.199401
5.358635
5.358635
5.552538
5.552538
5.808504
5.489398
5.489398
5.300134
4.962944
4.962944
4.928523
5.369216
4.865781
4.865781
4.865781
4.800989
4.827068
6.493354
5.088892
5.088892
4.784337
4.784337
7.912140
7.912140
4.844197
4.844197
4.950521
5.455830
5.455830
5.455830
5.042440
5.298988
4.814887
4.814887
5.020877
5.020877
5.595862
5.242657
5.242657
5.428300
4.973100
4.973100
5.344363
5.344363
5.409161
5.409161
5.658964
5.658964
5.621923
5.686854
5.573824
5.155784
5.155784
5.367400
4.895622
4.895622
7.430568
5.224438
5.224438
5.224438
4.909191
4.874677
4.874677
5.126825
5.126825
5.020590
5.285567
5.285567
4.957238
4.957238
5.042086
5.042086
4.907082
4.907082
4.907082
5.049577
5.049577
7.852684
4.838160
5.568495
4.864031
4.864031
5.347346
5.347346
5.696006
5.058427
4.825274
4.825274
5.483951
5.483951
5.564856
4.855792
4.855792
4.867710
4.867710
4.867710
4.867710
5.659113
5.659113
5.659113
5.102845
5.102845
5.102845
5.029982
4.966527
4.966527
6.153871
4.974708
5.103594
5.103594
5.000606
5.000606
5.000606
5.435436
4.823786
4.823786
5.005270
5.005270
5.653218
5.348436
5.635236
5.635236
5.547225
5.547225
5.111285
4.746368
5.489405
5.536395
5.082433
5.000352
5.000352
5.454501
4.874071
5.454501
4.874071
5.061915
5.061915
4.800074
5.309674
5.091546
4.966426
4.966426
5.723529
5.723529
5.571708
7.344301
5.512534
5.512534
4.884217
5.596157
5.596157
4.833285
4.833285
5.255067
5.255067
5.273236
5.273236
7.252277
7.252277
4.935441
5.606259
5.637694
5.637694
4.966371
4.966371
5.397572
5.397572
5.397572
4.749862
4.749862
4.749862
5.108922
5.315457
5.315457
5.021272
5.021272
5.021272
5.619054
5.619054
8.181397
5.591260
5.591260
5.819776
5.819776
4.875380
4.875380
4.895427
4.942818
4.942818
7.686149
5.171505
4.857503
4.857503
4.857503
4.857503
5.033924
5.124183
5.124183
5.124183
5.473318
5.081960
5.390689
5.390689
5.370057
5.370057
4.821715
4.821715
4.911848
4.911848
4.911848
4.970754
7.7.321061
4.867160
4.867160
5.816162
5.816162
5.137716
5.137716
5.082401
5.082401
5.006644
5.006644
5.006644
5.006644
5.800070
5.800070
5.022291
5.022291
5.022291
4.799006
5.757069
5.824977
4.898743
4.898743
5.093661
5.093661
5.093661
5.187053
5.573930
5.485691
5.450327
5.450327
5.325859
5.247255
5.247255
5.735128
5.124669
5.124669
5.220107
5.220107
5.757079
5.025235
8.486336
8.486336
8.486336
8.486336
5.675696
6.080355
5.907178
5.941194
5.012486
5.012486
5.026533
5.026533
4.847923
5.818387
5.818387
4.829783
6.061670
6.061670
6.061670
5.369714
4.767928
4.767928
4.767928
5.006435
5.006435
6.162067
5.184669
5.494948
5.494948
5.745173
5.412305
5.412305
4.951182
4.951182
4.951182
5.183464
5.183464
5.699863
5.699863
4.923892
5.123918
5.123918
5.490107
4.831863
4.831863
5.516503
5.561241
5.211622
5.064280
5.535747
5.535747
4.815990
4.815990
4.921567
4.921567
4.921567
4.871998
6.695644
6.695644
5.372951
5.035665
5.035665
5.035665
5.035665
4.933582
4.977351
5.567685
5.813047
5.366483
5.366483
5.433250
4.906323
4.906323
4.856876
4.856876
4.856876
4.856876
4.856876
5.640223
5.640223
4.864891
4.941906
4.941906
5.068555
4.904398
5.027885
5.288092
5.195191
5.195191
8.144325
6.173456
4.925566
4.925566
5.590173
5.590173
5.566345
4.812727
4.772246
5.808097
5.808097
5.808097
4.811128
4.811128
4.859403
5.617404
4.854411
5.487460
8.133538
8.133538
5.262930
5.361041
5.361041
4.854050
4.854050
5.262669
5.563479
5.563479
5.126406
7.911191
4.920753
4.920753
4.920753
5.760971
5.760971
5.760971
5.531279
5.531279
4.984938
5.173556
5.173556
5.298605
5.298605


4.975407
4.975407
5.549826
4.854994
254965
254965
5.580050
5.580050
4.864976
4.864976
4.864976
5.184047
5.566050
5.046342
5.046342
5.046342
10.429773
5.039819
5.039819
5.039819
5.698023
4.873589
4.826755
4.830828
4.838960
5.051308
5.051308
4.942517
4.942517
4.823781
4.823781
4.862241
4.862241
4.833007
4.833007
4.924627
4.924627
5.704313
5.404928
4.996373
4.907008
4.907008
4.874891
6.899420
4.848486
5.842486
5.147971
5.147971
4.953455
5.005565
5.005565
5.931013
5.605508
5.294899
5.294899
5.534594
5.534594
5.720133
5.720133
4.895589
5.600740
5.600740
5.134622
4.897297
4.897297
5.681052
5.681052
4.908718
4.908718
4.877633
5.021532
4.889976
4.889976
5.333925
5.333925
4.946480
6.717737
6.717737
4.900241
4.844800
4.844800
4.844800
4.824389
4.824389
5.040094
5.615015
5.615015
4.858274
5.205955
5.205955
6.057693
5.207543
4.876475
4.876475
5.390693
5.390693
4.918165
5.578366
5.276625
5.276625
5.562567
4.879324
4.879324
5.500650
5.500650
5.282277
4.961258
4.961258
4.961258
4.961258
5.551553
4.886986
4.886986
4.886986
5.357144
5.357144
4.848489
5.370997
5.370997
5.370997
8.530019
4.944814
4.944814
4.912542
4.912542
4.912542
4.733789
9.167292
5.120181
5.461939
5.928520
5.928520
5.123161
4.981380
4.981380
4.981380
5.259954
4.930374
5.751073
5.751073
4.953620
5.154596
5.154596
4.928499
5.221524
5.221524
5.391416
5.557014
5.557014
5.557014
5.012783
4.976685
4.856211
5.480866
5.480866
4.893499
4.893499
5.211908
5.211908
4.925005
4.925005
6.536020
6.536020
5.174191
5.174191
5.174191
4.705928
4.705928
5.301738
7.311713
7.311713
7.993725
5.662890
5.297377
5.297377
5.297377
5.832613
5.539957
5.569792
5.644695
5.196627
5.196627
4.805435
4.805435
4.805435
5.450656
4.4.858367
5.284549
5.319159
5.130099
5.130099
5.130099
5.478829
5.478829
4.915111
5.061810
4.937242
4.937242
4.862271
4.904421
4.904421
4.823107
5.050591
5.400086
5.083426
5.083426
5.083426
5.083426
4.755983
5.263704
5.263704
5.432711
5.432711
5.502008
5.213364
5.213364
5.494520
5.494520
5.490776
4.883421
4.883421
4.883421
5.606627
5.815938
8.449480
8.449480
5.300157
5.588894
5.588894
5.588894
5.297482
5.292097
5.057029
6.337475
6.337475
6.337475
4.903950
5.032541
5.591844
4.892396
4.892396
4.892396
6.109576
4.802250
5.325112
5.325112
6.448751
6.111918
6.111918
4.878681
7.736360
5.533097
5.533097
5.570213
5.570213
5.560894
5.247934
5.247934
5.502632
6.362264
4.871334
4.871334
4.871334
5.880218
4.935732
5.072870
5.072870
5.302632
5.458803
4.861316
4.861316
5.312337
6.077217
6.077217
5.509304
5.671135
4.942697
4.942697
4.857259
5.135676
5.258690
4.838292
4.838292
4.838292
4.838292
5.160057
5.160057
5.160057
4.915737
4.773974
5.412621
5.096974
5.096974
8.196352
7.355560
5.512067
5.512067
5.512067
4.972889
4.897613
5.383037
5.383037
5.383037
4.760185
4.921632
4.921632
5.145436
4.903431
4.927380
4.927380
4.927380
5.412627
5.412627
6.605259
5.110799
5.340370
5.340370
4.893752
5.528616
5.450630
5.450630
5.878492
5.878492
4.915190
4.915190
4.757673
5.698630
5.698630
5.698630
5.321750
5.239848
4.840780
5.541041
5.541041
4.889580
5.271312
5.061438
5.061438
5.462149
5.462149
4.860304
5.545558
5.545558
8.833364
8.833364
4.853120
5.018429
5.018429
4.948637
4.962209
4.962209
5.326089
4.937455
4.918122
4.918122
4.918122
5.018474
4.876393
4.876393
4.876393
8.265036
8.265036
8.265036
4.878478
4.756283
4.852162
4.951097
4.951097
5.390065
5.390065
4.901059
5.456082
4.774640
5.236022
5.236022
5.541641
5.103147
4.859657
5.621729
5.621729
5.373189
5.745494
5.141725
5.639323
5.547785
4.956326
4.956326
5.314633
5.314633
5.314633
5.314633
5.045782
7.4.882141
4.981300
4.981300
4.981300
4.981300
6.154016
4.859768
4.938701
5.516979
5.516979
7.293420
7.293420
4.995981
5.649750
4.932095
4.788491
4.788491
7.454287
5.754320
5.660015
5.628344
5.628344
5.651353
4.715272
4.715272
4.715272
4.777324
5.394655
5.394655
5.394655
4.867842
4.867842
4.867842
4.864203
5.365719
5.365719
5.350824
5.350824
5.350824
4.691396
4.691396
5.633493
5.927816
5.927816
5.121203
5.121203
4.952538
5.125032
5.125032
5.125032
5.125032
5.033303
5.556478
4.900741
4.912783
4.912783
5.209247
5.209247
5.162943
5.852296
5.852296
4.843054
5.068372
5.179020
4.877226
4.877226
4.877226
5.534383
5.461841
5.661263
5.397554
5.397554
6.011959
5.765397
5.765397
6.619066
4.858961
5.125637
5.125637
5.125637
5.205220
5.205220
5.579302
4.944948
5.333527
4.949200
5.098783
5.098783
4.903687
4.902552
5.025074
4.875582
4.875582
5.525871
4.836136
4.836136
5.530588
4.887317
5.557327
4.888037
4.888037
5.285809
5.285809
5.570208
4.917856
4.917856
8.567534
8.567534
8.567534
9.683291
9.683291
5.558747
5.489830
5.048712
4.925682
4.925682
5.364449
5.364449
5.364449
4.928229
4.928229
4.995444
5.475723
5.113349
4.971016
4.971016
5.710421
8.123081
8.123081
5.064090
5.064090
5.072432
5.411020
6.248728
6.248728
5.173556
5.093702
5.093702
5.623973
5.372082
4.839326
4.839326
5.582624
5.113654
5.532354
5.384691
5.288428
4.813094
4.813094
5.442907
4.740917
5.604851
5.604851
4.862386
4.862386
5.582701
5.582701
5.582701
5.582701
5.322305
4.755403
5.450082
5.450082
9.902986
5.616859
5.616859
5.391640
5.066648
5.066648
5.654079
5.654079
5.512654
5.457414
5.109866
5.319797
5.319797
7.818667
5.428619
4.986148
4.986148
5.237739
5.237739
5.775075
5.278332
5.483059
5.483059
5.621332
5.249239
5.249239
4.941395
4.941395
6.612058
6.612058
5.035189
5.035189
5.035189
7.438390
5.596966
77.541315
7.541315
7.541315
5.004407
5.004407
5.004407
5.350287
5.350287
6.172197
4.821866
4.821866
4.884429
4.884429
5.505435
4.858995
4.888629
4.782440
4.895761
4.895761
3.678221
4.984029
5.473659
5.399522
5.666258
5.771504
7.280622
5.771504
5.804315
5.439329
5.439329
5.439329
4.869774
4.869774
4.869774
5.809384
7.918111
5.678914
5.138273
5.138273
5.138273
7.593709
7.593709
6.387910
6.387910
5.500584
4.842371
4.842371
5.323365
5.323365
4.876749
4.873207
5.138224
5.828229
5.828229
4.957501
4.900520
5.141411
5.025992
5.888210
5.740995
5.740995
8.113364
5.345019
7.415795
5.115201
5.115201
7.110559
7.110559
4.995148
4.995148
5.187890
5.689761
5.519425
5.999623
4.922024
4.922024
4.991676
4.991676
4.971124
5.271595
5.032514
5.271595
5.032514
5.619091
5.633287
5.529571
5.529571
5.529571
5.311318
5.311318
4.811383
5.571313
4.927621
5.571313
5.154735
5.280680
5.280680
5.280680
5.378044
5.342798
5.342798
5.521860
5.521860
5.695922
5.695922
5.183287
5.556452
5.694067
5.694067
5.266698
5.596507
5.596507
5.560220
5.560220
5.481933
5.481933
4.933829
4.876835
4.933829
4.933829
4.876835
4.876835
6.411941
6.411941
4.795770
4.863988
5.599738
6.004892
6.004892
5.842364
5.842364
7.275910
4.760560
5.604853
5.604853
5.528911
5.528911
4.865359
4.865359
5.429584
5.271107
4.988553
5.113226
5.113226
4.859411
4.859411
5.543374
5.543374
5.543374


4.961895
4.961895
5.613897
4.942507
4.942507
4.797301
4.797301
4.797301
4.877906
5.545279
3.945775
5.360047
4.904909
4.904909
5.436398
5.436398
5.433998
4.839572
5.022728
4.808955
5.259863
5.259863
4.927843
5.092690
5.092690
6.145321
6.145321
5.463681
5.294183
5.593365
5.279321
5.279321
5.277301
5.412634
5.412634
5.291677
4.838392
5.492761
5.492761
5.845176
7.425052
6.765438
6.765438
4.956314
5.174023
4.956090
5.490019
5.490019
7.519374
5.351322
5.351322
5.500122
5.500122
4.908794
4.908794
4.908794
4.996569
4.996569
5.593706
5.797953
4.867775
5.130428
5.831230
5.831230
4.821658
5.265394
5.265394
5.386431
5.372005
5.372005
5.536056
5.691122
5.439453
5.545264
5.218682
5.218682
5.420263
5.055094
5.055094
5.643660
5.643660
5.626953
4.918911
5.570691
8.617958
8.617958
8.617958
8.617958
5.700847
5.700847
633296
633296
4.812142
4.812142
5.657839
4.948056
4.948056
4.915279
6.821915
6.821915
6.821915
4.900181
5.569085
5.569085
5.673490
5.673490
5.673490
5.504243
5.189960
5.189960
5.484127
4.961216
5.421179
5.401172
5.401172
5.528566
4.900717
5.872732
5.872732
4.878625
4.878625
4.870844
4.870844
4.914781
4.914781
4.914781
5.951906
9.387538
5.329500
5.116589
5.116589
5.116589
7.554782
7.554782
5.388926
5.388926
5.336684
5.288571
4.834052
4.834052
4.898783
4.898783
4.898783
5.224659
5.224659
5.493262
4.866028
4.866028
5.042773
5.230912
5.230912
5.298742
5.298742
8.020616
5.676577
5.676577
5.101286
6.061734
6.061734
5.558444
4.878943
4.878943
5.576352
5.576352
5.659193
5.145268
5.145268
4.892326
4.970065
4.970065
4.970065
4.925886
4.811751
5.040835
5.274130
4.993847
5.284443
6.198113
6.198113
4.886566
5.024981
5.024981
6.585332
4.962220
6.555458
6.555458
6.555458
6.555458
55.300812
5.574366
5.574366
5.328333
5.328333
4.964346
5.170209
5.170209
5.276754
5.166600
5.166600
4.839239
4.839239
4.909108
4.909108
4.835126
4.855709
4.855709
5.790165
5.790165
5.584682
5.025534
5.023094
5.023094
5.023094
4.903938
7.353321
4.889931
4.891219
4.891219
7.367558
4.872488
4.872488
4.872488
4.848001
5.228302
5.228302
4.884210
7.774476
5.566947
5.566947
5.517498
5.461066
5.461066
5.670554
5.616915
5.616915
5.511382
5.092476
5.558733
5.452230
5.452230
5.452230
5.616646
5.598191
5.079192
5.079192
7.116454
5.079192
5.079192
5.103621
5.482506
5.482506
5.482506
5.683443
5.683443
4.960514
5.407475
5.407475
5.407475
4.872919
5.109584
5.223734
5.223734
5.223734
5.223734
4.922459
6.664660
5.473911
5.318384
5.318384
5.318384
4.866665
5.523766
5.523766
5.188061
5.021066
5.021066
5.021066
4.868620
4.868620
5.619894
5.619894
4.808023
5.498745
7.534127
7.534127
4.870058
5.427776
5.427776
4.942466
5.659491
5.659491
6.170566
5.659491
5.659491
4.940349
4.728479
4.728479
5.727767
5.494551
4.848515
4.848515
4.848515
4.991014
4.899860
4.899860
5.363684
5.682773
5.451390
5.451390
5.448602
5.356926
8.009322
8.009322
5.546844
5.100970
5.100970
5.100970
4.807042
5.471074
5.627010
5.627010
5.494267
5.388009
5.388009
5.388009
5.388009
4.865312
5.477371
4.857327
5.192028
4.821976
4.821976
6.513490
6.513490
6.513490
5.415586
4.867833
8.055415
8.055415
8.055415
4.840501
5.320496
4.840501
5.320496
4.872594
5.145364
5.145364
5.279050
5.537148
5.537148
8.177789
5.752445
5.752445
4.784411
5.361435
5.361435
5.361435
5.545880
5.371541
6.436634
5.528200
5.528200
4.844314
4.844314
5.152990
5.152990
4.876581
4.876581
4.876581
5.380482
5.380482
4.975841
4.921090
4.927797
4.961226
4.961226
4.911414
4.911414
4.916945
9.860990
5.365435
5.365435
4.814521
4.807383
5.318833
5.318833
7.543187
4.859793
5.816099
5.530890
5.530890
5.516472
5.516472
5.725916
5.215671
5.215671
5.215671
4.828620
4.828620
4.828620
4.828620
4.948003
5.565279
4.828231
4.828231
5.289489
4.884869
5.841313
6.174784
6.174784
6.174784
6.174784
5.525510
5.525510
5.525510
6.760832
6.760832
4.974355
4.974355
5.355846
5.154226
4.926392
4.926392
5.052046
4.906154
4.906154
5.176960
5.502937
5.607599
5.469194
5.559941
5.565650
5.565650
5.514833
5.325362
5.325362
5.325362
5.197020
5.197020
5.635151
5.635151
7.551175
6.007027
6.007027
5.832008
5.832008
4.979769
4.979769
4.979769
5.606506
4.856628
5.153104
4.934344
4.934344
4.934344
4.934344
4.925978
4.925978
4.918761
4.918761
5.067622
4.897772
4.897772
5.168785
4.960983
4.960983
6.107981
5.234716
5.570949
5.491787
5.772256
5.586118
5.112773
5.112773
4.893205
5.568666
4.781535
5.589615
5.431643
5.431643
4.971933
5.024998
5.024998
5.024998
5.215246
6.359989
5.227810
5.077281
5.199904
5.199904
4.934383
4.934383
8.353523
5.944253
4.989486
4.857681
4.888367
5.490671
5.490671
5.454518
5.083072
6.019974
6.019974
4.862489
4.862489
4.862489
7.602474
5.739719
5.388701
5.388701
5.437947
5.255970
5.255970
5.457163
5.501691
4.996973
5.425285
5.425285
5.425285
4.876081
4.879753
5.757613
5.169447
4.781588
4.781588
4.794131
4.946876
4.946876
4.946876
5.007962
5.007962
5.566645
5.566645
5.732542
5.153592
5.153592
5.153592
4.929814
4.929814
4.782294
5.547079
5.547079
8.094461
7.223757
7.223757
7.223757
5.460721
5.386753
5.386753
5.386753
7.472060
5.602234
5.025956
5.591694
5.693903
5.693903
4.834556
5.128913
5.128913
7.192362
4.775361
4.775361
5.570482
4.814732
4.814732
4.814732
6.142568
7.128183
8.020081
8.020081
8.020081
5.370014
5.398950
5.045630
5.045630
5.483745
4.886575
4.886575
5.451030
5.170443
5.170443
5.209608
5.209608
4.670125
4.670125
4.990083
4.990083
4.915305
4.915305
4.807790
5.459312
5.406025
5.406025
5.601684
5.003018
4.848553
4.805319
4.805319
4.805319
4.805319
5.007084
5.007084
5.693742
8.279214
4.922525
4.922525
4.922525
5.466241
4.975763
5.482856
5.482856
5.482856
6.506582
6.506582
4.890912
4.863166
4.863166
5.420295
5.248169
5.248169
6.585168
4.979624
4.979624
4.946540
5.473108
5.473108
5.316515
5.287725
5.752293
5.601146
5.601146
5.647994
5.647994
5.395841
5.620666
5.620666
4.947481
4.945864
7.910569
7.910569
4.946696
4.946696
4.946696
4.998193
5.282493
5.726431
5.726431
4.887618




4.952517
4.952517
4.952517
5.418258
5.418258
10.341014
4.729531
5.067621
4.802618
.898117
.898117
.898117
4.864127
6.046263
6.046263
4.963671
5.392247
5.391252
5.391252
5.377915
4.698753
4.698753
4.698753
5.693761
5.276669
5.276669
4.850282
5.006599
5.006599
5.372521
5.372521
5.547654
5.300399
4.813340
5.554888
5.554888
6.404641
6.404641
6.404641
4.997123
4.997123
5.618734
5.618734
6.089862
8.004003
8.004003
5.091924
6.210187
6.210187
6.210187
5.290769
5.290769
5.315071
5.786329
5.480116
5.606794
5.673902
5.673902
5.673902
5.477058
5.477058
5.400804
5.435663
5.435663
4.915508
4.915508
4.915508
5.529968
5.529968
4.964762
4.920850
4.920850
4.920850
4.955802
4.955802
5.899054
5.899054
4.794838
4.884840
4.884840
4.884840
5.525204
5.328364
5.328364
6.554685
6.554685
5.311259
4.832172
5.691034
5.691034
6.356517
6.356517
5.006129
5.196676
5.196676
5.627531
5.627531
5.669286
5.669286
5.407961
5.407961
4.814213
4.814213
5.471669
4.8856544.885654
4.885654
5.531693
5.314210
5.314210
5.524801
5.524801
4.963176
4.963176
4.952673
4.952673
5.604322
7.273482
7.273482
7.273482
4.930092
6.071921
5.959128
4.998734
4.998734
4.998734
4.998734
6.720016
4.861446
5.809649
5.809649
4.836647
4.836647
4.836647
5.479382
5.519480
5.519480
5.553172
5.409495
5.409495
4.826863
4.826863
5.534713
5.950690
5.950690
5.950690
5.253216
7.347503
5.436435
5.436435
4.920931
4.920931
5.062665
4.790864
4.790864
4.790864
4.987869
4.987869
4.987869
4.836051
5.568265
5.025759
5.090316
5.090316
5.344080
4.895902
6.817338
5.070144
4.850454
5.014965
5.014965
5.014965
5.014965
4.714699
5.452428
4.763008
5.614845
5.149428
5.149428
5.757044
5.707412
5.279799
4.866093
5.141224
5.385805
5.385805
5.385805
5.505840
5.505840
4.811831
4.811831
7.709005
4.851034
5.529533
4.959755
4.959755
8.658447
8.658447
5.368920
5.368920
5.754590
5.754590
5.754590
5.255131
5.255131
5.646469
5.606652
5.790029
5.790029
5.280215
5.302493
5.302493
7.344972
7.344972
7.344972
5.546623
5.457722
5.457722
5.196522
5.313136
4.912188
4.912188
5.403054
5.403054
5.403054
5.657569
5.614920
5.482151
5.482151
4.936548
5.500735
5.500735
5.080496
5.080496
4.921811
4.921811
4.922754
5.464234
5.464234
5.464234
5.176824
4.823394
4.823394
4.823394
4.870301
4.870301
4.870301
4.817742
4.696501
4.696252
4.639200
6.338008
6.338008
6.338008
5.779762
5.629198
5.293000
5.006146
5.006146
5.045756
5.045756
5.703353
4.948402
4.948402
5.460075
4.970713
4.970713
6.433209
6.228703
6.228703
4.994492
5.930074
5.067168
6.632243
6.632243
6.585960
4.939648
5.018260
5.018260
5.018260
5.018260
4.984196
5.517415
5.517415
5.517415
5.475227
5.545301
5.322036
4.833886
4.833886
5.434962
7.224585
7.224585
7.224585
5.389397
5.464822
5.464822
5.301095
5.301095
5.256128
4.962925
5.514645
5.514645
8.388859
5.757428
5.757428
5.123619
5.123619
5.061814
5.061814
5.689287
5.689287
6.479656
6.479656
6.479656
7.924428
8.105219
8.105219
5.354630
4.962758
5.149563
5.149563
8.347947
4.971509
4.971509
5.332274
5.332274
4.819037
5.532277
5.532277
4.836835
4.836835
5.549760
5.488772
5.447530
4.965137
5.424642
5.482522
5.437850
5.437850
5.642362
113010
113010
5.384091
5.384091
5.004294
5.300322
5.006522
4.920622
4.946534
4.946534
5.893576
5.893576
7.559525
4.996226
5.127774
5.127774
4.901681
4.863253
4.863253
4.863253
4.863253
4.980247


4.849395
4.849395
5.720257
5.720257
6.974899
6.974899
6.974899
6.974899
5.280478
5.280478
5.389499
5.443281
5.258377
5.258377
5.459274
5.459274
5.514014
4.780686
4.780686
5.409458
5.409458
5.326281
4.971741
4.971741
7.260450
4.760882
5.630676
4.977576
4.895050
4.939900
4.939900
4.939900
5.567936
5.567936
5.710536
5.710536
4.927432
4.989589
4.989589
4.946721
4.946721
4.892172
4.884096
4.884096
4.832163
4.832163
4.887828
4.959869
4.959869
5.455496
5.457473
5.457473
5.396718
5.572884
5.495647
5.486158
5.486158
5.883763
4.879136
5.677110
4.899029
4.899029
5.590348
5.590348
4.874748
5.512995
4.824405
4.824405
4.824405
4.868354
4.804766
4.804766
4.804766
5.637632
5.329597
5.113347
4.939969
4.943481
4.817928
4.817928
4.817928
4.750903
5.350016
5.350016
5.469362
5.469362
5.272450
5.272450
4.983736
5.393621
5.693352
5.843545
8.342315
5.106819
5.106819
5.106819
5.340017
5.810840
5.810840
4.784192
6.272591
4.784192
5.609008
4.784192
6.109232
6.109232
4.961430
4.824847
4.824847
4.824847
5.239172
5.239172
4.954783
5.876989
6.530003
6.530003
6.530003
5.575486
5.575486
4.927338
4.907606
4.907606
4.918124
4.918124
4.918124
4.918124
4.920862
4.920862
4.920862
4.847030
5.795756
5.132675
6.346846
6.346846
5.313753
5.107288
5.107288
5.845329
5.845329
5.133737
5.133737
5.133737
4.853438
5.351573
5.351573
5.351573
5.664484
7.563098
5.397048
5.087415
5.534073
5.667411
5.667411
4.979233
4.979233
4.979233
5.011120
5.011120
5.011120
10.124637
5.641554
5.183833
4.881506
4.881506
5.211435
5.308846
5.211435
4.762878
4.762878
5.081239
5.512834
5.512834
5.556259
5.549492
5.549492
5.518257
5.098094
4.937393
4.937393
5.818963
4.814298
5.785193
5.697396
5.697396
4.925994
4.925994
4.925994
4.925994
9.787404
5.579891
5.579891
5.579891
5.477488
7.263742
4.889465
4.889465
5.731225
5.608883
5.608883
4.906643
4.906643
5.068622
5.068622
5.272516
5.486750
5.486750
5.520987
5.006153
5.006153
5.248684
4.886626
4.886626
4.886626
5.663112
5.663112
5.505293
5.418493
5.418493
4.923215
5.607535
5.607535
5.607535
4.844084
4.844084
4.844084
4.887411
5.585408
4.927714
4.927714
4.899416
4.899416
5.643153
5.643153
5.014561
5.014561
6.464256
6.464256
4.828630
5.619677
6.595837
6.595837
5.959110
5.959110
5.325608
5.325608
5.277909
5.277909
5.420104
5.450422
5.298025
5.515421
5.481097
5.481097
4.874525
5.487027
5.487027
4.859443
4.859443
4.859443
6.488853
4.828121
4.828121
5.703544
4.878449
4.878449
4.870141
4.686916
4.792999
4.792999
6.482905
5.130819
5.130819
5.602942
6.103262
5.521395
5.521395
4.932705
4.932705
4.932705
4.932705
4.812717
4.812717
4.812717
4.967655
4.967655
4.656391
5.285424
5.285424
5.385171
5.466151
5.879365
4.936860
5.201895
5.201895
5.318457
5.130821
5.752600
4.911978
4.911978
4.911978
5.559812
4.847653
4.847653
4.848372
4.936071
4.936071
5.689554
4.892841
5.319775
5.319775
.325925
.325925
4.965731
4.965731
4.887829
4.887829
4.887829
5.481301
4.898754
4.898754
4.898754
5.641551
5.641551
5.641551
5.410735
5.410735
5.748983
5.748983
5.748983
5.560472
5.321920
5.527423
5.527423
5.527423
5.323017
5.323017
5.063647
4.896034
5.718980
5.718980
4.907814
4.907814
5.628293
5.628293
5.648230
4.887025
5.543489
5.543489
4.890236
4.890236
4.890236
5.643140
5.643140
5.643140
5.643140
4.898102
4.898102
5.383624
5.080630
4.845352
4.845352
4.845352
5.281014
5.281014
6.298022
4.768791
4.801434
4.801434
5.523612
6.141912
5.120190
5.120190
5.081037
5.534260
5.534260
5.399126
4.832194
5.171369
5.337669
5.337669
4.863439
4.863439
5.481052
4.864438
4.864438
4.989136
5.148407
4.940610
4.848916
5.604668
5.604668
5.367259
4.930357
4.930357
4.930357
5.780453
4.869173
4.869173
4.782540
5.364267
5.332473
5.332473
5.332473
4.751186
4.751186
4.756729
4.835539
4.835539
4.835539
5.607981
5.505678
5.505678
5.578532
5.578532
5.382955
5.382955
8.209368
8.209368
8.209368
4.679499
5.070697
5.267734
5.267734
4.684374
4.684374
5.116140
5.800059
5.800059
4.934110
5.766074
4.910920
4.910920
5.766074
5.766074
5.694308
6.171085
4.877955
4.880341
4.880341
4.880341
5.403014
4.807476
5.304077
5.304077
5.057778
5.057778
7.194954
5.633435
4.898900
5.429177
5.553920
5.493910
5.521318
5.521318
5.672664
5.611668
4.656257
5.116175
5.812552
5.497847
5.497847
5.111856
5.111856
5.511046
5.511046
4.942460
4.942460
4.942460
5.055225
5.055225
9.405116
9.405116
55.084963
5.084963
12.079833
4.894917
4.894917
4.819027
4.936300
4.936300
5.479892
5.654861
5.374534
4.857495
5.808920
5.808920
5.808920
4.851075
4.841549
5.209337
5.846013
5.773800
5.583875
5.583875
5.011231
5.322749
5.178745
4.879588
4.879588
4.800330
4.800330
4.800330
5.691801
5.691801
4.875503
4.875503
4.875503
4.858733
5.792909
5.652421
5.350598
5.350598
5.350598
5.024002
5.024002
5.537767
5.514933
4.859899
4.859899
4.859899
5.474547
5.474547
4.672301
4.672301
5.233153
4.934166
4.934166
4.925415
4.887401
4.863347
5.751262
5.751262
5.385190
55.575332
5.552613
7.932683
7.932683
5.669181
5.253161
5.253161
5.149809
5.149809
5.661771
55.422023
5.357498
5.357498
4.965944
4.965944
4.849316
4.849316
4.849316
6.710758
6.710758
4.892852
4.929392
4.929392
4.929392
5.597140
7.768030
7.768030
5.431227
4.790967
6.967667
6.967667
5.790600
5.790600
5.559418
5.197865
5.197865
5.738699
5.533602
5.542178
5.543207
4.720081
5.383235
5.267478
5.575324
4.839639
4.839639
4.883513
5.489111
5.494717
5.005308
5.563532
5.450208
5.450208
5.146637
5.146637
6.558944
6.558944
6.558944
5.480763
5.480763
5.091847
4.875049
5.495812
4.929567
5.227477
5.227477
5.655008
5.262105
5.262105
5.419034
5.419034
5.419034
5.499354
5.044939
5.568552
5.475404
5.310205
5.590151
4.849532
4.849532
5.668116
4.903381
4.903381
4.903381
6.018250
4.942126
4.942126
5.163808
5.163808
5.441201
5.441201
5.441201
5.462083
5.462083
5.462083
4.908689
5.936469
5.936469
5.678015
5.678015
4.902687
4.902687
5.093013
5.093013
5.052624
5.395782
6.435666
4.856825
4.856825
5.529446
4.802993
4.802993
4.783715
4.783715
5.497309
5.497309
5.304287
5.169196
5.169196
5.488265
4.837844
4.837844
5.463603
5.188546
5.220872
5.463722
5.463722
5.463722
4.923481
4.923481
5.141134
5.502322
5.502322
5.020826
5.020826
5.840215
5.840215
7.864687
4.952427
4.952427
5.744475
5.345479
5.345479
5.345479
8.157990
4.888493
4.870748
5.566186
5.566186
5.566186
5.566186
4.860153
4.860153
5.130025
5.559521
5.059894
5.059894
4.895330
8.241377
8.241377
5.533242
5.639324
5.639324
5.496983
5.283865
5.427120
5.177913
4.938125
4.992969
4.938125
4.992969
4.992969
5.485662
5.485662
4.951196
4.951196
5.783969
5.243328
5.243328
5.311387
4.883556
4.883556
4.883556
4.826425
5.171482
5.171482
4.878184
4.857111
4.857111
7.378233
5.614790
5.614790
5.464821
5.652219
5.305433
5.449639
5.449639
5.846144
5.846144
5.342228
5.342228
5.640328
5.538758
5.538758
5.453266
5.453266
4.876965
5.3618185.361818
4.829968
4.829968
8.150423
4.859111
4.859111
4.859111
5.544365
5.544365
4.739758
4.739758
4.739758
4.739758
4.739758
5.692486
5.692486
6.017377
6.017377
6.503796
6.503796
4.725457
4.792405
4.792405
5.461592
5.387805
5.387805
5.735562
5.268215
5.268215
4.922938
4.922938
5.625824
7.256610
7.256610
7.256610
4.835204
5.606813
5.606813
5.808114
5.254480
5.254480
5.506886
5.506886
5.563716
4.973440
7.421080
7.421080
7.421080
5.619090
5.619090
5.619090
4.920111
4.972036
4.934907
4.925717
4.925717
4.934035
4.934035
4.837811
4.837811
5.642935
4.780639
4.780639
4.780639
5.492827
5.651613
5.525750
5.512389
5.243463
5.243463
4.988319
5.314295
8.075565
8.075565
5.851935
5.851935
4.985169
4.985169
5.343200
4.981465
4.981465
4.933526
4.933526
4.933526
5.109169
5.839519
5.839519
5.544359
5.544359
5.394109
4.952575
4.952575
4.952575
5.226807
5.445800
5.445800
5.630611
5.361465
5.361465
5.175907
4.985464
4.985464
4.985464
4.985464
4.985464
5.497370
5.575587
5.575587
5.287800
5.287800
5.431094
5.534912
5.310110
5.310110
5.790032
5.721550
4.872063
4.914018
4.914018
4.914018
5.409595
5.409595
5.409595
4.894534
4.894534
4.788301
4.788301
4.788301
5.793788
4.909162
4.872918
5.280828
5.280828
4.961214
4.961214
5.578577
4.899035
4.899035
4.899035
5.008683
5.008683
4.752247
5.051801
4.936274
4.936274
5.314033
5.482004
5.482004
5.274663
5.274663
5.425266
5.184739
5.184739
5.464849
5.511034
5.734510
5.734510
5.763616
5.763616
5.763616
5.381827
5.345462
5.345462
4.927441
4.927441
5.219498
5.274071
5.357580
6.047934
5.346043
5.346043
5.346043
5.514773
4.987634
4.987634
4.826634
5.093347
4.938320
4.938320
4.938320
5.239318
6.619227
5.529019
4.995702
4.995702
4.995702
5.273118
5.413529
5.413529
5.247060
5.247060
5.535696
4.649277
5.732831
5.732831
5.470370
5.001132
5.001132
5.052535
5.593338
4.852433
4.852433
7.423954
7.423954
5.602195
5.087826
5.087826
6.162778
6.162778
6.248323
5.110036
5.110036
5.548937
5.445273
5.568479
5.568479
4.918978
4.918978
4.918978
4.921695
4.916061
4.916061
4.916061
4.919936
4.919936
5.443882
5.456607
5.039997
4.904791
4.904791
5.423059
5.423059
5.314813
5.647431
4.906489
5.375962
5.372924
5.372924
5.372924
5.114251
4.896338
4.896338
5.430320
5.430320
5.430320
4.979327
4.979327
5.000072
5.000072
4.904132
4.968328
5.896508
5.896508
4.975303
4.975303
5.298193
5.298193
5.540687
5.540687
4.839394
4.839394
6.809713
5.039592
5.039592
4.770250
5.471557
5.656025
5.705590
5.705590
5.468432
5.308275
5.308275
5.249982
5.249982
4.795734
5.621686
5.107521
5.107521
5.130512
5.130512
5.130512
4.883500
5.325242
5.325242
4.975252
4.975252
5.127109
5.538187
7.790892
7.790892
4.920946
4.830368
4.830368
4.911609
5.388747
4.911609
5.388747
4.798936
4.857374
4.776479
4.776479
4.776479
4.794703
4.794703
4.794703
5.799447
5.228356
5.228356
5.420337
5.351638
5.357450
5.357450
5.106779
5.106779
4.998031
5.249218
5.670859
4.943015
4.943015
5.401399
4.895078
5.309804
5.309804
4.916297
4.916297
4.968258
4.968258
4.968258
4.915831
4.915831
5.694322
5.242696
5.242696
5.242696
4.944885
4.982168
4.706548
4.706548
6.036445
5.265414
4.771501
4.771501
5.412606
5.412606
5.431373
5.319618
5.076447
5.285425
5.797516
5.797516
5.472541
5.636812
5.4.957438
4.957438
5.406498
5.688070
5.688070
5.688070
4.844681
4.844681
4.899703
5.716584
5.716584
4.924957
4.905074
4.905074
9.198344
6.588240
5.877369
5.877369
5.877369
5.877369
5.218305
4.937679
5.221804
5.221804
4.920370
5.295468
7.210804
4.822818
4.822818
4.822818
4.862735
4.862735
7.327207
5.125154
5.442005
5.442005
5.296234
4.781884
4.781884
5.673658
5.673658
5.033518
5.033518
5.343009
4.880226
4.880226
4.880226
5.597265
5.597265
5.223822
5.318326
4.912077
4.912077
5.085493
4.933354
4.933354
4.933354
6.879889
4.900744
4.902891
4.820953
4.820953
4.820953
6.582389
6.582389
4.722154
5.408261
5.408261
4.784049
5.452580
6.886143
5.326558
5.326558
4.949911
5.735211
5.469283
5.469283
5.084030
5.084030
5.126370
5.126370
4.922811
4.833836
5.521357
5.521357
4.907771
4.907771
5.127347
5.127347
5.127347
4.764437
4.957633
4.879756
4.879756
5.867755
4.881165
4.690291
4.690291
4.690291
5.545211
4.881472
4.881472
5.673092
5.673092
5.327479
6.538029
5.514201
4.796760
4.796760
4.796760
4.796760
4.796760
4.957690
5.105430
5.789184
5.789184
5.636001
5.561402
5.561402
5.418944
5.418944
5.418944
5.041363
4.893919
5.041363
5.408524
4.898813
4.898813
5.005761
5.005761
5.005761
5.005761
5.213624
5.134617
5.134617
4.859692
4.859692
4.845882
4.845882
5.990080
5.723848
7.572890
5.321947
5.321947
5.321947
5.321947
5.321947
4.928195
4.815438
4.881799
4.815438
4.881799
6.793706
5.586019
5.350184
5.350184
5.564196
5.564196
4.810300
4.810300
5.337082
5.337082
5.448602
4.858974
5.370338
5.709924
5.709924
5.709924
5.325674
5.181777
6.521617
6.521617
5.456025
5.456025
5.456025
4.875675
4.875675
11.169252
4.929686
4.929686
5.233274
5.233274
5.757357
5.757357
5.757357
5.757357
4.907219
5.020687
5.020687
5.020687
5.989164
4.913272
5.558759
5.618015
5.618015
4.843624
4.843624
5.368433
5.368433
5.604013
5.602806
5.602806
5.091105
5.409279
5.409279
5.075284
5.075284
5.075284
5.560678
5.132277
5.132277
5.132277
4.840830
5.193563
4.936115
4.936115
4.936115
5.650850
5.650850
4.870237
4.870237
6.003987
6.003987
6.003987
5.111171
4.921375
4.914725
4.916876
4.916876
5.369485
4.846151
5.507678
5.243612
4.892682
5.524112
4.957709
4.957709
5.027827
7.514790
5.721667
5.721667
5.197444
5.197444
5.197444
5.197444
5.748139
5.748139
5.580614
5.471108
4.786811
4.786811
4.786811
5.801254
5.801254
4.941822
4.941822
6.914185
5.473020
5.473020
7.483611
7.483611
4.914879
4.914879
5.238083
4.824160
4.831138
4.831138
4.831138
5.500300
5.500300
5.500300
5.843090
5.843090
6.089884
5.565588
5.368782
5.368782
5.055430
5.341702
5.341702
5.683197
5.932818
5.932818
5.932818
4.896826
4.896826
5.136431
5.136431
5.499345
5.321959
4.887604
4.887604
4.949804
5.519998
5.519998
5.519998
5.187309
5.545514
5.545514
5.545514
5.308030
5.044142
5.044142
5.345730
5.536635
5.536635
4.832767
5.046030
4.718743
4.812418
4.812418
9.098893
9.098893
5.249424
5.469000
5.367878
5.565084
5.512168
5.512168
5.512168
5.285608
5.285608
5.551408
4.748389
4.748389
4.748389
5.499397
5.499397
5.760888
5.760888
5.861998
5.513220
5.160305
4.920207
5.680111
5.680111
5.680111
5.680111
5.247309
5.572406
5.572406
5.572406
4.835204
4.835204
44.919604
4.919604
4.919604
4.925484
4.925484
5.186195
5.332977
5.332977
5.364465
5.086987
5.086987
5.738418
4.680876
4.680876
5.612531
4.887460
4.887460
5.914066
5.034164
5.034164
4.919894
5.962212
5.413721
5.025099
5.025099
7.857345
7.857345
7.857345
4.855329
5.494133
5.494133
5.613999
5.613999
4.935341
4.984518
4.984518
4.889188
4.889188
4.889188
4.889188
990014
990014
5.452483
4.999790
5.645518
7.913945
7.913945
5.762903
5.492639
5.306234
5.306234
5.512974
5.512974
5.772276
5.313958
5.313958
5.313958
4.927095
4.927095
4.927095
5.518998
5.582852
5.533537
4.884724
4.884724
4.935654
4.935654
4.935654
4.935654
4.801090
5.131024
5.482030
4.888307
5.059257
5.059257
4.967550
4.967550
4.839244
5.564387
5.478756
6.174321
8.106193
4.887833
5.221515
5.221515
9.476742
9.476742
4.862586
5.571057
5.596886
5.596886
4.923521
4.923521
5.381212
5.381212
5.960245
5.362309
5.362309
4.880297
5.058362
5.058362
5.058362
7.521609
4.902106
7.521609
4.902106
4.836383
5.074157
5.134058
5.134058
6.157632
6.157632
6.157632
5.545653
5.098974
5.098974
9.943857
4.841127
4.841127
4.902568
4.902568
9.501018
4.913330
4.913330
4.913330
6.398684
6.398684
4.893872
8.006701
8.006701
5.475073
5.547114
5.547114
5.342560
5.342560
5.762789
5.559497
5.299494
5.299494
4.953063
4.953063
5.022143
5.022143
5.562768
5.562768
4.994481
5.174790
5.174790
7.452718
5.680502
5.680502
5.680502
4.967147
4.967147
4.862322
5.095054
5.019068
5.019068
5.510942
5.510942
5.777353
5.777353
5.645440
5.543242
4.936156
4.936156
4.936156
6.302228
5.115949
5.115949
5.147100
5.793815
5.518854
5.518854
5.618453
5.618453
4.857665
4.857665
5.533884
5.533884
5.533884
8.066908
5.109718
5.582629
5.109718
4.902071
4.902071
5.618624
5.464030
5.464030
5.464030
4.882365
4.882365
4.929868
4.961810
4.961810
4.730648
7.346907
4.757697
4.878871
4.878871
4.976793
7.619804
7.619804
5.091262
5.091262
5.091262
5.091262
4.811410
5.691621
5.691621
4.910326
4.910326
5.281848
5.520836
5.318076
5.318076
5.437386
5.437386
5.291861
5.291861
4.970923
4.970923
5.555427
5.381567
5.381567
4.893559
5.340241
5.340241
4.813673
4.813673
4.921940
8.252415
7.303884
5.636838
5.636838
5.636838
5.741264
5.741264
4.900509
7.349225
7.349225
5.112869
4.793460
4.896526
4.890129
4.890129
4.900593
5.066595
5.066595
5.534952
5.635148
5.520939
5.520939
4.988358
4.988358
4.858402
4.858402
5.487213
5.804382
7.873613
7.873613
6.464887
4.952712
5.339033
5.339033
4.944329
4.944329
5.043591
4.869838
4.869838
7.005556
7.005556
4.859351
5.543001
5.047215
5.900093
5.065922
4.831729
4.831729
4.814497
4.814497
5.280669
5.280669
6.612024
4.897968
4.897968
4.897968
5.741914
5.520961
5.520961
5.076816
5.076816
5.471033
5.125311
4.850219
4.850219
5.340945
4.916401
4.916401
4.916401
5.572761
5.572761
5.423925
4.915331
4.915331
4.881447
4.881447
4.881447
5.291561
7.466405
4.960650
4.960650
5.029598
5.029598
4.852102
4.852102
4.852102
4.862078
4.789212
7.333223
5.201073
5.465561
5.465561
5.379269
5.379269
5.308204
6.056928
5.498878
5.321782
5.321782
5.348625
5.348625
5.348625
5.708513
4.865259
4.865259
5.823459
5.457271
4.992819
4.992819
6.885955
5.350166
5.350166
4.826747
5.163513
5.163513
4.888139
4.888139
4.888139
4.882844
4.988333
4.988333
4.934249
4.934249
4.753551
5.515756
5.515756
4.904353
4.904353
4.904353
7.444067
4.970724
4.970724
7.329274
5.683007
5.683007
5.207926
5.604818
5.604818
5.518387
5.712120
5.689903
5.689903
7.856126
5.436811
5.085382
5.085382
5.546815
5.546815
5.608210
4.811773
4.811773
4.811773
5.489923
5.536210
4.889416
5.826867
4.951400
54.963228
4.963228
5.718572
4.976697
5.346636
4.885868
4.885868
4.885868
4.885868
4.841227
4.824437
5.258968
5.258968
5.258968
5.247394
4.947723
4.795094
4.795094
4.853230
4.853230
5.536205
5.536205
5.779729
8.058384
5.054999
5.945181
5.945181
5.644215
5.644215
5.644215
5.400141
5.400141
5.543561
5.151881
4.863839
4.863839
5.629156
5.193808
5.193808
5.193808
4.882010
5.278700
5.278700
4.867525
44.850592
4.850592
5.196942
5.196942
5.196942
4.855320
4.855320
5.764203
4.834765
4.834765
5.371644
5.334989
5.355299
5.224532
55.376156
5.054839
5.048463
5.044480
5.044480
5.637940
5.637940
4.881763
5.497822
4.896545
4.839013
4.839013
5.141297
4.918844
5.782240
4.918121
4.918121
4.918121
4.979324
4.979324
6.052687
6.052687
5.428080
6.527181
6.527181
6.527181
5.800671
5.695503
5.695503
5.502957
5.129660
5.129660
5.256708
5.794753
4.933112
4.933112
5.766604
5.766604
5.797378
5.614718
8.100388
5.789660
6.126610
6.126610
5.528475
4.868982
5.500939
5.500939
5.405576
4.805357
4.923539
5.259021
5.259021


4.869594
6.009735
5.424156
4.907281
5.648618
5.648618
6.235344
5.037657
6.235344
5.155462
5.155462
5.155462
4.891161
4.891161
4.891161
4.891161
4.890581
5.084755
5.084755
5.084755
5.331125
5.548971
4.846874
5.542816
5.532490
5.532490
5.377447
5.377447
5.580724
5.637207
5.377653
5.377653
5.377653
5.546233
5.546233
6.683794
4.936857
4.936857
4.936857
4.869974
4.869974
5.069331
5.069331
4.936172
4.921901
4.921901
5.059773
5.059773
4.902383
5.365673
5.893415
4.849108
5.000579
5.000579
5.000579
5.000579
5.402074
5.402074
7.259961
5.876432
4.894642
6.227551
6.227551
5.507360
5.386363
5.549349
5.549349
5.323947
5.323947
5.561398
5.205709
5.205709
4.854210
4.854210
4.814755
4.814755
5.567508
5.567508
7.370107
7.370107
4.895891
7.262423
7.262423
4.810103
5.427227
5.427227
4.866902
5.014100
5.014100
4.997599
7.355440
7.355440
4.892968
4.892968
4.892968
5.457135
5.643182
5.643182
5.643182
5.630604
5.630604
5.538708
5.538708
5.645094
5.645094
5.524767
5.608993
5.608993
5.086966
5.548151
7.322937
5.479037
5.371938
5.371938
4.746187
5.507789
4.849446
4.849446
4.837939
5.595537
5.029597
6.190189
5.799336
5.799336
8.208880
5.946312
5.561926
4.958897
4.982970
5.670028
4.982970
4.982970
9.159377
5.235174
5.235174
7.660194
6.308323
6.308323
6.308323
5.779679
7.395592
4.838286
5.376263
4.999237
4.999237
5.625547
5.662005
5.662005
5.433244
5.448162
5.213457
5.213457
5.407722
4.939203
4.939203
5.540172
5.540172
5.678632
5.749092
6.869400
6.869400
5.060013
5.252066
5.767889
5.093752
5.876865
5.876865
5.291362
5.485968
4.953863
5.820392
5.820392
5.532193
4.903013
4.870326
4.842515
5.580952
4.812386
4.812386
8.089065
8.089065
5.651640
5.213141
5.173477
5.064784
5.064784
5.537954
8.070941
8.070941
5.658389
7.973286
7.973286
5.402293
5.402293
6.721603
5.494536
5.494536
5.494536
4.782397
4.913335
4.913335
6.942059
5.513911
5.513911
6.111836
6.111836
4.954716
4.977564
4.977564
5.039237
5.039237
5.037764
5.037764
5.524492
5.005692
5.005692
5.005692
5.673392
5.588886
4.938120
5.376980
5.376980
5.376980
5.384628
5.384628
7.980337
7.980337
5.435679
5.447770
5.137347
5.594915
5.594915
5.593324
5.526714
5.263241
5.263241
5.221564
5.277877
5.277877
5.277877
6.151950
5.593554
5.593554
4.961781
5.440940
4.842502
4.842502
4.899202
4.899202
4.986306
5.015860
5.015860
5.015860
7.861559
5.622544
5.622544
5.622544
5.330326
5.330326
4.880026
5.718211
5.293268
5.293268
5.676220
5.640282
4.891888
5.497824
5.497824
55.421708
4.967226
4.967226
5.453634
5.453634
4.959055
4.959055
4.959055
4.959055
4.906364
4.906364
4.925370
8.014409
4.836785
5.447521
5.585886
7.529532
7.529532
7.529532
4.966165
4.966165
5.549805
5.075297
4.899717
4.899717
4.899717
5.844562
5.844562
5.844562
5.844562
5.844562
7.296897
4.897838
4.897838
5.399979
5.692413
4.942249
4.942249
4.923590
4.839140
4.839140
5.523079
5.523079
5.459437
9.773856
4.881023
4.892910
4.892910
4.962205
4.962205
5.801060
5.801060
5.425121
5.572735
4.939545
4.939545
5.164969
5.810672
5.810672
5.810672
5.810672
5.422536
5.422536
5.211194
5.211194
4.887119
4.887119
4.768115
5.241465
5.241465
4.840447
4.840447
5.719292
5.719292
5.302051
5.520724
5.520724
4.988532
4.988532
4.902060
5.699499
5.678799
5.678799
4.886888
5.569266
4.960027
4.960027
5.359647
5.359647
5.457181
5.457181
4.862995
5.818687
4.908422
5.673669
5.673669
5.673669
5.461414
4.949300
5.215174
5.215174
5.215174
4.986389
6.395602
5.659370
5.659370
5.659370
4.802145
7.399251
7.399251
5.024734
4.788779
4.860434
4.860434
5.429014
5.249114
5.249114
5.867090
5.356397
5.356397
5.348400
5.348400
4.929903
5.399568
5.399568
5.828731
5.537242
5.537242
74.888900
4.888900
4.888900
4.908669
4.908669
5.132004
7.513794
7.513794
7.513794
5.579854
4.995596
4.921397
4.758707
5.338697
5.350501
5.350501
4.841972
5.350501
5.350501
4.841972
4.695240
5.609611
7.234472
7.234472
4.973231
5.482193
5.482193
5.610575
5.406472
5.577577
5.097779
5.430276
5.430276
5.430276
5.596860
8.151969
5.296405
5.296405
4.941235
4.941235
5.341669
5.341669
5.341669
5.341669
4.915736
6.895257
4.874964
5.485693
5.000889
5.000889
5.570871
4.935321
4.935321
4.887764
6.144535
4.911921
6.362290
6.362290
5.527857
5.527857
4.777081
5.139189
5.320593
5.320593
8.429001
5.426527
5.426527
5.302492
5.302492
5.034286
5.634038
5.471236
5.106274
5.038094
5.119581
5.119581
5.469904
5.837214
5.837214
5.628141
5.183880
5.183880
5.467670
5.467670
4.939980
5.394197
5.394197
4.854553
5.122347
4.979491
4.979491
5.515077
5.548228
5.775318
4.863099
4.886721
4.886721
4.886721



5.025504
5.025504
5.526383
8.192079
5.034030
5.034030
5.447465
5.447465
4.876477
4.644019
4.903464
4.903464
4.903464
4.861286
4.861286
4.861286
5.172541
4.872632
4.872632
5.459540
5.459540
4.771919
4.802397
4.945314
4.945314
5.307580
5.307580
4.777950
5.507078
5.497298
5.497298
4.851597
5.784732
5.784732
4.990782
4.936322
4.936322
4.897952
4.897952
4.874804
5.597452
4.874804
4.770239
4.770239
5.316261
5.110173
5.110173
5.110173
5.505813
5.543472
5.543472
7.795880
5.735595
5.083496
5.083496
5.083496
5.083496
5.730862
5.730862
4.949288
4.949288
4.949288
4.932994
5.021297
5.313446
5.313446
5.313446
7.507975
7.507975
7.044336
7.044336
5.510606
5.510606
4.939506
4.939506
6.803580
4.929952
4.929952
5.548151
4.816841
4.816841
4.816841
8.035585
5.081389
5.782296
4.941605
5.014118
5.355617
5.212029
5.212029
5.023356
5.285645
5.285645
4.878319
5.032180
5.032180
5.032180
5.317765
5.317765
5.348372
5.348372
5.153581
5.153581
5.552555
5.552555
4.942679
5.998991
5.998991
4.926055
4.926055
5.461697
6.146021
5.270919
5.935093
5.935093
5.736617
5.935093
5.006440
5.356522
5.356522
5.170876
5.170876
5.570205
5.639616
5.229103
5.229103
5.450652
5.450652
5.426691
5.659746
5.105604
5.404006
5.404006
5.456929
5.496875
5.410643
5.410643
5.591909
5.591909
5.258956
5.258956
4.918847
4.918847
6.044248
6.044248
6.044248
4.914062
5.682935
5.682935
4.937697
4.937697
5.173369
4.896272
4.896272
4.882536
4.882536
4.882536
4.937787
5.305403
5.242123
5.242123
5.242123
4.841689
4.841689
5.275378
5.262538
5.262538
5.557085
5.557085
5.423902
5.391118
5.391118
5.391118
5.391118
5.463761
5.251037
6.574870
6.574870
6.574870
6.574870
5.074264
5.074264
5.196711
5.196711
5.854941
4.995963
4.995963
4.995963
4.884585
4.966637
5.353244
5.451583
5.451583
4.947145
4.947145
4.947145
4.989650
4.861039
5.246725
7.171355
4.751646
5.453717
5.453717
5.453717
5.622694
5.220103
5.013946
5.012434
5.012434
5.530894
5.530894
5.516734
5.441704
5.441704
5.457299
5.457299
4.902539
4.902539
4.902539
4.817402
4.817402
4.898720
4.898720
5.405518
5.257351
5.257351
5.217332
4.986688
4.986688
5.210047
4.961351
4.961351
5.618190
5.277393
4.947998
4.979177
4.979177
4.851802
4.851802
4.795913
4.710254
4.710254
4.821614
4.821614
5.662966
5.662966
5.053680
5.053680
5.641487
5.641487
5.492481
5.492481
5.441290
5.529159
5.529159
5.529159
5.557027
7.594076
5.384895
5.384895
5.621829
4.885986
4.885986
4.891113
7.427068
4.926217
4.926217
4.926217
5.411972
5.277641
4.971899
4.971899
4.916798
4.916798
5.468269
4.991628
4.991628
5.303646
5.303646
4.827374
4.827374
5.167403
5.227057
5.666773
5.180720
5.180720
5.588251
5.400670
5.400670
5.762420
4.798891
4.798891
5.524444
4.984807
5.035770
5.035770
5.472789
4.971720
5.605118
5.605118
4.923398
4.923398
5.614808
5.614808
4.792147
4.792147
4.792147
5.125744
5.125744
5.125744
5.125744
5.318263
4.919083
4.919083
6.013265
4.895701
6.013265
5.472471
5.472471
5.472471
4.873080
4.873080
4.835422
5.658293
5.791994
4.853133
4.853133
5.371855
5.371855
5.769438
5.769597
5.063155
4.861885
5.456227
4.949893
5.552685
5.552685
5.053806
5.556798
5.556798
5.556798
5.033374
5.033374
5.033374
5.473994
5.874599
5.874599
5.874599
4.890422
4.972447
5.658971
5.077320
5.077320
4.822799
4.822799
4.822799
4.736081
5.481302
5.481302
5.481302
5.605835
5.605835
4.828024
5.629078
5.611173
5.611173
5.451931
5.451931
4.856054
5.312510
5.312510
5.905702
5.384199
5.622393
5.425802
5.425802
5.568704
5.568704
5.568704
5.173499
5.173499
6.285655
4.965103
4.965103
5.189981
5.189981
5.055555
5.055555
4.960793
4.960793
4.887870
7.942718
4.835706
4.835706
5.664203
5.213645
5.213645
4.828171
4.862787
4.862787
5.600114
5.600114
4.772550
5.536184
5.434074
5.434074
5.440269
4.870820
4.870820
6.751379
6.751379
5.309889
4.895580
5.254636
5.254636
5.619769
5.619769
5.853975
4.854803
5.444380
4.921946
4.921946
4.921946
5.571979
4.884649
5.660092
5.825031
4.973540
4.973540
4.973540
5.694017
5.694017
5.314781
5.314781
5.314781
4.931580
5.897896
4.917948
4.917948
4.917948
5.333487
5.796139
5.796139
4.869324
5.404759
5.569529
5.553243
8.128182
5.496824
5.496824
4.712053
4.712053
5.532908
7.469217
7.469217
5.786878
5.561399
5.139331
5.139331
7.486564
5.006760
6.310539
4.977568
4.977568
4.977568
6.019936
4.982906
4.982906
10.120838
10.120838
10.120838
5.579589
5.579589
5.124289
5.124289
7.866821
5.679250
5.679250
5.679250
4.888671
5.303268
4.829719
4.829719
5.434868
5.813381
5.393757
5.393757
5.489662
5.989751
5.760702
5.562656
4.894192
7.931720
4.884821
4.884821
6.493174
4.944940
4.944940
5.498578
5.143689
5.143689
4.926957
4.917282
4.917282
4.917282
5.017561
6.744486
6.744486
6.071904
6.071904
6.071904
5.469350
4.898809
4.898809
4.898809
4.929302
4.916075
5.127942
7.263350
7.263350
7.263350
7.893348
7.059977
7.059977
5.162956
5.162956
5.559511
5.379629
5.379629
5.270893
5.538084
4.993148
5.037703
4.866163
4.866163
5.771023
5.771023
8.007214
4.887891
4.887891
4.887891
4.732531
4.732531
5.505233
4.935646
5.490283
5.490283
4.865097
6.012650
5.140139
5.140139
44.867121
4.819857
4.819857
5.035754
5.035754
4.665466
4.800533
4.759480
5.730114
5.730114
4.823414
5.231709
4.917404
5.592536
5.514495
5.271175
5.265581
5.265581
5.307983
5.307983
5.307983
5.034054
5.565587
5.939906
4.895418
5.326943
5.082451
5.082451
7.770595
5.299034
5.003260
5.003260
4.810931
4.810931
4.867122
5.535002
5.535002
5.535002
4.982921
5.744311
5.744311
4.881895
4.881895
4.779575
5.394126
5.394126
6.405198
6.405198
6.405198
4.778066
5.601937
5.449296
5.452810
4.920129
5.645828
5.645828
4.957454
4.895632
4.895632
4.895632
5.436057
5.436057
5.765053
5.765053
5.126823
5.392571
5.392571
5.522608
4.862320
5.475720
5.475720
5.475720
4.763776
5.073446
5.073446
5.073446
4.759713
4.759713
6.538024
6.538024
4.860609
4.766321
4.766321
4.766321
4.819298
4.819298
4.819298
4.883830
4.849306
4.849306
8.107135
5.235207
5.146521
5.723747
5.306202
5.306202
5.567149
5.567149
4.792829
4.792829
5.474651
5.474651
5.474651
4.845657
4.845657
5.721214
5.721214
5.375776
5.375776
5.375776
5.375776
5.077011
5.077011
6.966975
6.966975
4.994710
4.994710
4.847640
4.908245
5.015697
5.015697
4.808917
4.797443
4.797443
4.981861
7.7.787878
5.417519
4.995034
5.417519
5.417519
5.123320
5.042747
5.971502
5.590465
5.674079
4.726848
4.726848
5.440680
5.440680
5.913956
5.913956
4.873986
5.582672
5.380733
4.904864
4.904864
5.294555
4.891188
4.891188
7.467723
7.467723
5.629851
5.629851
4.946032
4.946032
5.443805
4.903526
4.903526
5.323409
4.882270
4.882270
5.626322
5.626322
4.806050
5.133415
4.843938
4.843938
4.981100
4.981100
4.981100
5.324483
5.619951
5.619951
5.687529
5.687529
5.089733
5.664475
5.185171
5.512266
5.485114
7.346679
7.346679
55.480978
5.480978
5.480978
5.038582
5.038582
5.038582
4.856472
5.625656
5.625656
5.492941
5.492941
6.092316
4.906180
4.906180
5.548417
5.548417
4.802771
4.896430
4.896430
4.945188
4.945188
5.425824
5.425824
5.425824
5.443324
5.443324
4.869728
5.261308
5.358592
5.818482
5.376726
5.376726
5.690815
5.426782
5.530555
5.530555
5.212052
5.536357
5.536357
5.536357
4.955349
8.229753
8.229753
5.226322
8.026182
4.879199
4.879199
4.978599
4.896336
4.896336
5.511431
5.511431
5.665305
5.665305
4.879464
6.046375
4.855666
5.488042
6.503089
4.790385
4.790385
4.790385
4.834894
4.834894
4.999648
5.387982
5.387982
5.792450
5.631226
5.265885
5.265885
5.634884
5.539929
5.076470
5.076470
5.745576
4.883671
4.883671
4.883671
4.944509
4.944509
5.836868
5.039828
5.039828
4.868758
6.633884
5.945824
5.945824
5.945824
5.571527
4.929673
4.950161
5.400676
5.400676
5.400676
5.400676
5.168276
4.873900
5.556506
5.265529
5.265529
4.977318
6.013872
6.013872
5.343297
5.343297
4.966353
4.810491
5.345142
5.270546
5.270546
5.432759
5.432759
5.745795
4.857103
4.929530
4.857103
4.857103
5.614730
5.614730
4.864756
4.848332
4.848332
8.526119
4.829866
4.829866
4.829866
5.685848
4.860771
4.896552
4.896552
4.896552
4.972250
4.981622
4.972250
7.946153
7.946153
4.842606
4.952265
4.952265
4.952265
5.556996
5.556996
5.556996
5.556996
5.526982
4.913672
4.859477
5.431390
5.431390
5.506758
5.506758
4.914128
4.914128
5.382244
5.600214
5.600214
5.538020
5.131291
5.820055
5.820055
5.005135
5.005135
7.314168
7.314168
4.927954
4.982288
5.272663
5.272663
5.379895
5.379895
5.379895
4.971634
4.826697
4.826697
5.309652
5.603009
5.173818
4.873558
4.873558
5.346847
4.794843
5.378467
5.378467
5.378467
5.475029
5.475029
5.382195
5.535045
5.347965
5.347965
5.395607
5.395607
5.539255
5.608999
5.814380
5.332225
4.871851
4.871851
4.871851
5.135046
5.135046
5.546569
5.429972
5.429972
5.429972
5.284944
5.939982
5.939982
4.972194
4.972194
4.972194
7.247727
4.867437
4.867437
4.999253
4.869467
4.837659
4.837659
5.556662
5.031019
5.031019
5.031019
6.458757
6.757320
6.757320
6.757320
5.531454
5.519055
5.519055
5.510750
5.825095
5.512130
5.512130
5.613183
5.613183
4.829433
4.829433
4.829433
5.060352
5.515367
4.899975
5.417838
4.911711
4.849341
5.467772
5.467772
5.796751
5.301971
5.301971
5.301971
4.860162
5.282411
5.282411
4.926706
5.807486
5.097977
6.800390
6.800390
6.043841
4.940287
4.940287
5.329708
5.329708
5.329708
7.297943
7.297943
5.088428
5.450541
5.450541
5.685541
5.394390
5.058507
5.058507
5.527941
5.527941
5.386421
5.386421
5.582114
5.582114
5.582114
5.421726
4.918806
4.918806
5.085946
5.085946
5.085946
5.085946
5.009398
5.009398
7.610068
7.610068
5.075868
5.019705
4.931594
4.931594
4.897669
5.600241
5.600241
10.574642
4.847648
5.145814
5.145814
5.234440
6.689975
6.689975
6.075910
5.121424
5.745660
5.561032
5.011304
5.118093
5.118093
5.466578
5.466578
5.411395
4.687029
5.332742
5.332742
5.582817
4.969601
4.969601
4.806078
5.687140
4.898607
4.898607
4.898607
4.922881
4.922881
4.922881
4.989289
4.884525
4.916387
4.916387
4.716757
4.938298
4.938298
4.894817
5.387391
5.387391
4.986295
4.986295
4.777223
5.021373
5.121815
5.121815
5.121815
4.778990
5.258744
5.529623
4.939406
4.939406
4.939406
5.035511
5.035511
5.035511
5.640429
4.843481
4.843481
5.443621
4.749430
5.057314
4.909288
4.909288
5.392946
4.975029
4.975029
4.723280
6.200647
6.200647
7.267038
4.914103
4.914103
4.992858
5.226812
5.226812
5.793292
5.581539
5.581539
5.581539
4.898051
6.176553
4.882774
6.176553
4.908362
4.956126
4.956126
4.956126
5.397011
5.418268
5.418268
5.085850
4.903571
5.652282
5.328711
5.328711
5.100109
5.100109
5.654268
5.502320
5.502320
5.502939
5.436835
4.967280
4.926951
4.926951
4.926951
4.849374
5.369313
5.369313
4.991876
4.991876
4.991876
5.632816
7.877906
5.566825
4.837957
5.483436
5.483436
5.118000
5.118000
5.937058
5.937058
4.854548
4.854548
4.854548
5.987913
5.987913
4.824929
5.5.498763
5.498763
5.291339
10.574654
10.574654
5.525602
5.058577
5.058577
6.079658
6.079658
6.079658
4.951197
4.961537
5.570727
5.570727
4.807333
4.807333
4.915549
4.888465
4.888465
4.888465
4.888465
5.281419
5.281419
5.281419
4.893235
4.859280
4.921982
4.921982
4.921982
4.888941
7.837588
7.837588
5.498866
5.498866
5.498866
4.795946
4.795946
5.102461
5.183489
5.429340
4.994986
5.559096
5.279770
5.279770
5.135178
5.765883
5.765883
5.765883
4.886268
4.886268
5.403201
5.413904
7.471166
7.471166
4.924019
6.845488
6.845488
8.144291
5.648388
5.648388
5.648388
5.308205
5.308205
4.786284
4.786284
4.786284
5.577215
5.577215
5.120279
5.120279
5.120279
4.799112
4.799112
4.799112
4.807802
4.807802
4.807802
5.450459
5.450459
8.220270
8.220270
4.912030
4.803777
5.165178
5.165178
4.867525
4.867525
5.759742
5.561062
5.374736
5.374736
4.993567
5.805683
5.805683
4.889753
4.895137
4.895137
4.895137
4.895137
4.986108
4.986108
4.986108
5.658703
5.658703
5.758103
4.899112
5.380962
5.380962
5.380962
5.215128

4.817916
4.817916
4.817916
5.814130
4.800473
5.497010
5.619528
5.257315
5.467134
5.467134
4.866492
5.467045
5.467045
5.467045
5.503426
6.122534
5.628879
4.988298
4.988298
5.734232
5.734232
5.734232
5.734232
5.395060
4.982595
4.982595
5.475522
5.475522
7.503541
7.503541
5.260064
4.880985
4.861736
5.900284
5.743386
4.734428
5.743386
5.761984
5.761984
5.362473
4.834725
4.988537
4.988537
4.770989
4.770989
5.111979
5.073153
5.588329
5.588329
5.630980
5.565953
4.820354
5.417013
5.417013
5.417013
4.835129
4.835129
6.135226
6.135226
4.861479
4.887033
4.992753
4.992753
5.431538
4.927083
4.927083
6.653115
4.948786
5.552175
5.783008
5.783008
5.302714
5.302714
5.100225
5.100225
4.982242
6.438858
6.438858
6.438858
4.906445
5.277641
5.277641
7.295280
5.525552
5.525552
5.465058
4.922270
5.392512
5.392512
4.964731
4.964731
5.752572
5.752572
5.602565
6.576783
5.602565
5.050219
5.050219
5.039595
5.039595
5.039595
5.039595
4.862681
4.851909
4.904766
4.860081
4.860081
4.860081
4.860081
4.763937
4.763937
4.763937
5.032451
7.564548
5.298278
5.298278
4.883156
4.883156
4.883156
5.039780
5.039780
5.441514
7.359547
7.359547
7.359547
7.359547
4.829636
5.247752
5.247752
5.041790
5.041790
6.564840
6.564840
6.564840
5.356720
8.200762
8.200762
7.478024
5.772268
5.772268
5.772268
5.378063
4.950247
4.950247
4.991044
5.096145
5.731119
5.731119
5.625803
5.744889
4.957623
4.957623
4.841071
5.627522
5.627522
5.627522
6.079267
4.875697
5.074038
4.814166
4.814166
4.890888
4.890888
4.890888
5.562823
5.216354
4.633437
5.283442
5.283442
5.297042
5.297042
5.572296
5.108129
5.108129
5.949603
4.919633
4.919633
5.334132
5.080801
5.080801
5.746372
5.746372
4.906127
4.906127
5.763360
6.258361
6.258361
6.258361
6.258361
5.570226
4.954196
4.954196
4.953587
4.953587
5.131836
5.131836
6.496053
6.496053
5.166898
4.925674
4.925674
4.905432
4.905432
5.418976
5.418976
5.336888
5.431229
4.940912
4.940912
7.717719
5.778038
5.072040
5.215435
5.381041
5.431570
4.966246
4.966246
5.068412
5.068412
5.640031
5.321453
6.109800
6.109800
4.892130
5.109816
5.109816
4.840060
4.868553
4.868553
4.868553
6.175320
5.284964
5.284964
5.284964
5.394910
5.394910
5.412958
5.412958
5.412958
8.875338
6.253399
6.070620
6.070620
6.070620
6.070620
5.533241
4.715341
5.688543
5.688543
5.082343
7.975729
5.568956
5.568956
5.592194
5.592194
4.993094
6.167081
6.167081
8.817832
8.817832
5.013028
4.877487
4.877487
4.877487
5.334835
5.334835
5.021196
5.080103
5.080103
4.964562
5.305860
5.305860
5.170579
5.170579
5.323801
5.323801
5.464285
5.464285
7.341369
7.341369
5.080324
5.080324
4.763507
5.802621
5.802621
5.802621
5.302279
5.464632
5.464632
5.798060
55.419807
4.803330
5.113386
5.113386
5.113386
5.185780
5.185780
5.185780
4.883446
5.317326
4.945386
4.945386
8.067848
8.067848
4.903707
4.903707
5.259172
5.259172
4.903804
4.903804
5.5.695460
5.695460
5.695460
4.898867
4.972953
5.342684
5.342684
5.342684
5.493086
4.810014
4.825513
4.825513
7.320596
7.320596
4.837527
5.246169
5.246169
5.439881
5.439881
5.621825
5.471683
5.471683
4.899582
5.839917
5.426903
5.426903
5.519441
7.088344
7.088344
5.431010
4.995496
7.388832
7.388832
7.388832
7.388832
7.388832
4.919042
5.207100
5.207100
4.769270
4.883825
4.922246
4.922246
4.922246
4.919532
4.919532
5.730561
5.730561
5.730561
4.731032
4.898430
6.035711
4.925380
5.061712
5.257756
5.257756
5.257756
4.890940
5.377003
5.377003
5.112517
5.112517
4.848743
4.928603
4.928603
4.789033
5.645602
5.645602
4.798759
4.798759
5.498714
5.306015
5.306015
5.317345
5.317345
4.852654
5.528950
5.528950
5.613996
4.955685
5.200498
5.351981
5.351981
5.351981
7.389567
4.918147
4.918147
4.918147
4.786348
5.917864
6.244591
6.244591
4.861148
5.192335
5.418741
5.418741
5.181467
5.603843
5.538249
5.603702
4.782087
4.782087
5.307232
5.307232
5.6532505.653250
4.989228
7.401686
5.476447
5.476447
5.812734
4.851841
4.851841
5.751811
7.933169
7.933169
7.600608
7.600608
7.600608
6.112099
6.112099
4.909327
5.401246
7.404165
7.404165
7.404165
4.884934
4.884934
5.306324
4.909940
6.028293
6.028293
5.884085
5.884085
5.578719
5.578719
5.250435
5.360877
5.360877
5.529082
5.519476
5.534335
4.875415
4.993667
5.241106
5.241106
5.241106
5.241106
4.884949
5.031302
5.031302
5.031302
5.581992
5.009110
5.009110
6.014456
5.445105
5.445105
4.934256
6.750508
6.750508
5.004184
5.073838
5.200968
5.752420
4.927426
4.927426
4.927426
7.596220
5.007987
5.007987
5.007987
4.974455
6.962544
5.358050
5.358050
5.570281
5.082269
5.106440
5.106440
4.806459
4.806459
5.244695
5.244695
5.244695
7.357097
4.928001
4.928001
4.928001
4.918788
4.825780
4.825780
4.825780
5.520805
5.520805
5.520805
4.860637
4.860637
7.283328
7.283328
5.376503
5.376503
5.015906
5.015906
4.907654
5.085727
5.085727
4.886560
5.134449
5.134449
5.134449
5.134449
5.530944
5.530944
5.001704
5.001704
5.341455
5.341455
5.643579
5.643579
4.768444
4.768444
4.868658
5.450241
5.603920
5.603920
5.062295
5.341664
5.341664
5.008585
5.008585
5.008585
5.008585
5.008585
9.260202
5.246881
5.246881
5.246881
4.875717
5.378174
5.378174
5.385266
5.385266
5.399020
5.753531
5.537950
5.537950
5.537950
4.862609
4.862609
5.816110
4.901244
5.661230
12.586912
5.481979
5.481979
5.560599
5.472109
5.472109
5.406423
5.290056
5.290056
5.314263
5.314263
5.582503
5.335272
5.335272
5.023234
5.023234
5.023234
5.023234
4.866743
4.915276
4.915276
4.915276
7.645463
7.645463
4.852628
5.491557
4.976885
4.976885
5.689616
5.689616
5.689616
4.820761
4.820761
5.228334
5.008287
5.008287
5.008287
4.992180
4.992180
5.498458
5.498458
5.238991
5.534966
5.740579
5.740579
5.126365
5.168710
5.168710
5.173095
4.919716
4.919716
4.919716
5.675562
5.718856
4.829928
4.968258
4.968258
4.899270
4.898732
4.898732
5.305780
5.016344
5.375898
5.375898
4.918009
4.918009
5.494193
4.870624
4.968366
5.228970
5.228970
4.890268
4.890268
7.175721
7.175721
7.175721
7.175721
5.593173
5.593173
5.393243
5.393243
5.691136
5.691136
5.592905
5.435454
5.435454
5.440181
5.440181
5.745161
5.628888
4.959687
4.959687
4.959687
5.138194
5.138194
5.138194
4.782933
4.912119
6.547695
6.547695
5.938418
5.938418
5.938418
4.878903
5.090283
5.446783
5.726194
6.892131
6.892131
6.892131
5.714083
5.638635
5.879172
5.879172
5.879172
4.805817
4.805817
5.071074
4.957716
4.957716
5.468906
5.448381
5.448381
5.589978
5.589978
5.567719
5.557023
5.557023
5.427023
5.427023
4.862859
4.862859
4.905806
4.905806
4.905806
5.850121
5.850121
4.884722
7.477653
4.924361
4.924361
4.994296
5.347279
5.347279
5.615471
5.048689
5.414199
5.414199
6.197623
6.197623
4.919826
.923612
.923612
.923612
4.806899
4.806899
5.315056
5.315056
7.286521
5.025757
5.025757
5.601436
5.073181
5.565933
5.565933
5.626705
4.760122
4.760122
4.760122
5.529836
5.529836
5.529836
5.361541
4.844237
5.380956
5.627204
5.627204
5.627204
5.627204
5.489679
4.910514
4.795106


5.615042
5.615042
5.026374
5.026374
5.133820
44.911509
5.044795
4.996375
4.996375
4.816906
4.816906
5.773919
5.773919
5.773919
5.773919
4.877763
5.577754
5.415180
4.887036
4.887036
5.710973
5.572300
5.572300
5.028146
5.140331
5.607148
5.628478
5.164913
5.164913
5.164913
6.329713
5.695053
5.695053
4.898230
5.027835
4.915333
4.990852
7.305657
4.746125
4.746125
4.885491
4.885491
4.848584
4.904641
4.862815
4.862815
4.862815
4.924102
4.924102
5.383577
4.751129
5.627701
5.627701
5.627701
5.886582
5.024163
5.471850
5.196810
5.196810
5.746108
5.400149
5.319451
4.880866
4.861151
4.861151
4.910417
4.910417
4.910417
5.860434
5.860434
4.918089
4.968670
4.968670
5.567772
5.449532
5.012086
5.001470
5.436551
4.926456
5.400338
5.400338
5.400338
5.400338
4.962272
4.958522
4.958522
4.782350
5.258032
5.258032
5.967492
5.967492
5.967492
4.800036
4.800036
5.316177
5.316177
5.525337
5.717716
5.486234
5.486234
5.405350
5.405350
5.494212
5.494212
4.906394
4.906394
5.627053
5.111956
5.664756
5.306504
5.306504
4.938030
5.186661
5.160452
5.160452
4.906323
5.971562
5.971562
5.971562
5.538766
5.538766
5.538766
4.765035
5.597681
5.597681
4.867755
4.912121
6.407405
5.212326
5.624194
4.808748
4.845750
5.276107
5.276107
5.042766
5.627684
5.406646
5.463290
5.545604
5.404730
5.404730
4.831338
4.831338
5.356618
4.983139
4.983139
6.941316
6.948915
6.948915
4.878580
4.949829
4.949829
5.483559
5.483559
4.940795
4.940795
4.940795
5.354040
5.290805
4.884330
44.940375
4.940375
4.870395
4.870395
4.870395
5.413714
5.331674
4.677115
4.677115
4.677115
7.876259
4.906614
5.256400
4.906614
5.256400
5.561877
5.579841
5.579841
5.790348
5.389189
4.871307
4.871307
8.169717
5.698245
5.843248
4.953026
4.953026
4.882653
4.882653
5.091034
4.777255
5.685407
7.415793
7.415793
4.870431
4.870431
4.870021
5.416101
5.374434
5.374434
4.949188
4.995236
4.995236
4.995236
4.995236
4.961440
4.961440
4.961440
5.111356
5.111356
5.643369
5.380258
5.380258
5.204628
5.204628
5.509232
4.958053
5.529886
5.654806
5.529067
5.529067
5.529067
5.649201
4.957504
5.671647
7.7.956280
5.311855
5.003957
5.003957
5.107483
4.928154
4.928154
5.691620
4.878946
5.625611
5.625611
5.625611
4.885905
4.885905
4.906206
5.283275
7.349001
5.122434
6.545095
6.545095
4.793111
5.587424
4.973330
4.973330
5.887204
5.325823
5.325823
5.536502
5.515420
4.882007
5.482242
5.482242
5.013903
5.013903
5.013903
5.154931
5.712791
4.789452
4.789452
4.871322
5.756182
5.486023
5.486023
6.906684
5.014654
5.014654
4.873161
4.873161
4.873161
5.619722
5.619722
4.830288
4.918790
4.918790
5.559829
5.781978
7.566924
7.566924
5.618766
5.618766
5.238098
5.238098
4.699028
4.699028
6.044409
5.577407
5.577407
5.577407
5.645591
5.314584
5.450202
8.331348
5.691612
5.002764
5.002764
5.477225
8.032510
8.032510
4.952156
5.025578
5.211475
5.211475
5.211475
5.055901
5.521847
4.920855
5.051111
5.051111
5.350561
5.350561
5.235630
4.894638
4.894638
4.894638
5.321142
5.321142
6.997701
6.997701
4.979466
5.514831
5.514831
4.857495
4.857495
5.174738
5.212405
5.212405
4.842109
4.842109
4.842109
5.255777
5.325514
5.409190
5.513265
5.321423
5.321423
5.854386
5.539763
5.190930
5.190930
4.918987
4.918987
4.918987
4.918987
5.493609
4.803542
5.386100
5.072530
5.072530
4.844782
4.844782
4.844782
5.308362
4.877528
5.681198
5.010963
5.168085
5.168085
5.168085
5.168085
5.168085
5.337368
6.070650
4.962397
4.896327
4.962397
5.318345
5.318345
5.415351
5.415351
5.567998
5.567998
5.585327
5.585327
5.432155
5.483712
5.483712
4.897663
4.897663
4.897663
7.827350
4.955223
4.955223
4.955223
6.337595
6.467634
6.467634
6.467634
5.088442
7.872834
4.960778
5.494387
5.794796
5.794796
5.085898
5.085898
5.085898
5.085898
5.906278
4.897381
4.868700
5.739710
5.739710
4.832173
4.832173
7.396738
7.396738
7.396738
6.069623
5.468073
5.465234
5.465234
5.578770
5.649294
4.921064
6.854402
6.854402
6.854402
5.543754
5.543754
5.579097
5.781967
5.078367
5.078367
5.078367
5.653220
4.835872
4.835872
4.817281
5.546110
4.944532
4.944532
4.809350
4.623052
5.745701
4.970647
5.227798
5.227798
5.227798
4.843499
4.843499
4.833603
624527
624527
5.429411
4.878703
5.396807
5.396807
4.895217
4.895217
5.049320
5.246620
5.246620
5.137118
5.137118
5.138646
4.844209
5.442203
5.442203
5.225623
5.321011
5.321011
5.204328
4.735855
5.145919
5.145919
5.457634
5.852075
5.450687
4.843984
4.843984
5.622968
5.622968
5.502961
5.284926
4.922338
5.557062
6.504586
6.504586
6.504586
5.764194
5.764194
5.006049
5.006049
4.974062
4.805891
4.805891
6.727362
6.727362
5.123914
5.443890
5.789835
5.288882
5.288882
5.183604
5.475059
5.096651
5.289214
5.289214
5.839907
5.839907
5.839907
4.865710
5.790095
5.790095
5.790095
4.898541
5.014670
4.773036
5.635353
5.635353
5.943973
5.323568
5.323568
5.069442
5.542271
5.542271
4.947460
283898
283898
4.935053
4.935053
7.450544
7.450544
4.926552
4.825331
4.825331
4.976799
4.976799
4.948562
4.985928
5.089270
5.089270
5.589925
5.396609
4.773013
5.568121
5.568121
4.911672
5.292794
5.061480
4.869308
4.869308
4.869308
5.034605
4.804755
5.194188
6.092336
4.934961
4.934961
5.308230
5.308230
5.047930
4.902363
5.120031
5.120031
5.062738
5.062738
4.838827
5.449987
5.449987
5.216353
4.894012
4.894012
4.894012
4.857500
4.857500
4.753404
5.628051
5.628051
5.382105
5.027576
5.301368
5.301368
5.740444
5.247207
5.247207
5.267785
5.267785
5.267785
5.529564
5.529564
4.817852
4.817852
4.896104
4.790142
4.790142
4.790142
4.847199
4.847199
4.941943
4.941943
5.284646
5.284646
6.820371
8.463481
5.809197
5.809197
5.389159
5.389159
44.874348
10.720026
4.905642
4.905642
4.905642
4.905642
5.309150
5.309150
5.409774
5.506701
5.679762
5.454529
5.454529
5.664228
5.664228
6.323785
4.835040
4.835040
4.835040
6.121769
7.220644
7.220644
5.069455
4.996875
4.996875
4.996875
4.763234
4.873629
4.763234
5.187940
5.187940
4.818906
4.818906
5.442342
5.450208
4.949122
4.905528
4.905528
4.948905
4.948905
9.466728
5.763778
5.763778
4.836662
6.766115
5.221770
5.221770
5.221770
5.477043
5.296090
5.296090
5.571586
5.060845
5.060845
5.294436
5.057090
5.503446
5.503446
4.928875
4.928875
5.720022
5.627837
5.627837
5.627837
4.972347
5.460660
9.320916
9.320916
9.320916
9.320916
6.116340
5.339665
5.490927
5.490927
5.347152
5.347152
4.953427
5.645931
4.796606
4.796606
4.796606
4.873456
4.793713
4.793713
5.299347
4.791105
5.156359
5.156359
4.869615
5.244789
5.656808
5.656808
5.723976
5.504914
5.504914
5.823954
5.154467
4.919961
4.919961
4.919961
4.953893
4.953893
5.338562
5.338562
5.338562
5.616303
5.493840
5.493840
5.274955
5.074377
5.074377
5.074377
6.236429
4.895948
4.895948
4.895948
4.895948
5.472865
5.472865
5.472865
5.497450
4.821255
4.821255
4.821255
5.320459
5.320459
5.564537
11.761890
11.761890
5.421486
5.421486
5.666207
5.242110
4.804557
4.804557
5.469877
5.469877
5.495845
5.495845
5.495845
4.903065
4.903065
4.903065
5.207683
5.207683
4.950245
5.080431
5.080431
6.550038
4.897784
4.856533
5.506042
6.464011
6.464011
4.929867
4.929867
4.926483
4.769632
4.819133
4.819133
4.991133
6.087793
6.087793
5.440736
5.296009
5.644262
4.850076
4.850076
4.850076
5.382071
5.808911
5.536550
5.488339
5.488339
5.534160
7.974683
5.610970
5.610970
5.452053
5.452053
6.978241
4.917587
4.917587
4.917587
4.935264
5.048746
5.310404
4.848506
4.833192
4.833192
5.344827
5.244735
5.696787
5.696787
5.696787
5.431282
5.739531
5.812794
6.351868
6.351868
7.288020
7.288020
6.220465
5.080942
4.881887
4.881887
8.011111
8.011111
5.492652
5.600818
5.364573
5.364573
5.430710
5.430710
5.765274
5.202458
5.202458
5.452101
5.452101
8.421117
5.118778
5.118778
5.118778
5.118778
5.682777
5.682777
4.830123
7.357665
4.776234
4.776234
5.176611
4.776234
4.776234
5.194923
5.136265
5.136265
4.838196
4.838196
4.900327
5.151587
5.151587
4.927568
4.927568
5.727209
5.727209
4.876440
4.943121
4.943121
5.481116
7.808894
7.808894
5.288059
5.288059
5.581257
5.558212
5.187198
5.187198
4.737360
4.916260
5.432874
5.432874
4.860351
4.860351
4.860351
4.974942
4.791405
5.799334
5.190840
5.190840
5.332331
5.539100
5.539100
5.539100
5.152816
5.576346
4.966653
4.966653
5.797065
5.797065
7.313777
5.015151
4.967613
4.967613
4.906139
5.449204
5.674859
5.674859
5.315299
5.468093
5.661132
5.404076
5.404076
5.516510
5.251672
5.251672
5.257028
7.273365
5.336345
5.336345
5.433928
4.811889
4.941039
4.941039
5.538480
5.538480
4.940831
4.966973
4.966973
4.902922
5.809445
5.233308
4.878411
4.878411
5.355103
5.233313
5.233313
5.061709
5.311287
5.311287
5.311287
4.768303
7.549788
7.955818
7.955818
7.955818
4.842423
4.842423
5.633945
5.195646
5.274826
5.274826
5.465277
5.198857
5.198857
8.172574
8.172574
5.367568
4.968280
4.968280
4.896914
5.566570
5.345340
4.913797
4.913797
5.522774
5.522774
4.847342
5.077322
4.847342
4.847342
4.847342
5.101385
5.101385
4.917052
4.917052
4.971873
4.939192
4.957096
4.957096
4.957096
4.877488
5.280610
5.280610
4.781576
4.781576
4.781576
5.027585
5.356733
5.058501
5.140466
5.140466
5.140466
5.438317
5.589623
5.589623
5.672114
5.492338
5.492338
5.122598
4.910878
4.910878
4.910878
4.945933
5.309247
5.309247
4.906007
5.057236
5.575230
6.895588
6.895588
5.953930
4.869143
5.004708
5.327109
5.327109
5.327109
4.919356
4.884998
4.884998
4.857362
5.435009
5.846914
5.612460
5.768484
5.768484
5.768484
4.770438
4.811175
5.741869
5.657937
5.556437
5.625409
5.047106
5.047106
5.628153
5.135361
5.262842
4.972700
4.791771
4.989341
4.989341
4.757267
4.900828
5.370988
4.818151
5.592934
.106447
4.946734
4.946734
4.946734
4.855440
4.855440
5.153734
4.814294
4.814294
5.845135
5.845135
7.379657
7.379657
5.450508
4.754394
5.248489
5.167852
4.826522
4.826522
5.299471
4.922693
4.922693
5.322270
5.421777
5.542712
5.504340
5.504340
5.584711
5.584711
4.893498
5.586925
5.274517
5.274517
4.893861
5.599407
5.599407
4.949953
4.949953
4.949953
4.972862
4.896307
4.896307
4.896307
4.870276
4.870276
5.303054
5.501729
4.868339
4.860354
4.868339
4.860354
4.945070
5.045770
4.896894
4.896894
5.240797
5.240797
5.240797
4.838895
4.838895
7.391704
6.675486
5.235260
5.212149
5.615717
5.615717
5.582351
5.247441
5.247441
5.711909
5.711909
5.586141
5.730848
5.528538
5.528538
5.528538
5.468973
5.468973
5.966305
5.966305
7.378608
7.378608
4.972013
5.623760
5.623760
7.405334
7.405334
4.851741
4.851741
5.018140
5.080298
6.313921
4.944476
7.883444
7.883444
4.886071
4.886071
5.053868
5.053868
4.904245
4.904245
7.744289
5.530124
4.861645
4.861645
5.503012
4.931365
4.931365
4.885883
4.885883
5.402926
4.852154
4.867448
4.867448
5.364527
5.364527
5.364527
5.101626
5.101626
4.880229
4.880229
5.230461
5.345967
5.345967
5.345967
4.898492
4.898492
5.678252
5.678252
4.855909
4.855909
4.855909
5.309139
5.309139
4.902856
5.053836
5.314679
7.310881
5.192475
5.192475
4.875490
4.875490
4.875490
5.169041
5.169041
5.412579
5.412579
5.217860
4.816389
5.496166
5.496166
5.677921
5.988644
5.365738
5.365738
5.365738
5.365738
5.011724
7.983387
7.983387
5.265240
4.892910
4.892910
4.832854
5.439414
5.439414
5.340246
5.340246
4.903942
4.903942
6.340801
6.340801
6.340801
5.590564
6.223507
6.223507
4.884153
4.884153
8.381408
4.833253
4.833253
5.038640
5.038640
5.378639
5.132150
5.445475
4.887917
5.520111
4.731151
4.925493
4.925493
4.720259
7.851249
7.851249
7.541956
7.541956
5.729074
4.915345
4.915345
7.997199
7.263370
4.836688
4.836688
5.643305
6.529373
4.968095
4.994435
4.994435
5.604995
5.592754
5.339638
5.339638
5.339638
6.133198
6.133198
5.393801
4.880429
5.057413
7.382610
7.382610
5.100543
5.009077
5.409676
5.635115
4.881840
4.881840
5.629899
5.515637
5.082022
5.379135
5.456169
5.456169
5.456169
4.958816
5.558627
7.025028
7.025028
7.025028
7.025028
4.904258
5.522326
4.813839
4.857498
4.857498
4.990192
7.955879
7.955879
7.035817
7.035817
4.884383
4.737783
4.937142
5.548401
4.970422
4.970422
5.327444
5.327444
7.525777
7.412773
5.980641
5.426995
5.980641
5.980641
5.538464
5.538464
5.643281
4.898704
4.898704
4.888474
4.852525
5.157603
5.157603
7.618793
7.618793
7.618793
5.518565
7.250790
4.861791
5.182894
5.182894
5.328908
5.328908
9.041295
9.041295
4.823654
5.382398
5.382398
5.382398
4.961585
4.961585
5.179352
5.179352
5.179352
5.239967
5.239967
6.159752
5.117582
5.117582
5.117582
5.747680
4.805520
5.257708
5.383399
5.145229
5.145229
5.799432
5.192661
5.224516
4.807625
4.807625
5.459989
5.459989
5.459989
5.840248
5.840248
4.903861
4.903861
5.301639
5.931168
5.931168
7.156475
7.156475
4.846096
4.846096
5.334025
4.937494
4.937494
4.937494
4.984483
4.946912
4.946912
8.029647
5.155232
6.921506
6.921506
6.921506
4.801941
4.801941
7.785257
6.572511
5.002557
5.002557
5.773016
5.033811
5.739086
5.444661
5.444661
5.618401
5.618401
5.572881
5.572881
4.859729
4.859729
5.649814
8.060690
4.963181
5.078497
5.078497
5.078497
5.246904
4.989010
4.989010
5.438455
5.438455
5.438455
4.962361
5.865483
4.994498
4.994498
4.994498
5.572758
4.957796
4.957796
5.287334
5.287334
4.896547
5.435728
4.944373
4.944373
5.769330
5.769330
5.769330
5.503771
5.503986
5.503986
5.305909
5.037968
5.037968
5.855555
4.834500
4.885513
4.885513
5.489748
5.040739
5.040739
4.823775
4.823775
4.823775
4.823775
5.523024
5.523024
5.081913
5.081913
5.081913
5.533612
6.314166
6.314166
4.915138
5.566793
5.566793
5.423804
5.403800
5.403800
5.403800
5.403800
5.138747
4.962793
4.890464
4.890464
4.890464
4.890464
4.835845
7.206897
4.943658
5.334937
5.334937
4.816002
5.604046
5.604046
5.568507
5.568507
5.446490
5.446490
5.304276
6.604425
6.604425
6.604425
5.025835
5.025835
4.862060
5.215055
5.215055
5.324910
5.155522
5.155522
6.2489314.985342
4.985342
4.901434
4.901434
4.954432
6.143417
5.246849
5.246849
5.512444
4.999756
6.820187
6.820187
6.820187
66.368678
5.218372
5.455471
5.747759
5.747759
5.602078
5.602078
5.193861
5.652805
4.864831
4.864831
4.907275
4.907275
5.252228
5.252228
5.252228
4.896687
5.552032
4.861706
7.620020
4.946593
4.946593
4.899607
5.432036
4.760952
5.512514
5.685564
5.685564
5.594128
5.594128
7.064541
7.064541
4.857340
4.960179
4.960179
4.960179
4.718302
5.117985
5.087165
5.087165
5.087165
4.852403
7.645278
4.785787
4.785787
5.645991
5.161652
5.689605
5.739566
5.492125
5.649688
4.951785
4.951785
5.520705
5.520705
5.520705
6.846460
6.846460
5.214999
5.088107
5.214999
5.214999
5.214999
4.835695
4.835695
4.835695
4.835695
4.846377
4.846377
4.846377
4.846377
5.181403
4.820506
4.820506
4.828704
4.848462
4.946533
4.906029
4.946533
4.946533
5.823895
5.278934
5.278934
4.904659
4.904659
5.483429
5.483429
5.424434
5.424434
4.876645
5.558090
4.937952
4.937952
4.918174
4.918174
5.661254
5.661254
5.661254
8.017494
5.540973
5.540973
5.371903
4.926831
5.351459
5.351459
5.468982
5.468982
5.351699
4.826171
4.826171
5.700168
4.966143
4.966143
4.966143
6.410742
6.410742
6.410742
4.952424
4.952424
4.827464
4.950867
7.552446
5.303810
5.691822
5.516792
5.516792
5.611034
5.603615
5.603615
5.736533
4.978980
4.978980
5.338869
4.824524
5.264488
4.848508
4.848508
4.948370
4.991093
4.991093
4.975385
4.975385
5.560150
4.932089
5.806289
5.189626
5.189626
5.189626
4.921281
4.921281
8.078155
8.078155
8.078155
5.453323
4.877231
6.235384
4.877231
6.235384
6.235384
4.731898
6.210255
6.210255
4.820882
5.575609
5.575609
5.288524
5.288524
5.376711
7.988960
7.988960
4.886916
4.886916
4.886916
5.575838
5.015113
5.430453
4.907899
5.547752
5.822074
5.058182
5.058182
5.058182
5.058182
4.811843
4.825587
7.217552
7.217552
7.217552
5.047631
5.609747
5.609747
4.962151
4.962151
4.962151
5.869505
5.869505
5.182230
4.906263
5.462191
5.462191
7.697655
7.697655
5.493143
5.002221
5.002221
5.798471
5.574539
5.574539
5.159932
5.427939
5.427939
5.387451
5.387451
4.950080
4.950080
4.950080
5.281227
5.289736
4.988290
4.988290
5.352704
5.186121
5.186121
7.517050
4.889924
4.889924
4.951504
4.951504
4.962401
44.882527
4.980249
4.884040
4.884040
5.564957
5.564957
4.799153
4.799153
4.749207
5.239647
7.847176
5.440714
5.440714
5.314874
5.314874
5.537399
5.537399
5.488478
5.450961
5.450961
5.425401
5.425401
5.376699
5.376699
7.461747
5.557483
5.557483
5.424018
5.424018
5.650340
9.747607
9.747607
9.747607
5.260700
4.860483
4.935281
4.935281
6.217259
6.217259
6.217259
6.490885
5.490642
5.490642
7.342142
7.342142
5.187355
5.187355
6.534219
6.534219
6.534219
5.308416
5.599757
5.599757
5.478313
5.463953
5.489124
5.489124
5.128082
4.759849
4.759849
4.759849
8.163023
5.238037
5.529416
5.529416
4.903836
5.598983
5.598983
5.571257
4.937349
4.937349
5.297209
5.297209
5.945355
5.945355
4.852575
5.561777
5.561777
4.893814
5.723438
5.723438
4.998438
4.998438
5.412113
7.295404
4.864548
7.295404
5.549181
6.533700
6.533700
4.876108
4.947323
4.947323
5.432523
5.675718
5.675718
5.448916
5.448916
5.243261
5.243261
5.452919
5.610798
4.705632
4.882511
4.882511
4.858174
5.863667
5.863667
5.863667
4.934489
4.934489
5.153387
5.455084
4.914739
4.914739
5.115629
6.673863
6.673863
6.673863
6.673863
5.087194
5.087194
8.336729
5.260135
4.704896
4.704896
4.704896
5.441608
5.441608
4.949052
5.195446
5.651493
5.651493
5.394524
8.206784
8.206784
5.392353
5.392353
5.175465
5.489628
8.318441
8.318441
5.042967
5.609335
5.459606
5.459606
4.890208
5.386669
5.164575
5.164575
5.164575
4.997015
5.252139
5.252139
5.252139
5.252139
5.350594
4.859383
4.881825
4.921905
4.951623
4.951623
4.951623
4.959550
4.845087
4.845087
4.816688
5.105484
5.312748
5.312748
5.312748
5.312748
5.390041
5.644996
5.360890
5.608961
5.501801
5.228441
5.228441
5.593707
5.711962
5.610063
5.610063
5.685037
5.685037
5.120899
4.894092
4.894092
4.926796
4.926796
5.435414
5.280436
5.392720
4.800078
5.392720
5.331262
7.426944
7.426944
5.519648
5.519648
4.902129
5.029406
7.753583
7.753583
7.753583
5.429376
5.733817
5.062776
6.432860
6.432860
4.915043
4.848135
5.479092
4.877533
4.877533
5.669237
5.530319
5.530319
5.118037
5.118037
5.265417
5.265417
5.371482
5.371482
5.371482
4.874911
4.874911
5.053789
5.053789
5.186836
5.186836
5.186836
5.102574
5.102574
5.102574
5.102574
7.206454
7.206454
5.375718
7.536085
5.390529
4.927335
5.185028
5.185028
5.185028
5.328828
5.5.214084
5.245017
5.245017
5.455667
5.325914
4.903692
5.598111
5.320103
5.320103
5.521009
5.521009
5.881475
5.881475
6.116634
6.116634
5.544240
4.986284
4.986284
4.986284
5.631225
5.631225
6.188021
4.961741
.120090
.120090
5.169724
5.169724
5.022706
4.905583
4.905583
4.905583
5.340115
5.340115
6.176871
5.415920
5.506959
5.506959
5.407238
4.848104
4.848104
4.848104
5.615476
5.389355
5.393040
5.393040
5.393040
5.058502
5.350703
5.507532
5.358073
5.358073
5.437955
5.437955
5.068056
5.758195
5.758195
4.937220
4.937220
5.818211
6.437153
6.437153
4.931394
4.931394
4.931394
5.468414
5.468414
5.468414
4.961307
5.145367
4.780478
5.384399
6.696676
6.696676
6.696676
4.924064
4.815898
4.815898
4.848672
4.951554
4.893226
4.893226
4.893226
4.896623
5.015552
5.631212
5.631212
5.672982
5.466675
5.466675
5.217501
5.217501
5.670161
4.947226
5.413665
5.403634
5.403634
5.403634
7.742654
4.790844
5.152316
5.152316
5.556462
5.556462
5.689434
7.657083
5.009816
5.009816
5.009816
5.009816
5.569883
5.795814
4.869736
4.869736
4.869736
5.035801
5.035801
5.716554
5.716554
4.886201
6.143259
6.143259
6.143259
5.737437
5.737437
5.069938
5.069938
5.608853
5.570201
5.570201
5.591495
5.115941
5.115941
4.926005
5.188000
5.219997
5.219997
5.099157
4.886696
4.886696
5.825383
8.291248
8.291248
8.291248
6.666548
6.666548
6.102382
4.965533
4.965533
4.906884
4.906884
5.331755
5.338631
5.022207
5.022207
5.208216
5.208216
4.831545
4.802205
5.291063
5.291063
6.463341
5.994244
6.178852
6.178852
6.702140
5.243489
5.279212
4.846319
4.846319
5.505248
5.505248
5.474005
7.660591
7.660591
7.660591
5.390512
5.413739
4.881134
4.881134
5.270395
5.270395
5.558617
5.558617
5.804973
5.804973
5.335606
5.335606
5.335606
5.335606
4.975640
5.623024
5.067212
5.067212
5.067212
4.927779
4.955344
4.871228
4.871228
4.871228
4.898892
4.803913
6.194086
5.588807
5.288916
5.288916
5.375603
4.800345
5.423607
4.869407
4.869407
4.904783
5.673968
5.673968
4.904696
4.843344
4.843344
5.285403
5.330768
5.330768
4.855087
4.855087
5.552711
4.855087
5.552711
4.945198
4.945198
5.475942
5.475942
5.475942
5.045335
5.738189
5.738189
5.738189
4.900096
5.282407
5.282407
4.885195
4.885195
4.931160
4.931160
4.931160
4.931160
6.545258
5.692949
5.692949
5.184839
5.620897
5.565546
4.934417
4.934417
5.375278
5.469399
4.934654
5.578535
5.603328
5.458255
5.458255
.439003
4.935496
7.898960
7.898960
7.898960
5.321258
5.321258
4.967447
4.781370
4.894981
4.894981
4.894981
4.894981
6.195770
5.349882
5.349882
4.955005
6.409987
6.409987
4.868540
5.599313
6.6.053209
6.053209
7.391470
7.391470
5.203898
5.203898
4.974809
5.340577
7.997479
7.997479
5.425957
5.475225
5.594035
5.483989
5.483989
5.005932
5.005932
7.366885
5.557954
4.896510
4.896510
5.507773
5.507773
5.394362
5.053338
5.016562
5.344027
5.344027
5.504883
5.504883
4.911400
6.262894
4.934278
4.934278
4.934278
5.190604
5.190604
6.883062
5.573185
5.573185
4.844180
7.192444
7.192444
4.948258
4.948258
7.328715
7.328715
5.467570
5.467570
7.862868
5.759432
5.759432
5.620561
5.353164
5.353164
5.291349
5.961173
5.961173
5.684654
5.684654
5.684654
4.989379
6.155706
6.155706
6.155706
6.155706
4.919608
4.919608
5.018861
5.018861
4.902929
5.216545
5.216545
5.216545
5.216545
6.105347
4.832990
4.825673
5.395002
5.395002
5.395002
5.066936
5.066936
8.039778
7.944709
7.944709
5.312487
5.449567
5.089625
5.089625
5.440557
5.440557
5.748091
5.511888
5.513614
4.977998
5.608275
5.443443
5.443443
5.384915
5.751021
4.907388
4.907388
5.050884
7.357498
7.357498
5.368876
5.368876
5.368876
5.230778
5.230778
5.002374
5.002374
5.578401
5.578401
4.856780
4.856780
4.806279
4.779750
4.779750
5.052600
5.341356
6.938940
6.938940
6.938940
5.392270
5.392270
5.201267
5.632746
5.503300
5.654051
4.959328
5.747330
5.623271
5.623271
4.945103
5.670170
5.670170
5.952497
4.893714
4.893714
5.501929
5.394540
5.394540
5.302854
5.095246
5.095246
5.206577
5.280731
5.280731
5.280731
4.858710
4.858710
5.445139
5.340674
5.340674
7.272216
5.184468
5.184468
5.184468
5.184468
4.832301
5.228762
5.228762
4.865015
5.582481
5.441787
5.473414
5.473414
5.448596
5.448596
5.781431
4.941337
4.941337
5.628799
5.116090
5.116090
5.116090
4.981952
4.981952
4.981952
5.239820
4.900388
5.553283
4.845407
5.398066
5.596588
4.891704
4.891704
4.891704
5.429630
4.887234
4.887234
4.887234
4.902510
5.348445
7.593606
7.593606
5.395443
5.947697
5.947697
7.020320
7.020320
7.020320
7.296785
5.063042
5.063042
4.839948
5.573360
5.594928
5.594928
5.388360
5.259601
4.900541
4.900541
4.826756
4.826756
5.477389
5.477389
5.314382
4.976303
4.976303
5.575051
6.104004
7.876000
7.876000
4.874066
4.874066
4.874066
4.858733
4.874174
5.589101
5.589101
4.910762
4.910762
5.546697
5.546697
5.245117
5.245117
4.760054
5.639059
5.639059
4.871718
4.871718
8.069874
4.878839
4.878839
4.823736
4.823736
5.329872
5.329872
4.918750
4.872681
5.110138
5.110138
5.086343
5.086343
4.820596
4.820596
5.010017
5.010017
5.487707
5.775615
5.122820
9.800976
9.800976
7.716859
7.716859
5.353147
5.353147
5.353147
5.617551
5.617551
5.094327
5.617551
5.281540
5.281540
5.334365
5.334365
4.866475
4.866475
4.785667
5.860641
4.785667
4.821107
4.821107
5.809595
5.141251
5.241844
5.798169
5.798169
5.678519
5.678519
4.772560
4.772560
6.709757
6.709757
6.709757
5.127646
5.127646
5.464813
5.464813
4.965015
4.884969
4.884969
4.992953
4.992953
5.311455
5.468246
5.468246
5.468246
5.468246
5.293694
5.293694
4.887407
5.640111
5.041432
5.304390
5.304390
5.304390
5.304390
5.809875
5.809875
5.809875
5.407912
4.991613
5.413512
4.952010
5.491361
5.643604
5.643604
5.522155
5.494161
5.494161
5.328354
5.328354
5.529369
5.059962
5.639826
5.763629
8.321991
8.321991
8.321991
5.121178
4.987958
4.987958
4.987958
5.298016
7.876370
5.149792
4.905203
4.905203
6.647806
4.817442
4.817442
4.961569
4.961569
5.309979
5.309979
4.938015
5.684734
5.684734
5.068390
5.068390
5.068390
6.720955
5.521151
5.510646
5.362351
5.466116
5.362351
5.601688
5.037658
4.875675
5.162036
5.342557
5.573231
5.413388
5.413388
4.861969
4.861969
5.685809
5.685809
5.494377
5.262871
5.374735
4.860015
5.240919
5.240919
4.970178
4.881557
4.881557
4.881557
4.881557
5.940167
4.968773
4.908166
4.908166
6.663533
6.663533
4.955476
7.633055
4.826393
4.826393
4.803761
5.847729
5.412469
4.865127
5.481227
5.521655
5.335493
5.335493
5.449834
5.449834
5.449834
5.431485
5.431485
4.913249
5.466923
4.913249
4.913249
5.216401
5.216401
4.998064
4.873284
5.457353
5.457353
5.457353
4.932084
5.527454
5.527454
5.542837
5.542837
7.082723
5.796284
4.807896
4.942395
4.855313
4.855313


5.754958
5.754958
5.754958
5.129488
5.129488
5.403515
5.108932
5.683168
5.527367
5.527367
5.634990
5.364434
5.364434
5.750533
5.420341
5.420341
5.602129
5.602129
5.438525
5.285870
4.968398
4.968398
4.968398
5.281429
5.146976
5.146976
10.220056
10.220056
4.970280
4.970280
4.970280
5.535797
5.203148
5.203148
5.203148
4.949904
5.001958
5.001958
5.256569
4.692359
5.169410
5.169410
7.982372
7.982372
7.982372
7.637572
5.383545
5.383545
4.870136
8.106536
8.106536
5.605446
5.486844
5.452698
5.452698
5.373298
5.346983
5.346983
5.346983
5.235977
5.443271
5.443271
5.443271
5.443271
5.209504
5.209504
5.209504
4.967849
5.395693
5.395693
4.930396
4.930396
4.930396
6.393486
4.976645
4.861721
5.392927
5.392927
5.392927
7.261849
5.509279
5.509279
5.509279
5.509279
4.875429
8.104160
5.482773
5.482773
5.442263
4.894576
4.894576
5.375090
4.750058
4.750058
4.855025
4.855025
5.245615
5.089945
4.734990
5.436107
5.604285
5.604285
4.868587
4.868587
4.868587
4.868587
4.880284
4.880284
4.872020
4.872020
6.577485
6.381671
7.940613
7.235035
7.235035
7.235035
5.515544
5.042826
6.040277
5.825652
5.825652
5.825652
8.071109
5.730906
5.730906
5.574800
5.280980
5.280980
5.538349
5.538349
5.740803
6.406653
5.312269
5.312269
6.017929
6.017929
6.017929
5.652805
5.652805
5.775954
5.775954
7.527917
4.926010
5.056047
5.772676
5.772676
4.837240
5.039010
4.964247
4.964247
4.964247
7.621165
5.626320
5.417942
5.417942
5.104108
5.104108
6.297878
6.297878
6.297878
4.967982
4.738086
4.738086
5.009323
5.009323
5.627194
5.481738
5.481738
5.662178
5.576071
5.698844
5.698844
5.526475
5.144441
5.378965
5.322582
5.322582
6.607205
6.607205
5.695041
5.695041
4.964568
4.964568
4.964568
4.957075
6.652773
4.945712
7.587895
7.587895
7.587895
4.875448
4.982358
4.896754
5.859284
5.339842
5.339842
4.998715
4.998715
5.205317
5.205317
4.876673
5.205317
4.876673
5.516539
4.909640
7.257953
4.796179
4.796179
4.796179
5.427523
4.914448
5.487828
5.250035
5.596094
5.596094
5.596094
5.352197
5.352197
5.000185
4.876230
4.876230
4.876230
6.651243
5.236593
5.236593
5.236593
5.032100
4.996987
5.371040
4.965532
4.965532
6.555071
4.954347
4.956250
4.956250
4.956250
5.405522
4.864854
6.111518
5.585571
5.585571
5.451014
5.451014
5.075625
5.075625
5.496456
5.510839
5.041680
5.760118
4.947358
4.947358
5.312073
6.021839
4.853365
5.288771
5.288771
5.288771
7.392095
7.392095
7.392095
4.769483
4.769483
5.163518
5.342732
5.530785
5.079694
5.079694
4.954492
4.954492
4.954492
4.881541
5.300952
5.540792
5.540792
5.540792
5.554308
4.825122
5.263391
6.284334
5.530441
5.530441
5.530441
5.530441
5.530441
5.653930
5.653930
5.549038
5.202743
5.202743
5.512149
5.536824
5.536824
4.745356
4.981870
4.981870
4.867738
5.539264
5.539264
5.023106
5.023106
5.023106
5.023106
4.978609
5.171776
5.728265
5.728265
4.850098
4.850098
4.850098
5.095431
5.095431
6.687583
6.687583
5.404440
4.994950
6.816207
6.816207
6.173332
5.235456
5.235456
5.235456
4.890868
4.890868
4.887204
4.887204
4.887204
4.798421
5.475936
5.105239
5.429296
5.429296
5.588497
5.588497
6.738536
6.738536
6.738536
5.150181
5.577158
4.858613
7.273717
4.921499
4.921499
5.440327
5.440327



5.589229
4.881024
5.555508
5.555508
5.296496
5.296496
5.542866
5.542866
5.179264
4.940613
5.179264
8.633321
5.288816
5.288816
5.288816
5.511887
6.050071
6.050071
5.457597
5.183368
5.453793
5.453793
5.522094
5.932795
5.932795
4.893174
4.893174
4.893174
5.549777
5.570044
5.570044



5.596895
5.850985
5.850985
5.099951
7.551019
7.551019
7.551019
4.879298
5.702028
7.719579
7.719579
7.719579
5.026594
5.378611
5.874484
7.480056
5.874484
7.480056
7.480056
7.480056
6.478426
6.478426
6.478426
4.865018
5.710627
5.170348
4.926392
4.926392
5.377115
5.377115
5.339657
5.809317
5.508812
5.508812
5.265835
4.945516
4.945516
4.945516
5.574338
5.574338
5.574338
4.812405
4.803349
4.803349
4.913986
4.913986
4.858094
5.782874
5.782874
6.547546
5.781878
4.5.257598
5.257598
5.401466
7.206310
7.206310
5.629239
5.629239
4.909953
4.741409
5.762498
5.762498
5.592427
5.592427
5.782468
5.311697
5.593899
5.556878
5.575160
5.575160
5.550137
5.532541
5.174191
5.174191
5.338329
5.323949
5.078139
4.934090
4.826883
4.826883
5.468132
5.468132
4.905338
4.939210
4.926857
4.939210
4.926857
5.709400
5.709400
4.849244
4.885390
4.885390
4.991187
4.969086
4.969086
4.969086
4.969086
4.969086
4.860000
4.860000
4.860000
4.860000
4.860000
5.693267
5.454534
5.477494
5.129178
5.129178
5.366330
8.380933
8.380933
5.264602
5.264602
4.854117
5.360375
5.360375
6.499641
4.980833
5.408026
4.988524
5.638174
5.638174
5.638174
5.638174
4.839862
4.839862
4.839862
4.921694
4.921694
4.945937
4.945937
4.856605
4.856605
4.869526
5.819585
4.759472
4.839198
5.334294
5.474382
5.474382
5.038593
5.200832
4.955546
4.955546
5.228934
5.228934
8.554654
8.554654
5.140054
5.428442
5.457347
5.457347
5.673863
5.420247
5.420247
5.420247
5.357121
4.808291
4.958331
4.958331
8.035404
8.035404
4.899790
4.899790
4.986864
5.309966
4.881762
6.067959
4.881236
4.902754
4.902754
4.923377
5.254971
5.254971
4.918912
4.918912
4.924212
6.088953
4.775896
4.835053
4.835053
5.943595
5.943595
5.411414
5.381392
5.381392
5.381392
5.547078
5.398822
5.516628
5.550204
5.550204
4.888603
4.888603
5.725618
5.678998
5.678998
5.678998
4.885286
5.523903
5.523903
4.922165
5.409845
5.409845
8.016438
5.660500
5.660500
5.660500
5.066282
4.759924
5.010326
5.010326
5.796558
5.796558
5.796558
4.957565
4.957565
5.522029
5.522029
5.522029
4.831110
5.102807
5.102807
6.447843
5.629448
5.629448
5.844553
5.844553
5.637235
5.594603
5.656295
5.758681
5.551240
5.551240
5.580685
5.649393
5.121803
4.940484
4.940484
4.940484
4.940484
5.869400
5.869400
5.869400
4.892035
5.144450
5.144450
6.136387
4.915509
4.915509
5.105912
5.105912
5.105912
6.306395
6.306395
5.442952
5.449442
5.551893
4.944653
5.551893
5.551893
5.551893
6.035880
6.035880
5.604262
5.604262
5.369929
5.426996
5.572186
5.627987
5.484671
8.013788
5.303756
5.303756
5.303756
5.303756
5.666839
5.105963
4.911528
4.911528
4.911528
5.145284
5.145284
5.145284
4.916261
4.916261
5.526981
7.562084
8.127080
8.127080
5.972991
4.830330
4.830330
5.075131
5.492443
5.492443
5.492443
5.014880
5.205437
4.709811
4.709811
7.657458
5.128737
5.191992
5.837312
5.197327
5.197327
5.652541
8.058484
5.378030
5.378030
5.378030
5.794102
5.485478
5.483111
5.001729
5.768848
5.768848
5.768848
5.768848
5.811168
6.581575
5.652105
7.517357
5.683961
5.683961
4.924908
5.750715
4.896707
4.896707
4.896349
4.908949
5.725227
4.854727
4.854727
5.637262
5.221685
4.885302
4.885302
5.381236
5.381236
4.812835
4.812835
8.735318
5.537306
5.537306
5.175695
5.175695
5.451334
5.543295
5.451334
4.874248
4.924469
4.924469
5.730487
4.794936
4.853330
5.791163
4.853330
5.121639
5.121639
4.897644
4.897644





4.875645
5.204616
5.823363
5.823363
5.263655
5.263655
4.887933
4.887933
4.895610
4.895610
5.346101
4.733285
5.220022
5.529838
5.529838
5.529838
6.361606
5.514768
5.514768
5.774646
5.252377
5.080123
5.080123
4.780853
4.780853
5.061995
5.061995
5.493835
4.877252
5.355692
5.355692
5.355692
4.798636
5.343448
5.343448
.310450
4.989931
4.989931
4.989931
5.451008
5.569364
5.407492
5.407492
5.184454
5.184454
5.282229
5.282229
5.282229
5.577532
6.741309
5.106465
5.106465
5.106465
5.106465
5.106465
5.479532
5.669261
5.480263
5.480263
5.477912
5.599442
5.599442
5.638442
5.589575
5.589575
5.589575
5.617716
5.617716
5.617716
5.190689
4.866407
4.866407
5.744193
5.744193
5.744193
5.707004
5.707004
4.892566
6.255999
6.255999
4.972678
5.629135
5.629135
5.629135
5.666327
5.666327
5.666327
5.471702
5.471702
4.806171
5.146493
5.146493
5.146493
4.826570
6.421635
8.104869
5.509937
5.093235
5.093235
5.524023
5.524023
5.774161
5.774161
5.461466
5.461466
4.908311
4.908311
4.835420
5.715487
5.116388
5.116388
4.905142
4.905142
6.552127
5.136780
5.217052
5.466517
5.466517
5.466517
7.297212
7.297212
4.777282
6.085383
6.085383
4.886659
4.886659
4.886659
5.116437
5.183148
5.183148
5.183148
4.875643
5.170834
5.170834
5.170834
5.709765
5.339955
5.110419
5.110419
4.901632
5.847441
5.847441
5.358809
5.358809
5.743427
5.462407
5.462407
4.879159
4.809659
4.809659
5.530213
7.721663
5.505813
4.916644
4.916644
5.204040
4.916644
4.916644
4.897405
4.904965
7.992605
5.169849
5.169849
5.169849
4.948097
5.681730
5.681730
5.681730
4.890709
4.757022
4.993954
6.045977
5.233281
5.233281
7.661753
7.661753
5.459222
5.459222
5.560576
4.816918
4.816918
5.379723
8.140690
5.404112
5.416621
5.416621
4.803712
4.803712
5.268492
5.268492
5.268492
4.950762
4.952413
5.412708
5.957185
5.027294
5.490537
4.983670
4.983670
4.981210
5.371534
5.322081
5.322081
5.322081
5.324097
5.790544
75.056645
5.056645
5.006289
5.006289
5.006289
5.006289
5.285394
5.208134
5.673179
5.399214
5.555489
5.555489
5.585617
5.585617
5.479642
5.479642
5.479642
5.504305
4.860188
4.860188
5.498911
4.924363
4.924363
5.612627
6.008928
6.008928
4.975242
4.970874
4.957677
4.957677
4.957677
4.905308
5.118574
5.992864
6.308721
6.165807
6.165807
5.112827
5.112827
5.300327
4.828722
4.918645
6.171625
4.983512
4.983512
4.983512
4.983512
4.879514
5.638343
5.561161
5.561161
4.914773
4.914773
5.521863
5.931518
5.406013
5.406013
5.029326
5.028910
5.028910
4.934323
5.409299
5.409299
5.407462
7.497026
4.917738
4.917738
4.917738
5.805332
5.805332


6.112654
6.112654
5.618489
4.901030
4.901030
4.901030
4.916405
7.417446
7.417446
4.910803
4.822746
5.182717
5.462921
4.864184
4.960022
4.960022
5.062358
5.431966
5.325508
5.325508
5.079800
5.079800
5.608283
5.747797
4.654800
5.747797
5.601725
4.883749
4.883749
4.882086
4.926413
5.459147
5.459147
4.953686
6.579195
6.387753
6.387753
6.387753
4.880854
4.912339
5.068517
5.068517
5.068517
5.026585
5.026585
5.735393
5.735393
5.538540
5.772857
5.360468
5.413861
5.413861
4.650122
6.309468
5.650123
5.568561
5.568561
5.193356
5.791016
5.560194
5.560194
5.579127
5.579127
4.838238
5.359778
5.359778
5.359778
5.602478
5.476596
5.530467
5.103626
5.103626
5.103626
5.114910
6.419302
6.419302
5.123253
5.123253
5.123253
5.123253
5.391651
5.391651
4.909064
4.846928
5.085428
5.085428
5.085428


4.846102
4.831042
5.214149
4.831042
4.831042
4.923841
4.923841
5.499001
4.827089
4.827089
5.137803
5.137803
5.405007
5.405007
5.051229
5.481608
5.481608
5.481608
5.596106
5.596106
4.826490
4.826490
4.826490
5.851692
6.436754
5.851692
4.924334
4.924334
4.924334
4.931349
4.931349
4.907566
4.907566
4.907566
4.879724
5.581270
5.581270
5.071974
5.071974
6.696390
4.852677
4.852677
4.852677
4.852677
5.410343
4.953144
4.953144
5.244685
7.952715
7.952715
5.459122
5.471179
5.095187
5.095187
4.871561
5.577310
4.917378
4.917378
6.133647
5.560789
4.890545
4.890545
4.890545
4.900582
4.838537
4.838537
4.838537
5.010685
7.011604
7.011604
7.011604
7.011604
4.894766
5.259623
5.259623
6.828329
6.828329
6.828329
5.017283
5.134454
5.134454
4.817730
4.953396
4.953396
4.896148
5.602852
5.602852
5.785965
