12.515596
12.198903
12.360101
11.325694
11.325694
11.359139
11.359139
8.157341
11.811023
12.428806
7.417901
12.352238
12.328631
12.292791
9.825685
11.578280
11.578280
11.971169
11.761913
12.309317
12.005856
8.664435
8.664435
11.184326
8.035841
8.035841
11.606099
12.294771
9.584676
8.118507
11.291421
8.682889
8.778473
12.438714
11.461322
11.461322
11.460079
12.313118
12.488233
12.265288
9.306676
12.004635
.424029
11.901211
11.533375
11.640543
8.672457
12.150153
12.274563
12.407079
11.442206
13.136493
11.662508
9.059468
11.489515
12.265255
414183
12.206702
12.513453
11.968167
11.432557
8.093013
11.432557
8.093013
11.275746
12.313523
12.371247
12.249537
12.383856
11.813268
8.529667
11.813268
8.529667
12.307647
4.999185
11.448215
11.762809
12.459732
12.296817
9.491717
11.459702
11.643290
11.004625
11.907272
12.586336
12.165629
11.863088
8.524378
11.863088
8.524378
12.227338
11.994240
.309621
.717025
11.389655
11.638403
11.744414
11.744414
8.604284
6.374257
12.156182
6.374257
12.156182
6.374257
12.156182
11.560593
11.749554
11.472040
8.683248
12.480742
8.683248
12.480742
11.646350
11.129248
11.370656
12.277478
12.282384
11.451500
15.225063
15.225063
1111.918731
12.173726
11.516401
12.388655
11.550324
11.208812
11.001552
11.063948
11.223551
7.669404
11.223551
7.669404
11.341890
11.387695
8.439755
9.713131
11.431460
11.390572
11.390572
9.101314
11.308067
11.442866
11.802531
11.333264
11.144143
11.119041
11.263189
8.094140
12.208701
11.335734
11.711011
12.155390
11.196282
9.171368
11.432767
11.485182
10.853986
5.464525
11.368939
5.464525
11.368939
5.464525
11.368939
12.056764
13.689773
12.594166
11.501830
6.308556
11.805093
12.275854
12.275854
10.483200
12.275854
10.483200
8.909237
8.909237
12.062637
11.753733
11.626063
11.702442
11.178642
10.957381
11.476679
11.476679
11.326374
10.692917
11.982839
11.473547
8.030774
8.030774
.114579
11.677499
12.452995
12.452995
9.599877
9.599877
11.403559
11.403559
12.131723
11.824054
9.213213
9.213213
8.269292
12.199755
11.232346
12.166439
11.722006
11.594479
11.910812
11.910812
9.974059
9.974059
8.392639
8.440289
12.388135
10.966217
11.022045
11.022045
11.782137
10.754985
10.754985
9.899212
8.946033
12.349456
12.341368
11.384532
11.243402
11.268593
11.370927
.550406
11.817717
9.303108
12.314589
10.988744
12.314589
10.988744
12.314589
10.988744
12.449739
11.061897
12.314589
10.988744
12.449739
11.061897
11.512711
11.326285
11.326285
11.580204
7.682567
7.682567
8.972777
12.314192
11.517998
8.261854
11.077138
11.077138
12.285657
10.813820
11.568699
10.400789
10.400789
8.313216
11.351439
6.259075
6.259075
12.070313
11.509826
11.325232
12.425817
11.460155
11.175379
11.175379
8.546995
11.901379
11.868588
11.631248
11.886219
8.119319
11.085542
11.812512
11.124363
11.124363
9.148471
5.984110
5.984110
12.470034
11.572690
11.770255
11.772887
11.772887
11.293899
11.397146
11.397146
11.282789
11.504325
7.844043
11.504325
7.844043
11.504325
7.844043
11.683538
11.753345
11.132169
11.132169
8.039881
11.454606
12.009685
11.780313
11.294864
11.294864
13.076157
7.684142
11.406323
11.061559
9.759790
12.480154
12.265997
11.887553
11.569694
8.272217
5.617072
11.569694
8.272217
5.617072
11.569694
8.272217
5.617072
11.569694
8.272217
5.617072
11.632740
10.810537
11.084350
11.084350
7.963420
5.899493
11.578611
11.404745
11.400678
11.270119
11.270119
11.674299
11.674299
11.243997
12.070154
11.401641
10.598043
7.918552
11.162885
11.162885
8.190868
7.175189
11.828942
11.331478
9.318415
11.058652
11.058652
11.541719
6.536493
6.536493
11.745319
10.476119
10.476119
11.521083
11.430951
10.376785
11.755549
11.401731
11.352656
11.494186
11.835894
11.835894
10.856655
7.812953
11.341673
11.175527
11.934051
7.907031
12.841733
11.551000
11.551000
11.227862
9.796393
11.237237
11.339392
10.409750
10.409750
11.326486
12.307081
12.307081
12.197058
11.427149
12.307081
12.197058
11.427149
11.691769
8.737552
8.737552
8.841480
8.841480
10.077017
10.077017
8.331197
11.777137
11.777137
11.938073
10.701573
10.701573
11.498420
11.179947
12.301422
12.189805
5.503729
11.622855
11.031495
11.721565
12.245216
7.388544
11.916635
11.964100
11.684755
11.939084
8.663428
11.582423
11.363050
11.357738
11.464183
11.711296
11.465916
10.878212
9.701692
11.682478
11.855323
7.951230
10.902172
10.902172
12.183318
11.406164
12.183318
11.406164
12.183318
11.406164
12.267002
8.253883
12.183318
11.406164
12.267002
8.253883
11.492657
11.124500
12.389987
10.181978
11.595678
11.298868
11.741941
7.642775
11.244995
11.244995
10.038535
11.620730
12.348278
10.457061
10.457061
11.466688
11.466688
11.743364
12.416259
7.764879
12.447221
11.604324
11.022039
11.022039
11.737336
8.090909
11.758654
10.364226
11.802051
12.180572
11.896874
12.127309
11.377827
10.491747
12.044228
12.074685
7.609722
12.074685
7.609722
12.065120
12.065120
11.539490
5.012171
12.005539

11.973720
11.973720
11.740423
11.740423
11.607450
11.607450
11.313128
11.313128
14.277017
11.559630
11.313128
14.277017
11.559630
10.417735
11.313128
14.277017
11.559630
10.417735
11.777628
10.352768
10.352768
8.407347
12.377969
8.291276
18.480713
11.699227
11.990724
11.557615
11.557615
11.894979
11.479056
10.715549
11.338021
5.954674
11.584261
11.408963
11.224935
12.453459
12.453459
11.579056
11.322854
12.062245
12.464934
11.260001
10.213660
10.213660
11.964967
11.964967
11.323793
11.480309
12.374983
8.349008
12.374983
8.349008
6.738247
11.826110
11.791497
8.060909
17.696104
11.967576
17.696104
11.967576
11.705158
8.306165
12.210867
9.085227
8.455607
8.455607
10.472880
8.293928
12.418250
11.665936
11.902105
11.858163
12.470513
11.839983
10.832377
11.562166
11.371982
11.371982
11.842734
11.371982
11.842734
11.466064
11.359253
12.122839
11.347855
9.963049
9.963049
10.873273
10.873273
11.134608
6.701784
6.701784
12.242955
11.952097
11.952097
11.725642
11.631072
11.836248
11.804783
11.809918
8.227873


9.398459
12.403840
11.458372
11.458372
8.038242
12.448787
11.066356
11.066356
11.269102
11.447138
10.515905
10.021524
10.824142
11.833969
11.322446
10.888888
10.729493
10.354606
11.201287
11.201287
9.594938
.320967
12.379626
11.551606
11.124921
11.124921
8.525097
11.713501
12.523422
12.391126
11.640048
11.422296
11.542503
11.915787
9.762471
9.762471
11.622036
11.622036
10.999560
10.999560
11.778122
11.164230
8.316425
11.335200
11.262274
11.715761
993205
993205
11.696221
7.977211
11.696221
7.977211
11.809912
12.383313
12.383313
12.149005
12.383313
12.149005
12.202569
9.913000
12.383313
12.149005
12.202569
9.913000
11.277739
11.867736
11.867736
11.331853
11.431198
8.287197
11.718296
11.718296
11.411389
11.123266
11.801625
9.340829
6.323875
11.493191
12.559983
11.886406
12.345698
11.056074
9.412141
11.703353
8.619541
12.338469
12.299511
12.301255
11.287673
7.861151
12.151604
12.151604
7.691013
11.602367
11.382027
8.893740
8.893740
11.851288
11.347472
12.008779
11.661172
11.610556
12.096900
11.964264
11.948190
10.362030
10.362030
11.509854
11.509854
11.116295
11.116295
11.141495
11.141495
11.349042
11.954147
10.984287
12.423119
11.020424
11.818137
11.818137
11.150945
12.301081
9.308438
11.825443
16.389288
12.650688
16.389288
12.650688
16.389288
12.650688
11.808089
16.389288
12.650688
11.808089
12.392731
11.391387
11.088748
11.534735
11.779513
14.718547
14.718547
11.546121
11.633647
11.633647
8.178539
6.475326
11.414389
6.475326
11.414389
11.395465
6.727351
5.969839
11.010348
11.487038
10.931149
12.004214
11.778303
12.069106
9.856913
11.413644
11.403923
11.534994
8.587922
11.854432
11.547991
11.046554
11.085878
8.982861
11.294430
17.609513
12.308837
5.326140
12.279475
10.522633
12.320488
12.320488
11.919207
11.919207
7.996244
9.936980
8.234685
11.287335
12.255317
9.521683
108..771709274524

108..771709274524

11.637586
8.341262
10.878416
11.596042
11.712187
8.684464
11.439273
11.439273
12.315916
11.147409
11.439273
12.315916
11.147409
11.439273
12.315916
11.147409
12.358779
11.357555
8.982392
11.349321
11.395830
11.395830
11.459139
11.459139
11.421121
11.678981
11.738413
11.738413
11.454591
8.234177
11.745295
11.192616
11.743206
8.365402
11.322702
11.322702
11.322702
11.871149
11.586224
11.396835
.487573
6.602753
.487573
6.602753
.487573
6.602753
11.497047
11.185099
11.185099
11.731793
11.504180
11.504180
11.316989
11.619695
11.757841
11.145755
11.449780
10.851315
10.851315
11.554400
11.024966
11.539473
11.539473
12.474264
8.255345
11.312504
6.175992
11.231953
6.175992
11.231953
6.175992
11.231953
11.419967
11.419967
12.449975
11.938875
12.403443
11.920359
11.260189
11.242524
11.574632
12.064315
11.258972
11.481755
11.753680
11.812622
11.812622
10.602682
10.602682
12.392985
11.973615
8.073273
11.523515
11.778196
11.778196
7.724385
11.617890
11.778196
7.724385
11.617890
11.778196
7.724385
11.617890
11.477115
11.651359
10.798802
11.703067
8.115669
11.792830
11.298000
11.236340
8.168739
12.215201
11.671440
11.474744
11.694638
11.694638
747999
747999
12.443094
11.390648
11.524478
8.259314
11.929412
9.249794
9.249794
8.670898
11.424240
11.264967
12.390530
6.020802
11.305624
6.693839
6.693839
11.840124
11.785112
12.275549
10.433593
11.901594
10.593320
11.474925
12.398870
11.779680
11.567528
11.210622
11.331133
7.928231
11.427615
11.320774
12.170034
11.501318
11.501318
11.603311
8.188154
9.401060
9.401060
11.723711
11.723711
11.609629
11.723711
11.609629
12.239547
11.723711
11.609629
12.239547
12.228710
11.334847
6.467238
11.456935
10.565259
11.309838
12.293199
12.097909
12.097909
9.531470
9.531470
10.812345
11.370226
12.191691
12.595469
10.139162
11.437373
11.437373
10.249434
10.249434
12.519512
11.694917
10.495177
11.278895
11.513089
10.922127
10.922127
8.307933
10.384454
12.275745
12.275745
11.517480
11.517480
12.131981
12.364062
12.403687
8.475387
11.224256
11.600382
11.600382
11.306882
8.079176
9.992998
9.992998
11.714292
6.284343
12.164712
10.635448
10.635448
12.354994
8.087340
8.087340
8.087340
8.601991
12.471224
8.087340
8.601991
12.471224
8.087340
8.601991
12.471224
10.201078
11.574889
8.959528
11.369542
10.879643
7.623884
12.601635
10.753469
11.608049
11.563297
7.002410
12.469151
11.874098
11.070506
12.241383
11.660640
11.782805
9.841304
11.684257
11.557754
11.467865
10.471546
11.315875
9.733872
9.733872
10.830542
10.830542
8.195641
11.480755
8.328291
11.320841
11.108254
12.503677
11.459782
11.459782
9.691717
11.963842
11.235471
7.304856
11.359796
12.359105
12.004195
11.996035
8.343686
9.584684
7.780846
12.228048
10.238799
11.605940
12.242117
9.716470
11.669532
11.475202
11.060990
12.170445
12.170445
11.326572
12.318781
12.318781
12.234753
9.323772
12.318781
12.234753
9.323772
10.957710
11.698121
12.625695
12.625695
12.625695
11.571719
11.492805
11.520768
9.429600
9.429600
10.720050
11.885537
11.885537
11.394027
11.330479
11.519327
11.691901
13.667785
12.525824
9.074767
9.074767
12.162050
11.270475
11.270475
9.274552
11.351871
12.385301
10.678295
11.537743
11.645767
12.042185
11.730226
5.320895
12.428475
12.428475
11.675012
11.220324
10.742555
10.742555
11.900165
7.195240
10.678805
11.878107
12.320539
11.532530
11.346329
11.346329
12.269351
12.269351
11.577251
7.926915
8.261794
10.706153
11.549630
11.549630
12.348108
11.549630
12.348108
11.351983
11.549630
12.348108
11.351983
12.173275
11.348962
11.503352
6.189687
11.227708
6.189687
11.227708
11.410911
11.063868
11.063868
9.984455
11.589362
10.290981
10.290981
10.325473
11.439749
11.439749
11.457086
11.513509
11.513509
10.856504
11.276303
11.276303
11.179102
10.669276
10.669276
8.019687
11.852756
12.024405
11.826861
11.256156
11.731251
11.613765
11.504719
11.504719
12.397780
11.807955
11.298336
11.298336
11.579636
11.367919
11.367919
9.853858
9.853858
1611..760048649891

10.742789
8.336012
8.336012
11.245285
11.921795
11.891006
11.891006
10.928643
10.402845
10.856416
12.393945
11.555763
11.224148
12.691697
11.538535
8.646275
6.633595
12.316634
8.232774
8.232774
11.971392
8.232774
11.971392
11.792243
11.363657
11.859541
10.983400
10.983400
10.627352
10.627352
11.781625
11.295496
11.401324
11.513389
11.587518
11.633769
7.825239
11.636762
8.084846
11.636294
10.851952
10.851952
11.987514
11.130006
11.130006
11.246273
10.320209
11.517621
9.938091
9.938091
7.655105
12.257900
7.655105
12.257900
11.421957
12.259729
8.142010
12.475503
7.670957
11.447364
12.259605
11.702621
11.627694
11.414400
12.592058
12.083212
10.608841
9.892508
9.892508
10.482178
11.901844
11.901844
11.697658
8.443877
10.462260
10.462260
12.477349
10.462260
12.477349
12.580125
11.506022
12.262720
10.242305
11.284262
11.716329
11.716329
11.634600
11.408328
9.041553
11.181223
9.478764
6.531163
9.767333
9.767333
9.847877
10.993006
10.993006
11.393576
10.531755
11.230188
11.230188
11.393302
7.724977
12.094512
11.540212
11.527221
10.702316
8.059843
11.897149
8.221478
11.897149
8.221478
5.675152
11.573997
11.573997
12.294098
10.800023
11.721378
11.721378
10.971380
12.208220
11.481458
7.292596
11.468039
11.468039
11.549606
11.763534
11.763534
12.111154
11.195632
11.195632
11.592711
8.281052
11.369632
11.369632
11.568537
11.369632
11.568537
11.545407
11.369632
11.568537
11.545407
10.925102
13.522006
11.586741
10.101532
10.101532
12.003740
12.003740
10.692892
11.518690
11.518690
10.732126
10.732126
8.292665
10.136301
10.136301
12.168433
12.190830
6.879939
6.879939
12.303601
12.383004
11.511839
11.511839
11.365954
12.145995
8.892645
.174291
.174291
9.677915
8.080626
12.250794
10.174404
10.174404
11.846464
11.360625
11.360625
11.507453
11.563694
11.563694
11.613683
12.383542
10.268497
11.511826
11.511826
10.624803
6.727578
11.659618
17.633605
11.429964
11.098886
11.098886
11.906519
7.241439
11.199466
12.062304
10.250962
11.338709
11.338709
11.905218
8.086152
11.338709
11.905218
8.086152
12.376180
11.773580
10.519855
11.336175
11.336175
6.632884
12.249407
11.417234
.369710
11.992208
11.419601
11.419601
11.753768
11.408745
11.311700
10.355053
11.637351
11.637351
9.593895
7.847760
9.593895
7.847760
12.376182
11.194856
11.801013
11.069304
11.616519
11.464128
11.752126
11.801742
11.554808
11.554808
11.753554
11.779188
12.313888
8.634722
8.634722
11.810677
11.810677
11.241165
11.241165
12.478735
11.633419
11.389480
11.826482
11.361667
11.782115
11.782115
11.782115
12.259093
12.259093
11.813007
12.259093
11.813007
12.456405
11.184665
12.259093
11.813007
12.456405
11.184665
10.963224
11.278352
11.103807
11.257921
12.172160
11.611064
10.839403
11.459249
12.258541
10.013877
10.753263
10.753263
10.832328
6.464322
6.464322
11.898948
11.271472
11.329806
11.359405
11.416980
11.513426
11.861148
11.920238
11.334145
11.334145
11.528253
11.077469
11.077469
11.819354
10.872717
11.839884
12.267283
12.238724
12.209707
11.284874
11.569671
12.208768
11.797577
11.306654
7.612186
11.828789
7.612186
11.828789
12.412615
12.412615
12.610852
12.610852
11.839178
6.040185
11.400911
6.040185
11.400911
11.633562
11.633562
12.237901
12.237901
11.647250
11.686091
11.495118
11.493892
11.005953
11.581985
11.581985
13.265592
11.522101
13.265592
11.522101
13.265592
11.522101
12.333965
10.386317
13.265592
11.522101
12.333965
10.386317
11.372477
13.451915
13.451915
12.351425
9.459726
12.351425
9.459726
7.112550
12.039464
7.112550
12.039464
11.861492
12.281983
11.470851
10.645003
11.784689
10.889780
10.889780
12.023377
11.765489
11.765489
10.584296
8.423374
11.340714
11.340714
11.614021
8.639160
12.384873
11.298895
11.298895
9.909644
11.565022
11.565022
10.452343
11.427186
11.707019
11.591768
11.591768
11.617467
11.424444
11.424444
10.076117
11.494880
12.348168
11.783647
12.427976
12.154207
11.753587
11.191942
11.749458
11.916283
11.916283
11.761733
11.232059
11.749343
11.275591
11.275591
8.888005
8.888005
11.776064
11.476293
11.521236
11.043569
9.161833
12.291516
12.291516
12.402998
12.277044
12.291516
12.402998
12.277044
11.517539
12.291516
12.402998
12.277044
11.517539
11.630219
8.532716
9.901932
11.470444
12.440624
10.117973
12.333971
11.564986
11.166836
10.387881
10.099273
12.342173
.453712
11.784378
10.045114
10.045114
10.276009
12.272398
12.059112
11.742846
8.802705
11.931958
11.659278
11.659278
11.519051
11.234410
8.560085
11.427706
12.404591
12.404591
11.804093
7.692311
11.405609
11.405609
12.217791
8.791188
11.612426
11.612426
12.292008
8.213342
11.567183
11.695596
10.756582
11.315002
11.842597
12.146021
12.357174
11.799052
6.117216
11.690564
6.117216
11.690564
11.107296
10.899607
10.864737
11.593615
10.947446
11.593615
10.947446
9.608661
11.593615
10.947446
9.608661
11.593615
10.947446
9.608661
12.131452
12.346848
12.346848
12.326403
10.904030
11.452686
11.459551
8.402312
8.402312
9.873189
9.873189
10.700500
8.320020
11.351778
11.092535
12.323522
11.390168
11.065390
11.065390
11.660615
10.975160
11.289922
12.122189
11.211668
11.614292
10.925011
10.882674
11.760740
7.386761
10.378914
12.383047
12.383047
11.169625
11.169625
8.232217
11.668805
11.946168
11.077623
11.077623
12.096741
11.398624
12.165308
7.157732
7.157732
11.253355
11.059015
11.059015
11.356070
.333351
12.274157
11.706998
12.223207
10.571578
11.354515
7.419428
12.088080
7.419428
12.088080
7.419428
12.088080
7.419428
12.088080
5.484192
12.085283
7.419428
12.088080
5.484192
12.085283
11.644673
11.322715
12.569789
11.590409
9.686436
9.686436
11.160117
11.160117
11.807952
11.807952
11.404623
8.329261
12.140629
11.582233
10.905810
11.256754
10.859136
8.335297
11.531942
8.013050
11.475363
11.407180
12.516756
11.392586
10.170856
10.170856
11.114275
11.377428
11.476929
11.872557
8.904240
10.605265
10.605265
6.598262
10.605265
6.598262
11.598618
11.598618
16.733738
12.374259
11.611704
12.600120
11.505979
11.505979
.114210
8.206292
12.000765
12.000765
11.466458
12.385605
11.505689
11.313456
12.214933
11.689398
11.716592
12.007421
11.440432
11.440432
12.179464
12.285785
12.181943
8.409748
10.299265
10.650230
12.016955
9.830118
11.750448
12.248365
12.248365
11.615089
12.248365
11.615089
11.503332
12.248365
11.615089
11.503332
11.809956
10.438919
11.979707
11.979707
5.960925
6.232375
11.594298
9.960091
7.886299
11.177832
11.177832
11.927689
11.820186
11.950313
11.214290
9.058070
9.058070
11.694702
11.147022
11.147022
11.202666
11.473767
11.602713
1111.348483
11.005484
10.174666
10.174666
10.083454
11.804824
11.804824
11.721104
12.072966
11.685714
12.274517
9.034833
9.034833
10.941532
11.821282
12.303558
10.596744
10.596744
9.031557
9.935740
10.569174
10.569174
11.832371
10.534855
10.534855
11.765513
11.613315
11.442318
11.735824
11.334480
11.381306
11.780722
11.926613
10.928283
11.926613
10.928283
11.926613
10.928283
11.900228
9.893304
11.926613
10.928283
11.900228
9.893304
11.906967
.717964
.717964
11.323163
11.323163
11.210802
11.550845
11.550845
11.568662
9.470761
10.411471
11.413095
17.299144
12.510544
11.490434
11.887963
11.887963
10.494054
11.538878
12.273747
12.273747
8.369918
10.879219
12.246660
8.396872
12.895126
11.661541
11.228480
11.228480
11.424173
11.424173
12.456581
11.851165
11.851165
9.175365
11.985302
.256638
11.670694
11.670694
11.527339
11.509795
11.500703
11.534760
11.802588
11.438928
11.287771
11.287771
8.284329
6.143106
11.602136
12.296960
8.185790
11.695650
12.087002
12.087002
11.524224
12.087002
11.524224
11.793756
12.087002
11.524224
11.793756
12.300715
12.353383
11.098632
12.117155
8.143558
8.143558
12.188700
11.620607
9.105461
9.105461
1111.466225
11.466225
10.307975
7.614314
11.703359
9.862475
9.862475
11.570742
11.491534
6.444059
6.444059
11.518838
6.444059
11.518838
9.824085
10.664969
11.750659
11.581962
11.150659
11.150659
11.489559
11.329879
11.553498
11.553498
11.581360
11.581360
12.371723
11.499829
11.736745
10.923088
11.420078
11.420078
11.024935
11.415402
12.426023
12.398615
11.249789
11.502129
8.510610
11.473756
12.297129
12.288747
11.408510
11.803429
12.505838
11.462135
11.422753
11.287909
12.421424
11.539069
12.302364
7.965354
11.535333
11.912706
11.878451
11.667048
11.667048
11.628544
11.103797
11.667048
11.628544
11.103797
11.667048
11.628544
11.103797
12.342929
12.326175
.255383
12.022677
11.342905
12.382850
11.577312
12.261236
11.267220
11.875976
7.399022
12.477356
10.968487
8.356942
11.976405
.582179
9.954620
.582179
9.954620
11.660047
11.660047
11.154326
11.881417
11.439372
12.515792
10.570228
11.304844
11.356455
10.498240
12.376036
10.900792
12.285640
11.382405
11.382405
7.455866
11.543608
12.809706
12.459060
5.805862
12.393997
11.403483
11.403483
11.486093
10.732662
12.067695
12.156613
12.477907
11.783671
11.799151
11.512691
11.090242
10.340666
10.340666
11.396590
11.396590
11.468294
8.491465
11.564611
11.564611
11.842233
11.842233
11.842233
12.052565
11.842233
12.052565
11.101571
11.842233
12.052565
11.101571
12.178690
12.388067
11.573374
12.709178
8.336403
11.174004
7.347023
11.174004
7.347023
11.045521
11.045521
11.207760
11.270618
11.109047
11.109047
8.400772
9.289800
9.289800
11.901945
12.426315
11.929774
11.103629
12.026216
11.685492
11.587205
17.680083
11.959446
12.226385
11.343557
11.321511
12.307583
12.332686
11.928954
6.651810
11.517925
6.651810
11.517925
11.308589
11.937199
11.452741
7.802708
11.452741
7.802708
12.276331
11.917329
11.911792
11.911792
11.442994
11.119718
11.119718
11.740012
11.740012
11.532719
12.099111
11.585251
11.585251
11.825648
11.595109
11.545725
5.952560
12.851831
282185
11.465444
5.807191
11.696564
10.964511
10.964511
12.044473
11.604450
10.764700
11.111457
8.500809
11.111457
8.500809
6.474379
6.474379
11.575157
11.698355
11.585120
11.698355
11.585120
11.698355
11.585120
13.228828
11.698355
11.585120
13.228828
12.507629
12.202353
11.228102
11.492912
11.107078
12.348069
11.662678
11.270889
11.038239
11.992838
11.473544
11.464156
11.565329
8.618901
11.565329
8.618901
11.304558
11.257896
12.300874
12.288100
12.008381
17.639681
12.008381
17.639681
12.008381
17.639681
12.422245
11.240415
11.627624
11.735224
11.709990
11.709990
9.266399
8.331244
11.632646
5.880396
11.603103
11.645492
11.645492
11.236856
12.474751
11.838371
11.088372
11.709673
11.132318
11.132318
10.481741
8.573592
11.762497
11.569096
11.987194
8.849395
11.459874
11.633832
11.264575
11.674129
11.630472
8.207544
11.806449
11.173644
8.018686
12.157364
12.157364
12.196011
12.157364
12.196011
11.850249
8.448479
12.157364
12.196011
11.850249
8.448479
11.007276
10.780881
11.139389
11.022053
12.364903
12.207998
11.832184
11.429215
10.057820
11.794482
11.417160
11.417160
12.401244
11.232879
8.741779
10.449050
10.449050
11.507814
11.507814
12.235865
11.143913
12.078204
11.265843
12.183136
11.460830
11.668032
11.526776
9.815496
9.815496
11.809928
11.447790
11.530050
11.446097
11.446097
12.358126
11.228399
11.207663
10.527740
11.378663
11.653675
11.653675
8.460166
11.590142
11.560686
8.329807
12.308818
128..611457
469474
11.502970
11.502970
11.480016
.053636
12.181686
11.738385
11.409619
12.221490
11.307606
11.307606
11.509850
11.509850
11.804238
11.804238
11.719650
11.272665
11.804238
11.719650
11.272665
11.804238
11.719650
11.272665
11.590271
6.278466
13.065357
12.203495
11.558147
11.889544
12.048686
15.203718
12.404151
11.771808
11.472037
9.847943
9.847943
11.566781
11.042564
11.042564
10.765783
8.145177
11.439015
11.867244
9.207803
11.339379
11.554310
7.736668
12.272339
11.385255
12.279986
11.414086
11.414086
11.742253
9.795375
9.795375
11.660549
11.451315
11.451315
11.401522
11.711204
11.711204
11.533325
11.361981
11.562181
11.562181
10.971861
10.971861
8.035083
11.397545
11.442853
11.442853
11.080124
11.897169
11.728021
11.139978
11.139978
11.704014
11.934234
12.145307
11.768685
11.778827
11.778827
11.545049
11.363556
8.111900
11.557023
11.557023
11.703427
12.055676
11.499177
9.739538
10.831877
10.831877
10.523975
10.267919
11.835476
11.464021
11.364224
7.695538
12.528780
11.651681
11.651681
11.371254
11.371254
12.011409
11.371254
12.011409
11.671514
11.074248
10.977330
9.705043
9.705043
7.687269
7.687269
11.878711
11.648849
11.648849
11.556750
11.187590
8.818692
6.465532
11.282229
12.136258
12.136258
6.343305
6.343305
11.762101
11.218840
11.218840
7.545979
11.463362
11.463362
8.695602
11.108716
11.108716
10.893743
11.685204
11.685204
11.669453
12.286831
11.792602
11.536650
11.319516
11.517438
8.817397
12.102526
11.002833
11.681652
11.868568
11.062600
11.571654
8.490321
11.837669
12.441141
11.371103
12.377915
12.377915
8.062819
11.452329
11.452329
9.033247
6.253013
11.702819
6.253013
11.702819
8.411723
11.791464
11.463499
10.670754
11.532218
11.453448
8.432129
8.432129
9.340432
12.414288
11.571847
12.414288
11.571847
10.355387
12.414288
11.571847
10.355387
12.414288
11.571847
10.355387
12.331872
10.203502
12.414288
11.571847
10.355387
12.331872
10.203502
12.335872
11.360663
6.669832
11.180563
11.751756
10.695654
10.977036
11.350322
10.494713
9.146087
9.146087
9.129011
9.129011
12.047748
12.047748
10.796562
10.796562
12.206647
10.782337
10.782337
12.247201
11.702785
11.702785
11.842508
11.809441
11.809441
10.209286
10.209286
10.209286
10.960450
11.842300
11.048062
11.787009
11.818211
12.198698
10.722786
11.628916
11.930477
11.422899
11.422899
6.189808
12.265647
10.413587
10.413587
10.147937
8.162820
11.756910
11.438512
12.228482
12.228482
11.476303
11.447514
9.948568
11.442197
7.662652
11.196287
11.196287
11.816412
11.400320
11.889686
11.889686
11.967619
10.823528
10.823528
11.442549
11.442549
11.517351
8.048222
10.763277
12.231672
8.672168
11.914696
11.308812
8.529552
12.148190
12.148190
11.807395
12.148190
11.807395
11.955736
12.148190
11.807395
11.955736
12.137929
7.636608
11.263806
7.636608
11.263806
11.287904
11.394898
8.008857
.295162
12.389243
9.130492
9.130492
11.680127
11.076429
12.261921
12.261921
12.034646
10.067408
10.067408
11.676712
12.295110
8.256697
11.731822
11.734839
11.734839
12.514425
8.334793
11.539232
11.592722
12.839808
11.307644
11.427464
8.220491
12.450197
6.326454
11.780045
11.328942
10.651812
11.698431
11.858813
10.813491
11.502422
11.502422
11.388047
9.041269
11.314864
11.661933
11.580416
8.915811
11.565983
7.315462
11.565983
7.315462
11.876433
12.457180
12.491344
11.528309
10.570105
8.285202
11.383497
11.028737
11.647433
12.283076
11.308040
12.262178
11.666458
12.449017
9.648356
9.648356
12.216777
8.340898
12.216777
8.340898
12.216777
8.340898
11.895932
12.216777
8.340898
11.895932
12.404589
11.593545
11.565529
11.717019
11.412182
11.569723
11.298563
11.298563
10.771126
11.513388
6.368861
11.584186
6.368861
11.584186
10.993913
11.996387
.552149
.552149
9.005636
9.005636
11.872515
11.882108
11.451955
11.637653
11.637653
9.678473
11.291840
11.291840
12.425957
11.545732
11.143161
.240789
.240789
11.602035
12.019171
11.654450
11.204783
12.022608
8.027545
12.018524
9.274744
11.469131
11.463403
11.463381
9.536740
8.551206
11.899893
8.551206
11.899893
11.305941
11.256047
11.876445
6.287715
6.287715
12.434597
6.287715
12.434597
.580986
8.823688
.580986
8.823688
10.187486
10.187486
7.324303
12.334622
11.235751
11.547981
11.609066
8.908045
11.632701
11.843859
11.158778
11.490436
11.532445
11.485263
8.599732
11.580516
11.815688
11.927142
12.356293
12.356293
11.613651
12.356293
11.613651
12.416234
9.039767
12.356293
11.613651
12.416234
9.039767
11.105917
9.591894
11.216034
11.871806
10.421891
11.779930
11.415750
11.415750
7.800962
6.016699
11.396887
11.665506
6.098338
11.433711
6.098338
11.433711
11.175601
11.175601
11.380544
10.802318
12.036317
11.656355
11.698461
12.275276
7.951429
11.343038
8.325238
11.343038
8.325238
11.621899
11.889879
11.766152
11.916160
8.301619
11.622142
11.650420
11.939304
11.939304
12.271936
8.909065
10.597216
12.197614
7.097954
11.652742
11.897890
12.289345
11.149404
8.604055
9.525164
12.276088
11.813115
11.919633
10.910393
11.286905
12.412231
11.330302
11.291312
12.143050
12.143050
12.982898
12.143050
12.982898
11.951501
10.753166
12.143050
12.982898
11.951501
10.753166
712..782572
404236
11.094954
11.322204
11.061570
11.678613
6.323879
12.945853
11.771435
11.544430
11.544430
11.742729
12.158534
11.684285
11.684285
11.560971
11.576232
11.331353
11.453847
11.696599
11.696599
10.269900
11.746270
12.006540
9.940515
9.940515
11.750920
10.212865
10.212865
10.451050
12.229814
.609949
.609949
8.044708
11.741631
9.443630
11.545202
10.689480
10.900918
10.910948
10.910948
11.966231
11.244635
11.493244
11.381389
11.417212
12.475349
11.356466
11.890380
11.011068
11.952026
10.786640
11.396570
11.396570
6.148865
6.148865
6.148865
11.535316
11.363368
12.227614
12.227614
12.210149
12.227614
12.210149
12.197537
12.227614
12.210149
12.197537
10.332422
11.039735
11.115276
11.763900
11.518164
11.481571
11.409235
10.313289
10.313289
11.338971
12.495169
12.361928
11.381030
11.411306
11.933101
12.275706
11.296356
12.031887
10.986560
10.986560
7.456018
10.786137
10.786137
11.991328
10.837316
11.978241
11.435765
11.561760
11.652846
11.652725
11.063545
11.063545
11.544997
11.407924
4.908003
11.877105
10.330045
9.541561
11.567441
11.288475
11.288475
12.381871
11.576560
7.653344
11.576560
7.653344
11.407695
11.073189
11.247333
10.990144
11.722003
11.722003
11.588080
10.882027
11.313752
12.305028
12.355853
8.653838
11.543959
11.394561
11.494056
11.360087
11.360087
12.285283
11.360087
12.285283
11.572973
11.360087
12.285283
11.572973
11.129502
11.799839
10.707357
10.707357
9.016449
11.578910
10.482686
10.482686
11.015746
12.310039
11.285195
11.010976
11.811728
11.627041
12.338724
11.306115
11.306115
10.873453
11.485336
11.597031
12.071391
11.280122
11.827223
11.733871
11.457955
10.242470
10.242470
8.302665
5.779000
12.644704
10.741708
12.075915
11.244339
12.249820
11.297401
11.297401
8.296923
11.628161
11.899568
11.899568
11.405132
11.405132
11.516041
11.749288
12.352333
11.679945
11.595361
12.394562
10.547751
10.547751
11.629223
11.654910
11.654910
12.300403
8.227608
11.586874
11.586874
10.798830
12.317209
12.237195
7.940020
12.477179
11.392499
9.181174
8.309072
10.698517
8.251479
7.701730
12.347026
12.347026
11.747311
9.356691
12.347026
11.747311
9.356691
12.347026
11.747311
9.356691
8.575255
13.623388
11.384151
11.244548
11.244548
7.971897
12.231188
11.585765
9.159738
6.520834
11.705919
11.729178
11.729178
11.855695
11.639574
11.580246
11.304742
11.644152
7.472377
7.472377
12.340226
11.501466
11.583977
11.854890
11.312930
12.337696
6.412381
11.328903
11.254975
11.597891
11.859438
11.167786
11.167786
6.157702
12.418701
11.776457
11.383848
11.450355
10.564640
12.202757
8.397181
11.633400
12.231337
12.231337
11.698586
11.339005
8.752179
11.805373
9.294950
12.261521
11.478605
6.889317
12.407428
.129278
16.191930
.129278
16.191930
12.442606
12.164867
7.676382
11.297257
11.297257
12.010551
12.010551
10.853460
12.048459
12.393132
12.007478
8.255823
12.007478
8.255823
12.007478
8.255823
11.536574
12.007478
8.255823
11.536574
10.603962
11.636051
11.240387
11.240387
11.378384
11.292469
12.384272
11.697462
12.522612
11.755988
10.504113
8.104266
11.788480
11.865524
11.575908
11.575908
8.885219
10.914825
10.749293
11.126261
11.368060
11.980068
11.117945
11.117945
11.700482
8.262046
11.509607
11.919968
11.472704
11.472704
11.412603
11.327639
11.729764
11.729764
11.632646
11.632646
11.334072
11.334072
11.294674
10.401040
10.669674
10.669674
11.485200
11.506146
7.734769
7.734769
12.518852
12.234407
11.432993


11.583688
12.172800
11.105517
11.276537
11.749496
11.490998
11.490998
12.036246
7.277887
11.978875
9.750566
12.060263
12.296084
9.950312
6.090701
6.090701
6.090701
6.090701
12.009969
6.090701
12.009969
11.418195
11.950847
11.774855
10.980358
10.980358
8.055994
11.884463
10.878667
10.878667
11.348443
11.348443
11.156123
7.684489
11.212335
12.021221
9.188058
12.245437
8.823793
12.245437
8.823793
11.492995
12.317019
12.317019
11.605938
11.197025
9.998191
9.998191
8.257479
6.283568
12.242361
10.703149
11.590199
11.590199
11.648008
11.089887
11.089887
7.507816
11.481868
11.620151
11.259757
11.442301
11.417359
9.585346
11.094698
11.641092
13.814610
11.828424
12.595429
11.106054
11.891850
12.326386
8.977306
11.808461
11.138534
8.600607
11.362411
7.563799
11.362411
7.563799
11.466583
11.466583
12.131786
10.996443
7.865668
11.250058
11.482446
12.214345
10.866029
11.637426
8.744652
11.022660
8.765381
11.316571
11.316571
11.967027
11.478752
11.478752
12.344913
12.065397
11.478752
12.344913
12.065397
11.314564
10.506961
10.506961
9.207226
12.176933
11.442705
11.426282
11.307775
9.032052
11.357417
6.103730
11.964195
6.482535
6.482535
6.951735
11.456126
11.480794
8.235419
11.907006
11.406345
8.299681
10.891064
11.533620
11.533620
11.077819
11.522820
10.923995
11.482621
11.422536
11.760654
10.528911
11.679326
12.045119
11.792027
11.792027
12.060989
11.448535
12.341177
11.277772
11.268407
12.276112
11.272706
11.856932
12.141682
10.617658
11.683029
12.084774
6.825818
11.259399
6.825818
11.259399
11.516642
8.537635
8.537635
11.482786
11.414067
12.333274
12.333274
8.578659
12.333274
8.578659
14.173741
11.413220
11.413220
12.406321
12.406321
11.464203
11.474251
11.964512
11.964512
11.665685
12.054358
12.054358
12.013658
12.013658
8.193703
11.777438
12.445709
12.418374
11.623412
11.433183
11.291492
12.080751
6.250660
12.191907
11.211618
11.430054
12.273020
9.543320
11.795302
11.214026
12.049358
7.890277
11.603847
11.601443
11.183286
11.729243
12.271536
12.271536
7.849203
12.050337
11.826361
11.529507
10.752188
11.609638
5.781129
11.323205
11.736775
11.736775
12.476848
11.832631
10.608142
7.818172
12.285602
7.199025
11.666539
11.266925
11.569807
12.027135
11.696689
11.363217
8.466732
12.319760
11.374623
11.374623
12.531089
11.465470
11.198023
12.420110
6.415381
11.169974
11.798157
11.798157
8.219220
12.303235
11.798157
8.219220
12.303235
11.798157
8.219220
12.303235
9.710175
10.955156
10.955156
7.194585
11.431438
11.280362
11.224316
10.590769
10.590769
12.328270
6.835514
10.479314
6.835514
10.479314
11.573632
12.052403
12.052403
8.982518
8.982518
12.052326
12.052326
11.640201
11.411976
11.649503
10.655885
10.655885
8.165325
10.655885
8.165325
11.084111
11.808441
11.300212
11.735993
11.332458
12.078550
12.418931
10.775919
11.971014
8.765778
11.971014
8.765778
12.650143
11.029313
11.717689
11.717689
12.308969
10.901238
11.559313
11.559313
11.210826
11.034838
12.172816
11.414221
11.765488
12.388016
12.388016
11.488283
7.088438
12.279904
11.783906
11.350228
9.104111
10.978538
12.147258
8.287896
11.856574
9.560589
5.865679
11.717266
11.662919
12.407960
11.516649
10.245538
10.245538
11.046705
11.046705
11.327986
11.117352
12.015379
8.010315
12.036884
12.036884
11.644095
10.767646
10.767646
8.097064
9.661970
9.661970
11.303051
11.404372
11.832761
9.921985
10.712624
10.973608
8.611570
12.391872
12.356503
11.690840
11.690840
11.607630
11.690840
11.607630
12.204273
8.915588
11.690840
11.607630
12.204273
8.915588
9.951524
11.319062
7.105065
11.277207
11.581788
11.581788
11.385815
11.385815
11.613013
12.115647
12.387626
11.419307
12.509934
7.497830
12.509934
7.497830
12.473776
11.158721
12.338973
11.541697
11.513118
11.513118
7.975820
12.653093
12.262164
12.212443
8.239335
7.890510
11.733237
11.628025
11.562015
9.555670
9.555670
12.445314
11.751427
8.093345
12.235447
12.492755
10.425437
11.432252
7.651369
11.432252
7.651369
711.703298.
245479
11.464858
11.844312
12.096812
9.759369
11.774872
11.669382
11.334605
11.695877
11.608264
11.715222
11.645945
11.645945
7.672067
11.537290
11.645945
7.672067
11.537290
11.645945
7.672067
11.537290
11.548423
11.889317
11.627864
12.425524
10.670553
10.670553
12.344880
11.593530
11.619517
11.619517
11.846241
11.618045
12.302229
12.302229
12.396286
11.677082
10.320651
10.320651
11.109987
11.109987
11.595602
11.560782
11.175865
11.175865
8.771667
11.445213
11.933963
11.933963
8.861669
8.861669
12.142389
11.185235
12.315178
11.152250
12.442847
11.439434
12.050632
11.484033
11.797814
12.298498
8.118176
12.308881
8.380504
11.904273
9.528487
11.145774
10.414284
10.414284
10.941553
9.001279
11.000101
11.620847
11.785221
11.449059
8.224675
11.244993
10.812712
10.812712
11.760124
11.889579
11.916581
11.916581
12.323617
11.642217
12.323617
11.642217
12.323617
11.642217
11.139483
12.371253
11.945616
11.428019
12.255752
12.026530
11.638330
11.048420
11.106235
11.106235
8.091724
11.874762
12.292796
12.292796
11.711887
8.208127
11.521459
11.621145
12.263694
11.460089
11.677605
11.638018
11.457581
11.487643
11.487643
11.410336
11.410336
12.264562
11.267736
8.419368
11.012987
11.388550
11.707202
10.993387
6.002702
11.070417
6.002702
11.070417
11.268300
11.268300
12.280977
12.207586
11.150176
6.939498
12.276596
11.592971
10.215845
6.757227
6.757227
11.943692
11.697601
12.441198
8.548947
11.346830
11.791787
11.456331
11.376836
11.746163
11.460659
12.215081
9.335686
11.970631
12.475264
12.475264
11.465857
12.475264
11.465857
13.633312
12.050782
12.475264
11.465857
13.633312
12.050782
11.254243
12.394261
12.295935
12.305724
12.010085
11.435914
11.860967
11.860967
11.507587
11.612032
11.658243
12.420313
11.461613
11.461613
7.978488
11.742271
11.704684
11.481568
11.424467
10.796212
6.768635
6.768635
11.640015
6.768635
11.640015
9.781301
11.114468
11.584264
12.387830
11.717406
11.333927
8.053806
8.053806
12.378185
11.175447
11.421288
12.190017
11.868421
8.575488
11.868421
8.575488
11.605633
11.734007
12.283893
.162511
12.041774
11.559706
11.493168
11.996385
11.557198
7.989453
11.164683
12.209863
7.925394
11.161832
11.161832
11.754921
12.408407
11.386876
11.386876
11.735667
8.320342
12.163648
7.578667
7.578667
12.242364
11.427206
11.427206
11.427206
11.038944
11.427206
11.038944
12.361207
11.427206
11.038944
12.361207
10.651324
11.238130
11.878559
11.506405
11.168308
12.748804
11.899324
11.331951
11.261912
11.165744
11.645628
10.896677
7.629848
10.896677
7.629848
8.139918
11.952340
11.636425
12.328451
11.502884
8.122355
11.435179
11.435179
11.855269
12.470997
12.336723
11.819710
8.843184
10.760122
11.802971
11.802971
11.460518
12.080615
11.488711
12.283583
11.749888
11.447339
6.385033
12.031996
6.385033
12.031996
12.406521
11.497801
12.422032
11.791238
11.791238
6.605695
11.791238
6.605695
11.708589
11.209548
12.416464
11.016221
11.569424
11.727414
7.272566
12.365702
7.272566
12.365702
11.421087
11.421087
12.780375
11.791398
6.402592
6.402592
12.233947
10.974671
11.277487
11.277487
11.277487
11.267960
11.277487
11.267960
11.303913
11.569480
11.277487
11.267960
11.303913
11.569480
11.021565
10.501758
11.257427
8.150009
11.959494
9.934490
9.934490
10.832054
11.682049
11.682049
11.319764
11.368553
11.368553
12.451106
11.222598
12.423924
12.160741
11.574109
7.482462
12.331521
12.294447
11.766682
11.315721
11.315721
9.082087
9.082087
12.321723
11.792441
12.210458
11.453282
11.944718
11.431381
11.306663
11.444891
12.426871
8.386539
11.726480
8.171136
11.726480
8.171136
11.659154
11.671723
11.192853
7.003239
7.003239
11.415644
11.900931
11.149174
11.149174
11.046745
7.830110
11.755712
11.592390
11.841899
11.711792
11.599089
11.788167
11.684722
11.684722
12.313250
12.313250
11.561047
11.486204
12.269156
11.439026
11.380089
10.448214
10.640288
10.731150
10.999602
10.999602
12.442507
11.697864
10.874806
11.697864
10.874806
11.697864
10.874806
11.607847
11.697864
10.874806
11.607847
12.360278
11.366314
11.311753
9.787164
9.787164
7.724128
5.936100
11.470460
11.470460
12.333779
11.798122
8.991661
10.908613
12.233794
11.041805
6.018860
11.890230
9.879612
10.675718
10.554387
8.199113
12.091196
7.646836
11.646842
5.952215
12.136593
12.154541
12.419479
11.820781
11.820781
10.458655
11.732985
11.602968
11.509088
8.229379
11.509088
8.229379
6.221909
11.807651
11.473584
12.384623
11.521473
11.544183
11.690305
11.665989
12.131216
12.131216
11.517923
12.131216
11.517923
11.443933
8.443485
12.131216
11.517923
11.443933
8.443485
