5.394008
5.132050
5.127906
5.132050
5.383485
5.129239
5.129239
5.620007
7.847456
5.819412
4.956300
4.956300
4.956300
5.686389
4.732694
4.732694
6.958223
6.958223
4.877858
4.877858
4.868648
4.868648
4.895137
4.895137
4.895137
4.897063
4.897063
4.897063
5.295532
5.295532
5.295532
5.481565
9.528543
9.528543
5.578185
4.952684
4.936266
4.936266
4.936266
6.175276
5.354239
5.381345
5.381345
5.524004
5.335482
4.851190
5.437560
5.437560
4.973670
4.973670
4.973670
5.331122
5.161659
5.161659
5.161659
4.890019
4.788977
5.531882
5.531882
4.924480
4.967248
5.019205
5.019205
5.180181
5.526160
4.818902
4.818902
6.431426
6.431426
5.616946
5.616946
5.616946
4.883893
4.883893
5.321928
5.321928
5.135383
5.749844
10.425593
10.425593
4.973181
4.973181
4.991699
5.560300
5.560300
5.550737
5.087569
4.882027
5.707803
5.707803
5.762089
5.762089
5.555685
5.555685
5.010486
5.010486
4.723306
5.166098
5.166098
5.166098
5.311122
5.311122
4.882796
4.925331
4.925331
5.780422
5.780422
5.619244
4.829280
5.594127
5.594127

5.216070
5.216070
5.216070
4.904619
4.904619
4.763009
4.832038
4.892130
5.265178
5.543454
5.543454
5.587687
4.844056
4.844056
4.844056
5.532961
5.076287
5.076287
5.438284
5.421258
4.963307
4.963307
5.661303
5.661303
5.473389
5.473389
6.279293
6.279293
4.813157
4.974671
4.974671
5.469377
5.469377
5.118173
5.118173
4.866123
5.226853
5.226853
5.568951
4.853442
4.853442
4.876593
4.876593
4.876593
4.884839
5.205774
5.163116
5.386172
5.382633
5.480223
5.155340
5.155340
5.310148
4.787091
4.787091
4.968355
5.560509
5.061001
5.061001
5.496340
4.932519
4.932519
4.777492
4.777492
4.922077
4.922077
5.808745
4.886184
5.397892
5.754970
5.754970
4.929939
4.929939
4.929939
4.926593
4.926593
4.926593
4.926593
4.847951
6.044385
5.186815
5.186815
4.813944
4.813944
5.722533
5.722533
4.815478
4.815478
5.377094
5.756669
5.756669
5.614805
5.033892
5.033892
5.044432
5.312244
5.312244
4.776278
4.776278
5.517757
4.767304
4.767304
4.968923
5.267567
5.575489
5.575489
5.335669
5.335669
5.316030
4.951983
4.951983
4.888783
4.888783
5.002546
45.660480
5.660480
5.660480
4.911593
4.843819
4.785035
4.785035
4.785035
4.858915
4.858915
4.858915
4.887671
4.887671
4.988285
5.058479
5.613799
5.521504
5.556897
5.556897
5.631116
5.631116
5.465518
5.066974
5.066974
4.848926
4.848926
5.067780
5.489040
5.489040
5.305851
7.420483

4.933289
5.562177
4.872619
4.872619
5.595425
7.825941
7.825941
5.674727
5.674727
7.509654
5.077409
5.077409
5.749538
5.749538
5.749538
4.848586
4.848586
7.347334
7.347334
5.599997
8.062116
5.533367
5.443470
5.443470
5.486790
5.486790
4.976980
7.952252
4.873503
5.697155
5.333847
5.333847
6.268412
6.268412
4.834689
4.834689
5.588146
5.588146
5.032481
5.032481
5.382406
5.382406
5.382406
7.460845
7.460845
7.460845
4.961927
4.961927
4.996649
5.066426
5.066426
5.011131
4.797071
4.797071
4.869633
5.017061
7.992422
7.992422
7.992422
7.992422
5.471544
5.506960
5.555166
5.555166
4.961222
4.825756
5.250480
5.250480
5.353450
5.353450
5.353450
4.827682
5.743691
5.743691
4.819947
6.058676
6.058676
5.112940
5.112940
5.329416
5.329416
4.818378
4.818378
4.850618
4.850618
5.569965
4.833030
4.833030
4.934226
4.934226
4.934226
4.934695
5.617188
5.070917
5.070917
4.844987
5.373894
5.373894
5.373894
5.820678
5.820678
5.465058
5.385478
55.341708
5.341708
5.468744
4.999198
4.999198
7.438589
7.438589
7.438589
5.678413
6.006460
4.976788
4.976788
5.488058
5.689032
5.301078
5.301078
4.999408
4.999408
5.388126
5.290309
5.290309
5.592755
5.592755
4.887669
4.887669
5.663813
5.573849
5.500750
5.500750
5.500750
5.241621
7.345571
7.345571
6.133397
4.857010
4.857010
5.096040
4.892936
5.500641
5.600478
5.346072
5.346072
5.465739
5.465739
5.706202
4.805492
4.805492
4.805492
4.910510
5.883490
5.883490
5.883490
5.095526
5.095526
5.368498
5.870830
5.870830
5.870830
4.922971
4.922971
4.922971
5.099221
5.409691
7.465371
5.079445
5.079445
5.701136
5.701136
5.701136
5.875704
5.875704
5.213468
5.213468
5.213468
5.183415
5.183415
5.281144
5.632773
5.353604
5.353604
5.353447
5.060722
5.479003
5.789060
5.789060
5.441175
5.441175
5.508219
4.874793
4.847863
4.847863
4.847863
5.851288
4.864744
4.891277
5.085678
5.085678
5.115069
5.115069
5.391061
5.391061
5.001664
4.749066
5.022374
5.022374
4.811884
4.811884
4.811884
5.332984
5.332984
5.077693
4.964159
4.964159
5.693894
5.693894
5.645200
5.708700
5.436001
5.369464
5.445682
5.506064
8.222208
8.222208
5.530473
4.940839
4.940839
5.265448
5.265448
5.265448
5.147138
5.147138
4.861529
4.861529
4.880966
4.902154
4.959257
4.902154
5.412631
5.240717
5.127477
5.573629
5.573629
5.207807
5.390794
5.390794
5.390794
5.390794
4.818796
7.413272
4.895560
4.895560
4.924164
4.924164
6.197995
6.197995
6.197995
7.611849
5.412604
4.926187
4.926187
5.543415
5.543415
5.685332
5.490347
5.490347
5.704036
4.768952
4.768952
4.836192
4.836192
5.499571
5.499571
8.081305
5.482209
4.761725
5.577171
5.577171
5.577171
4.991408
10.363216
10.363216
4.764764
4.764764
4.830518
5.489648
5.489648
5.121156
5.121156
5.121156
5.642200
5.185488
4.985480
5.148776
5.148776
5.148776
4.960601
4.960601
5.208307
5.215927
5.535578
5.535578
5.770790
5.347251
5.347251
4.904747
4.925112
4.925112
5.545935
4.827827
4.851869
4.851869
4.819163
5.527447
5.527447
4.905539
4.905539
6.292866
4.841784
4.841784
4.923121
6.677561
6.677561
4.835317
5.315817
5.179760
5.480532
5.480532
5.364330
5.364330
5.606430
5.333882
5.333882
7.613268
5.339828
5.339828
5.339828
5.509887
5.207549
5.608214
5.766742
5.319483
5.319483


4.856784
4.856784
4.856784
5.361201
7.218967
7.218967
7.218967
5.526065
5.195711
5.394007
5.394007
4.935842
5.704329
5.477222
5.686862
5.686862
5.096547
6.466962
6.466962
4.961585
4.961585
4.914764
5.271876
7.457089
7.457089
7.457089
5.230008
7.888449
4.774351
4.774351
4.803263
5.124217
5.374564
5.373452
5.030676
5.030676
5.862770
5.044865
5.044865
5.220866
5.609429
4.833292
4.833292
5.490108
5.466046
5.466046
8.246148
8.246148
5.354565
5.212579
5.212579
5.275168
5.275168
6.515043
5.224998
5.224998
5.070263
5.070263
5.070263
8.006981
4.887244
4.887244
4.887244
4.887244
4.844207
5.414051
5.414051
6.430510
4.787389
4.787389
6.091782
6.091782
5.160299
5.151835
5.684829
5.571690
5.504319
5.790223
5.522146
5.617127
5.617127
5.425817
6.505241
5.790557
5.486492
5.486492
5.669944
5.210614
5.210614
5.704649


5.830884
5.533975
5.533975
4.882527
5.733591
5.733591
5.466672
5.248848
5.834572
6.009720
6.009720
6.009720
6.009720
4.972760
5.052924
5.052924
5.154376
6.370029
5.004996
5.004996
5.029088
5.483833
5.755755
5.366761
5.366761
5.489255
5.248025
5.252623
5.252623
5.252623
5.544135
5.322123
5.322123
5.686472
5.686472
5.686472
7.218221
7.218221
5.612563
5.612563
8.400989
8.400989
8.400989
5.586098
.555811
4.875035
4.875035
4.875035
6.147209
5.166574
5.166574
6.021084
6.021084
5.748445
5.748445
5.748445
4.795094
4.730701
5.350567
5.350567
5.520313
4.997227
4.997227
5.704621
5.666577
10.367773
10.367773
5.527652
4.906718
4.858364
5.523310
8.062360
5.331625
5.331625
6.300679
6.300679
6.300679
4.872857
4.872857
6.413472
6.413472
5.643246
5.643246
7.570067
5.160899
5.103611
5.103611
4.835093
4.835093
4.813373
5.743623
5.743623
4.866988
7.721177
7.721177
7.721177
7.721177
4.801267
4.859780
5.492735
5.492735
5.564536
4.991514
4.991514
5.471186
5.473589
5.473589
5.364557
4.954290
4.954290
4.954290
5.018997
5.056793
4.874602
4.925652
4.925652
4.933223
4.969308
5.549793
5.549793
4.969488
4.969488
5.003971
5.003971
4.918653
4.918653
4.918653
6.269086
6.269086
6.269086
6.269086
6.269086
5.042540
5.042540
4.868066
5.285633
4.767233
5.456168
5.456168
5.456168
5.226130
5.574234
5.276349
5.276349
5.257235
8.729997
4.997235
4.933717
4.933717
5.820439
5.427126
5.427126
6.622169
4.951192
4.951192
5.102962
4.993417
4.993417
4.993417
4.993417
7.238612
7.238612
6.900323
6.900323
5.864347
4.859453
4.859453
4.859453
7.186552
5.805091
5.805091
5.805091
4.842740
4.909778
4.909778
6.978094
6.978094
4.997729
4.997729
4.997729
5.397845
5.090256
5.450639
11.085532
11.085532
5.794378
5.686424
5.425941
5.425941
5.425941
4.995735
5.808026
5.540511
5.540511
5.494456
5.617515
5.541714
5.541714
5.328866
4.892374
4.892374
5.713035
5.713035
5.713035
4.861623
5.813234
5.813234
5.813234
4.848060
4.899232
4.899232
4.808099
4.892951
4.892951
6.748744
6.748744
5.870788
5.870788
5.008800
5.008800
7.457505
5.417501
5.417501
5.759545
5.759545
5.773359
5.773359
5.111038
5.047475
5.047475
4.953723
4.953723
5.728923
5.728923
5.728923
5.728923
5.316087
5.516698
6.199542
6.199542
4.849150
4.849150
4.849150
4.896090
5.490182
4.886220
4.924150
4.924150
4.958621
4.958621
4.880272
4.880272
5.567104
4.775209
7.279269
5.368986
5.368986
5.368986
5.368986
4.892308
5.028391
5.264106
5.264106
5.386309
5.386309
5.285909
5.285909
4.836135
5.312454
5.312454
5.312454
5.477104
4.908153
4.908153
5.445426
5.445426
4.751435
4.751435
5.289770
4.997832
4.979299
4.979299
5.472027
5.264074
5.264074
4.840363
5.786915
5.786915
5.786915
5.786915
7.321831
7.321831
4.958873
4.958873
4.936958
4.941953
5.353853
6.237743
6.237743
5.001482
5.688289
5.341970
5.489946
5.489946
5.084558
5.440378
5.440378
4.759876



5.144651
5.144651
5.044921
4.954096
4.954096
4.954096
4.753395
4.753395
5.002408



5.030624
5.030624
5.030624
5.136875
4.854923
4.854923
4.854923
4.878252
4.878252
4.878252
4.878252
5.524762
5.524762
4.880067
5.316450
5.040305
5.040305
4.758924
5.528896
5.482694
5.990594
4.881771
4.881771
5.630814
5.460418
5.460418
5.460418
5.787411
4.933375
4.800444
5.629135
5.629135
6.043954
5.540213
4.756480
4.756480
4.756480
5.664083
5.385346
5.385346
4.937860
4.937860
5.438000
4.962193
5.815658
4.932447
4.932447
4.965802
4.965802
4.965802
4.965078
4.965078
5.050736
44.857618
4.857618
5.364454
5.364454
5.252824
5.578428
5.578428
5.344283
5.320719
5.502040
4.902589
4.902589
4.817417
4.817417
5.348245
5.348245
5.348245
5.291405
5.291405
7.479992
7.479992
4.914734
5.450332
5.450332
5.406421
5.406421
4.982666
4.960218
4.960218
4.960218
6.156838
5.000783
5.000783
4.926620
4.926620
5.523370
4.829308
4.881530
5.816616
5.816616
5.816616
5.097592
5.097592
4.875479
5.739688
5.495109
5.553092
55.570302
5.570302
5.548227
5.910222
5.479747
5.629338
5.629338
5.137265
5.137265
5.152741
5.152741
7.740248
6.144089
6.144089
6.144089
5.135280
5.135280
5.426164
5.426164

4.853206
5.499542
5.499542
4.896896
5.019564
5.019564
5.021067
6.257038
6.257038
6.191970
6.191970
6.191970
5.540362
5.540362
4.906861
5.395995
4.805004
5.307243
5.291235
5.291235
5.480791
5.569556
5.504963
5.486222
4.835943
4.945289
4.888344
4.888344
4.888344
5.823496
5.823496
8.463198
8.463198
4.825384
4.825384
4.974626
4.974626
4.974626
5.657579
4.863385
4.863385
5.677603
5.322581
5.322581
5.537823
5.537823
5.537823
4.774225
4.774225
5.150060
5.150060
4.849995
4.849995
6.822031
7.327403
4.843199
5.004214
4.871646
4.871646
5.748349
4.818431
4.818431
5.545147
5.545147
5.681240
5.587272
5.672792
5.592279
5.592279
5.592279
4.880391
4.880391
4.880391
5.130354
5.170376
5.546855
5.277267
4.931397
5.862106
5.862106
7.837310
7.837310
7.314374
7.408137
7.408137
6.193515
4.911915
4.911915
5.013487
5.013487
5.013487
4.749832
4.749832
6.903922
6.903922
6.903922
4.833199
5.434412
5.185375
5.185375
5.106445
5.106445
5.522255
4.856776
4.856776
5.308524
4.908408
4.908408
4.908408
4.868584
5.388418
4.834491
5.446692
6.124190
6.124190
6.124190
5.219281
5.219281
4.778809
4.778809
5.135720
5.135720
5.604329
5.002202
4.845750
4.845750
4.964907
5.330626
5.330626
4.841843
4.841843
4.661755
5.265709
5.440997
5.414490
5.342598
5.509591
5.404112
5.252030
5.534820
5.534820
5.680148
5.768784
4.846442
8.074754
5.803027
5.623056
5.623056
4.966316
4.966316
4.966316
5.511158
5.620199
5.620199
5.021548
5.021548
4.892393
5.751916
5.751916
4.914269
4.914269
4.914269
5.442212
5.016046
5.016046
5.016046
5.124497
4.845236
4.876007
4.876007
5.415134
5.415134
5.565612
5.565612
6.867387
6.867387
5.239286
5.239286
5.566927
5.389581
5.389581
5.065308
5.599458
5.599458
4.813164
5.576193
4.833768
5.039937
5.039937
5.039937
5.039937
5.794254
5.794254
5.230450
5.195911
5.195911
5.933853
5.933853
5.933853
5.933853
4.769115
5.764618
5.764618
4.932677
4.872739
5.428197
5.428197
5.428197
5.191238
4.918587
4.744133
5.452310
5.452310
5.452310
5.401951
4.902133
5.349645
5.300232
5.300232
4.967145
4.967145
5.684112
5.684112
5.504450
5.504450
.840190
.840190
4.907596
4.907596
5.161601
4.876681
5.404986
5.404986
4.886716
4.886716
5.562630
5.562630
5.374999
5.090380
5.090380
5.090380
7.398226
4.962568
4.962568
4.838687
4.838687
4.838687
4.980006
4.980006
4.960687
6.143613
6.143613
5.691496
5.691496
7.388278
5.351122
5.781223
5.436596
5.436596
5.543682
5.341314
5.721711
5.721711
5.334301
5.334301
4.729012
4.729012
4.899928
4.899928
4.899928
5.713401
5.713401
5.562152
5.562152
4.942607
4.942607
5.338490
5.338490
5.338490
4.855432
4.944720
4.914937
6.695449
5.604151
5.604151
5.453563
4.915198
4.915198
4.915198
4.915198
5.407600
4.780836
4.828334
4.828334
5.534272
7.703134
5.428546
5.598467
5.598467
5.461524
4.855246
4.776399
4.776399
5.109297
5.109297
5.284050
5.160044
5.160044
4.678197
4.678197
4.678197
4.824555
5.674765
5.674765
5.674765
5.004717
5.247794
4.960515
4.914824
4.914824
4.914824
4.914824
4.824830
5.552526
55.127969
5.127969
5.127969
5.037624
4.841791
4.841791
5.626363
6.035178
5.669753
5.669753
5.669753
5.462448
5.462448
5.452145
5.452145
4.863038
10.325821
4.864384
5.137777
5.137777
5.137777
5.543115
5.464775
7.716093
7.716093
7.716093
7.716093
5.451434
5.451434
7.683269
5.896660
4.947177
5.232431
4.891584
4.891584
4.951027
4.951027
4.918961
4.918961
7.862145
7.601597
7.601597
5.295048
5.295048
5.487969
5.487969
4.927505
4.9275054.927505
4.927505
4.896783
5.523585
5.523585
5.837698
5.450146
8.188214
5.291176
5.577695
5.577695
5.577695
5.687619
5.687619
4.973316
4.865842
4.865842
4.865842
4.865842
4.866152
4.915716
4.915716
4.915716
6.154140
6.431656
4.947642
4.947642
5.074430
5.074430
7.407658
7.407658
7.407658
8.038931
4.991380
4.991380
5.544982
4.759598
4.923563
4.864947
4.864947
5.434830
5.434830
5.434830
5.375048
5.512151
5.564062
5.464958
5.464958
5.454942
5.242964
5.242964
5.242964
6.177095
6.177095
5.164422
5.164422
4.974630
5.309114
5.510887
4.867565
4.867565
4.867565
5.639751
5.639751
5.639751
5.639751
5.001911
5.001911
5.203189
5.066014
4.828464
4.785145
5.017667
4.785145
5.607208
5.607208
5.379927
5.379927
7.217195
7.217195
5.302359
5.302359
5.186948
5.674591
4.954972
4.954972
4.912045
5.594518
5.594518
5.465569
5.352496
5.352496
5.227523
4.791814
4.791814
5.560798
5.560798
4.791343
5.121821
5.121821
5.121821
5.121821
5.121821
4.878094
5.314650
4.876504
4.876504
7.540054
7.540054
4.798643
4.798643
5.132222
5.132222
4.891132
4.744278
4.883072
4.883072
6.124839
4.813964
4.813964
5.807831
7.462326
7.462326
5.221852
5.221852
5.221852
7.760088
7.760088
4.966691
4.966691
5.566723
5.485346
5.485346
5.492503
5.520458
5.520458
5.520458
5.531785
5.214827
5.062701
5.062701
8.078631
5.566531
5.566531
4.876117
5.200468
5.354904
5.354904
5.354904
5.354904
4.930997
4.930997
4.930997
4.837449
4.837449
4.837449
4.791792
4.865348
4.865348
4.865348
5.401811
5.347783
5.347783
5.527436
5.539191
5.539191
5.778746
5.444047
5.444047
5.669349
5.669349
7.444064
5.050178
4.836174
4.836174
4.836174
4.931504
5.556810
5.556810
5.556810
4.904859
5.317614
5.428881
5.428881
5.428881
5.428881
5.743038
5.743038
7.694572
7.694572
4.868307
4.986332
4.986332
5.024396
5.024396
4.846143
5.484167
4.916458
4.916458
4.929611
4.929611
5.531672
7.741317
5.482963
5.474708
5.474708
4.913065
5.658375
5.528313
5.685351
5.685351
5.685351
4.801969
4.801969
5.138046
8.472098
7.199359
5.708541
8.501765
4.976578
4.976578
5.340765
5.340765
5.340765
5.340765
5.491261
5.491261
5.491261
6.159960
4.699789
5.362924
5.362924
6.297586
4.936291
4.936291
5.887592
5.250249
5.250249
5.250249
4.983903
4.983903
5.238887
5.511482
5.053555
4.835340
4.835340
5.436411
5.436411
4.767395
4.767395
5.811682
5.072760
5.780021
5.498531
5.393631
5.393631
5.393631
5.393631
5.536661
5.536661
5.536661
5.485248
44.941835
4.770740
4.897154
4.897154
4.897154
4.839119
5.024987
5.024987
4.872473
4.872473
4.872473
4.838697
4.793623
4.834070
4.803831
4.729674
4.729674
5.049451
5.214688
4.811149
5.305729
5.305729
5.382722
5.382722
5.382722
5.430720
5.430720
5.709822
5.282656
5.282656
5.787139
5.764140
5.764140
5.044953
5.597837
5.597837
4.918268
5.356559
6.121778
6.121778
5.767613
5.767613
5.031944
4.929928
4.871923
4.945977
4.945977
7.672392
7.672392
5.816991
5.816991
4.869932
4.869932
5.490014
4.764978
4.764978
5.242543
5.271372
5.271372
5.028104
4.887581
5.606319
5.376839
5.447529
5.447529
5.157738
5.543229
4.934085
5.473532
5.473532
4.846557
4.846557
4.925453
4.925453
4.869393
4.912035
4.912035
5.375910
5.375910
5.375910
4.910463
4.885105
5.591774
5.735365
6.089056
4.846960
4.846960
4.981435
4.981435
5.970156
5.007006
5.007006
5.582822
5.582822
5.582822
5.393331
4.789745
4.789745
5.213714
5.213714
5.360884
5.697805
5.339817
5.339817
5.570921
5.154709
4.777472
4.777472
5.502566
5.798030
5.798030
4.838698
5.295197
5.295197
7.583785
4.918327
4.918327
5.433946
5.604971

4.903609
4.903609
4.903609
4.903609
4.919572
5.822719
5.842940
4.838625
4.838625
4.671844
4.671844
5.112686
4.907358
5.112686
4.907358
4.948596
4.948596
4.863968
5.196488
4.790689
5.433067
5.493299
5.493299
5.059544
5.595102
5.516648
5.516648
5.516648
5.416351
5.416351
6.012108
5.259823
5.259823
5.259823
4.830634
4.830634
4.852222
5.424057
6.829914
5.243871
4.912150
5.578187
6.941185
6.941185
5.184195
5.184195
5.184195
4.972006
5.557192
5.557192
5.256569
5.256569
4.756930
4.997560
4.954777
4.954777
4.954777
5.432813
4.823754
4.823754
5.305660
5.547071
4.915614
4.915614
5.534296
5.534296
4.621320
5.427263
5.427263
5.573813
5.573813
4.867716
5.808468
5.808468
4.897612
4.897612
5.959446
4.864777
5.352077
4.990399
4.990399
6.459308
4.888238
5.569509
5.569509
5.569509
5.272686
5.272686
5.250255
5.357904
5.357904
4.666004
5.291198
4.808157
4.808157
5.224984
5.132698
5.132698
6.340749
6.340749
5.178307
5.509938
5.509938
5.627289
5.627289
5.599275
4.813369
4.880468
5.748839
5.748839
5.490776
5.490776
4.771068
4.771068
4.893943
4.893943
5.757289
5.757289
4.780879
4.850229
4.949941
4.949941
4.815625
5.380847
5.380847
5.111969
4.831708
4.918386
4.918386
4.748149
4.748149
4.748149
4.960075
7.225572
4.894073
4.894073
5.653818
4.861835
4.861835
5.538358
5.450398
5.530531
5.530531
5.666190
5.670081
5.049433
5.363766
5.363766
5.363766
5.755044
5.543858
4.791177
5.012363
5.215999
5.215999
5.723054
5.723054
5.387438
5.203852
5.203852
5.203852
4.930508
5.191570
5.356184
5.356184
5.356184
5.122526
7.340931
5.633622
5.633622
5.633622
5.116128
5.116128
6.725957
5.805377
5.805377
4.967596
4.967596
4.856390
4.856390
5.444326
5.616734
5.401116
5.401116
5.657374
5.657374
5.657374
5.577971
4.995467
4.842581
5.707041
4.853153
7.776528
7.776528
7.776528
4.881894
4.881894
5.397707
5.902872
5.902872
4.976354
4.976354
4.976354
4.796557
4.796557
4.905346
5.281772
4.833687
4.833687
4.833687
4.940010
4.988041
5.239605
4.778934
4.778934
5.523548
5.523548
7.961658
5.433842
5.433842
5.426885
5.707721
5.635978
5.515846
5.872412
4.927646
4.927646
4.930707
5.599259
6.049226
5.716283
5.716283
5.716283
8.983783
8.983783
8.983783
8.983783
4.952518
4.952518
4.952518
6.496020
6.496020
5.982927
5.982927
5.982927
4.897641
4.961784
4.961784
5.310999
4.877880
5.772052
5.772052
5.772052
5.056656
5.246329
5.246329
5.246329
5.246329
7.956374
5.442825
5.496941
5.199534
5.199534
5.550383
5.428009
5.365331
4.741818
4.741818
5.834611
55.782341
4.857332
5.436358
5.859556
5.859556
4.883419
4.935524
5.335095
4.935524
4.935524
5.299657
5.299657
4.810195
4.810195
4.888159
5.542541
5.542541
6.904374
4.954153
4.727290
4.727290
5.092326
5.092326
4.812219
4.812219
4.822027
4.883476
5.236357
5.236357
4.953978
5.672251
5.157108
5.397214
5.397214
5.270018
5.283579
5.283579
4.807865
4.807865
4.807865
5.587991
5.436406
5.247508
5.363085
5.793697
5.793697
4.974372
4.891674
4.891674
4.891674
5.434632
4.821977
6.031201
7.500545
7.500545
5.739695
5.216724
5.902701
4.844911
4.595812
5.644315
5.644315
5.455128
5.455128
5.162452
6.587194
4.726715
4.726715
4.726715
4.726715
5.415396
5.286581
5.286581
5.296409
5.218986
5.218986
5.477218
5.477218
5.248147
4.832478
5.232331
5.232331
5.232331
4.873283
5.076764
5.076764
5.098108
4.704110
4.833443
5.659575
5.659575
7.411142
5.785061
5.785061
4.765637
7.519154
5.008853
5.161751
5.161751
4.879760
4.729761
4.729761
7.897859
6.109597
5.178559
5.178559
4.785120
5.233368
5.233368
5.433933
5.500045
5.500045
5.432347
5.802872
5.072259
4.792292
5.158813
5.052031
4.789658
5.052031
7.227387
5.524925
4.914092
5.210753
5.226594
5.226594
5.226594
5.226594
4.915807
4.915807
4.933235
4.933235
4.840892
4.840892
4.840892
6.410960
5.423880
5.280866
5.280866
5.000005
5.000005
4.937579
4.937579
4.999634
4.999634
4.999634
4.999634
5.263937
5.077879
5.488908
5.184075
5.184075
5.453248
5.504184
5.221153
5.221153
5.085368
5.085368
5.514892
5.095637
5.095637


4.984338
4.984338
4.984338
5.016383
5.337862
4.920227
4.920227
5.480039
4.826798
5.485330
5.485330
5.485330
4.884694
4.804659
4.960518
4.960518
4.876154
4.876154
4.971199
4.971199
5.284587
5.284587
5.284587
5.284587
4.848691
6.372406
4.910105
5.311920
5.552201
5.483117
5.483117
5.656269
5.573546
5.537651
5.537651
5.078397
5.078397
4.839658
4.839658
5.585622
5.585622
44.984823
4.984823
4.984823
5.337283
6.274467
6.274467
6.274467
5.156381
5.156381
5.302777
5.302777
5.302777
4.922219
5.696236
5.351342
7.801513
6.049877
6.049877
4.879533
5.518097
5.518097
4.889932
5.354515
5.354515
5.609881
5.126462
4.922709
5.044576
5.487478
5.487478
4.999700
4.946350
4.946350
5.705851
5.685157
5.685157
5.685157
6.544847
5.311210
4.777569
4.777569
4.777569
4.977666
4.977666
4.977666
4.977666
5.119298
5.119298
4.875465
4.875465
4.890254
4.890254
7.950489
7.950489
4.885744
5.852883
5.283661
5.283661
4.910527
6.374253
6.374253
6.037364
6.037364
5.059546
5.059546
5.738032
5.253288
5.253288
.432917
.432917
5.227227
5.545080
5.634971
5.607159
5.607159
8.284823
4.896993
4.896993
4.896993
5.500742
5.500742
5.500742
5.622596
4.951212
4.951212
6.763302
5.762050
5.762050
5.577818
5.238030
5.238030
5.238030
5.646259
5.646259
5.646259
4.971348
5.925834
5.925834
6.393200
6.393200
4.824766
4.824766
4.824766
4.953358
10.836746
5.541579
5.399982
5.332136
5.332136
5.540638
5.540638
5.506455
5.188767
5.188767
5.380382
4.927516
5.380382
4.882087
5.585483
5.585483
5.415723
5.415723
4.940818
4.940818
5.273391
5.273391
5.588689
5.588689
4.865000
4.865000
4.865000
4.865000
4.952878
5.774292
4.994302
4.994302
5.287148
5.287148
5.287148
5.520876
4.685719
4.685719
7.381913
7.381913
7.381913
5.443966
4.907998
4.915687
4.915687
5.627982
5.627982
4.907986
5.564604
4.885749
4.885749
5.343742
5.343742
5.546898
9.127927
9.127927
9.127927
9.127927
4.888377
4.888377
5.981073
5.981073
5.794153
4.923816
4.923816
7.481440
5.718867
5.718867
5.172676
4.821095
4.821095
4.821095
5.125561
5.125561
4.919352
4.919352
4.788372
5.852061
5.852061
5.852061
5.073862
5.006989
5.006989
5.315512
5.315512
4.867079
5.787408
4.697433
4.697433
5.385896
5.385896
4.742354
5.116576
5.116576
5.345202
5.345202
5.345202
5.733806
5.320996
4.912438
4.912438
4.912438
5.429107
5.429107
5.323760
.157862
.157862
5.482269
5.532447
4.961936
4.961936
4.867726
4.867726
4.867726
5.059463
5.709192
5.709192
5.709192
4.812283
4.812283
4.968543
5.605603
5.247868
5.247868
5.577160
5.864339
5.379361
5.379361
4.903265
4.903265
4.903265
5.364521
7.520712
5.570318
5.106579
7.214144
5.526712
5.392930
5.853539
5.134698
4.976835
4.976835
4.961822
4.910146
4.795637
4.919491
7.019591
7.019591
7.903016
7.903016
5.170401
5.170401
5.625835
4.892865
4.892865
4.802190
4.802190
4.802190
4.705458
4.705458
5.585058
5.603430
5.603430
5.511756
5.811933
5.490809
5.625413
5.490809
5.517261
5.517261
4.908179
4.908179
4.920853
5.264421
5.264421
5.264421
5.559627
5.001082
5.073527
4.924907
4.924907
7.316217
5.381754
5.381754
4.948279
5.593373
5.746317
5.746317
5.746317
5.746317
4.956690
4.956690
5.568821
5.421806
4.652216
6.387217
5.046831
5.046831
5.153841
5.795286
5.795286
4.690962
5.437658
5.419867
5.816167
5.367890
5.470038
5.470038
4.916753
5.015338
5.015338
5.015338
5.545230
5.885370
5.008582
5.486390
5.486390
5.486390
5.486390
5.014514
5.232096
5.703223
4.936235
5.054143
5.054143
6.228083
6.228083
5.734327
5.035174
5.035174
5.592748
5.592748
5.592748
5.360561
5.353542
5.353542
5.016211
5.676928
5.676928
7.662609
7.662609
5.318956
5.047861
5.632885
5.523548
5.523548
5.523548
5.760550
5.577089
5.740343
5.768496
5.527908
4.858347
5.277812
5.277812
4.968541
7.996001
4.760288
5.174213
4.819517
4.819517
5.480060
4.906145
5.016758
5.016758
5.624153
5.624153
5.624153
6.017183
6.017183
6.017183
7.473162
7.473162
4.804118
5.524706
5.121953
5.332821
4.974910
4.974910
4.805547
5.636352
5.029280
5.029280
5.376690
5.376690
5.688224
5.688224
5.318204
5.443402
5.171538
5.171538
4.932522
4.932522
4.932522
5.584392
5.584392
5.507341
8.200072
7.052743
7.052743
7.052743
7.052743
5.472628
4.930329
5.626421
8.257295
7.572486
7.572486
4.924836
4.924836
4.924836
4.822989
4.822989
4.822989
4.780392
5.494239
5.494239
5.413876
4.801106
4.801106
5.753211
5.667606
5.667606
5.411880
5.529899
5.529899
5.533537
44.835489
4.835489
5.618552
4.880501
5.421874
4.935057
4.935057
5.690543
5.690543
4.940553
4.940553
5.018569
7.255892
7.255892
7.255892
5.177485
5.388030
5.898528
5.898528
5.898528
4.991481
4.991481
4.991481
4.991481
5.662343
4.944715
7.759191
7.759191
7.759191
5.561308
5.561308
5.464622
5.464622
5.138727
5.138727
5.455777
5.791324
5.506028
5.241581
5.241581
5.839580
5.040947
5.040947
5.040947
5.040947
5.402574
5.402574
4.953206
5.335445
5.300004
5.300004
5.300004
5.940299
5.940299
5.940299
5.531182
5.531182
5.439039
5.439039
4.864825
5.552547
5.184565
5.184565
7.106682
7.106682
7.106682
5.092523
5.067079
5.000279
5.000279
5.394228
5.394228
4.976646
5.709358
5.450275
5.262587
5.400251
5.677975
5.548505
4.923857
4.923857
5.293423
5.307165
5.307165
7.291514
7.291514
7.291514
5.587588
5.587588
4.876621
5.503806
4.779823
4.779823
4.779823
5.318174
6.028574
4.902156
4.946557
4.946557
4.946557
5.497305
5.497305
4.822656
4.852698
6.779123
6.779123
6.779123
6.779123
7.498207
7.498207
7.498207
5.281326
5.452604
5.446829
5.446829
5.747133
5.768685
5.768685
4.851420
4.851420
4.812082
5.492589
4.925709
4.925709
5.461517
5.461517
4.908821
4.908821
5.298456
5.298456
4.882104
4.882104
4.904394
4.917884
4.917884
4.917884
4.899500
7.899751
5.404622
5.404622
5.404622
4.930024
4.964950
4.874421
4.874421
4.873086
4.916359
4.916359
5.488214
9.886034
9.886034
5.770126
5.605083
4.881863
4.881863
5.313368
5.425757
5.425757
5.024953
5.201150
5.201150
5.331798
4.924389
4.924389
5.778005
5.778005
7.761065
7.761065
5.097693
4.831115
4.899967
4.899967
5.032873
5.032873
5.427424
5.460504
5.460504
6.129044
6.129044
4.852310
6.377468
6.377468
6.377468
6.743466
6.743466
5.326688
4.826180
4.809821
4.860514
4.809821
6.139042
6.139042
6.139042
5.090051
5.090051
4.972732
4.972732
5.211643
5.803792
4.896673
4.896673
5.313231
5.313231
5.313231
5.313231
4.929333
4.929333
5.284809
5.284809
4.893513
4.893513
7.459738
4.857826
4.857826
5.007722
4.926872
5.181041
5.181041
5.519511
5.056017
5.761607
5.761607
5.299920
5.299920
5.299920
5.114170
5.114170
7.396326
7.881812
7.881812
5.084054
5.320983
5.320983
5.533619
5.505078
5.432454
5.298508
5.337375
5.334257
5.085559
4.873415
4.873415
5.256604
5.256604
5.575170
7.597468
7.597468
5.152061
5.152061
5.152061
4.878708
4.878708
5.887458
4.888465
4.888465
4.890910
4.890910
5.382580
5.382580
4.980236
4.980236
4.980236
4.980236
4.905493
4.855301
5.166773
5.166773
5.166773
5.517190
5.517190
6.258582
6.258582
6.258582
5.506249
7.805154
7.805154
4.950804
4.950804
4.889255
4.889255
5.288964
4.741436
5.579232
5.545365
5.565877
5.565877
5.565877
5.529600
5.023421
5.023421
5.023421
4.815181
4.867855
5.016547
5.016547
4.927335
4.927335
5.717623
5.083247
5.083247
6.874558
5.629044
5.438860
4.714662
4.714662
4.714662
4.714662
4.714662
4.887640
4.887640
4.798795
5.336267
5.571655
5.623850
5.070977
5.070977
5.473787
5.473787
5.152636
5.152636
5.523222
5.533219
5.533219
5.761044
5.522341
5.522341
5.162520
5.162520
5.309037
5.720417
5.147153
6.141781
6.141781
6.141781
6.141781
6.510411
4.891526
4.891526
4.823793
4.823793
6.966021
6.966021
5.531683
7.257868
7.257868
7.545192
4.833987
4.955384
4.955384
5.816210
5.234681
5.234681
5.234681
4.869805
5.100020
5.100020
5.100020
5.435054
5.435054
5.635933
5.295101
5.364488
5.542341
5.452069
5.934325
5.003587
5.003587
5.326248
5.326248
4.986612
4.986612
5.007760
6.836063
5.389446
5.389446
5.389446
4.905669
5.090314
5.090314
6.160155
8.024901
5.046214
5.046214
5.046214
4.816913
4.816913
5.720832
4.889404
4.889404
5.614459
5.614459
5.158232
5.158232
4.861145
4.861145
5.409028
5.575160
5.700578
5.298947
5.298947
4.851825
5.178200
5.178200
5.796094
6.016341
5.307992
4.821250
4.821250
5.472715
5.472715
5.030940



5.276979
5.004782
5.335216
5.335216
4.878883
4.878883
4.878883
4.981262
4.952072
4.952072
4.884162
4.884162
9.186787
9.186787
7.475776
7.475776
5.561814
7.732552
5.463299
4.924353
5.337791
5.177200
5.177200
5.534443
5.559309
5.559309
5.559309
5.067558
5.398990
5.069234
6.091070
7.733552
4.923699
4.895066
4.895066
5.532236
5.605708
5.605708
4.921800
4.786968
4.825881
4.825881
5.446061
5.446061
4.906212
5.565477
5.618924
5.618924
5.682961
5.682961
5.330079
5.330079
5.497887
5.582003
5.135431
5.135431
5.135431
5.135431
5.296056
4.893617
4.806727
5.757310
5.001168
5.001168
5.534023
5.649382
5.529250
5.430338
4.908050
4.908050
5.733614
4.821737
4.821737
4.821737
5.725792
5.068135
5.068135
5.119020
5.119020
5.119020
4.810275
4.856700
4.856700
5.281452
5.281452
4.824989
5.006884
5.433600
4.916402
4.779207
7.932269
7.932269
5.475505
5.451540
5.451540
5.451540
5.410067
5.410067
4.837057
5.081594
5.081594
5.460759
5.631003
5.458245
5.458245
4.904627
4.904627
5.667298
5.667298
5.537163
4.903548
4.903548
5.018483
4.900449
4.900449
4.900449
4.804305
4.804305
4.804305
4.919748
4.919748
4.919748
4.909119
4.926038
4.956475
4.956475
5.421779
5.421779
55.761128
5.761128
4.806712
4.806712
5.124802
4.982727
4.982727
6.080240
4.862922
4.892390
5.318929
5.318929
5.451231
5.858880
5.528170
5.653897
5.653897
5.653897
4.859804
7.412883
7.412883
4.861250
5.550203
5.017460
4.911440
4.911440
4.911440
4.876362
4.814206
4.814206
4.814206
4.978973
4.821730
4.829955
4.876476
4.829955
4.829955
5.363544
5.363544
5.319661
5.319661
5.837822
5.837822
7.236726
7.236726
7.199926
4.740178
4.740178
5.094035
5.275442
5.479500
5.479500
5.738075
5.564693
5.889782
5.889782
5.457910
5.551655
6.429221
4.960560
4.960560
5.752390
5.088729
5.240539
5.240539
7.264234
7.264234
5.348976
5.495993
5.495993
5.495993
5.621425
5.621425
5.621425
5.114735
5.238499
5.238499
5.238499
5.238499
4.919354
4.962829
4.936569
6.012544
6.626548
4.669735
4.669735
5.809299
7.398562
7.398562
7.398562
5.586764
5.586764
4.854002
4.845788
4.845788
5.513833
5.324602
4.879805
4.879805
5.991916
5.991916
5.457474
5.896021
4.865320
4.865320
4.865320


4.975662
4.975662
4.966446
4.966446
5.110888
4.819785
10.622797
10.622797
4.898846
4.898846
4.898846
4.972640
4.972640
4.909976
4.909976
4.701469
5.807918
5.807918
5.472718
6.964264
5.743701
5.275913
5.204290
5.204290
5.393308
5.393308
5.504973
5.356475
5.356475
5.630538
4.942744
4.897909
4.942744
4.942744
5.346590
5.383588
5.383588
5.294877
5.007838
5.007838
5.007838
5.007838
5.726055
5.726055
7.522762
7.442125
7.442125
7.442125
6.555686
6.555686
5.428249
5.654619
5.654619
8.731969
8.731969
5.285549
5.285549
5.285549
4.843122
4.843122
5.452874
5.452874
5.536232
5.536232
4.913879
4.913879
12.168843
12.168843
12.168843
8.073467
8.073467
5.790961
7.323991
7.323991
5.618286
4.768333
4.768333
6.150882
4.923682
4.923682
4.923682
5.302515
5.302515
5.302515
4.913158
4.913158
4.913158
4.913158
4.885622
5.565209
4.835510
5.532049
5.206137
4.746123
4.746123
4.746123
5.494486
5.494486
5.395455
5.282216
5.282216
5.282216
5.478841
5.477782
4.847916
4.847916
5.705287
5.277820
5.228683
5.528077
5.008947
5.579156
4.927890
4.927890
6.108204
6.108204
6.108204
4.891663
4.891663
5.440511
4.946402
4.946402
6.413812
5.682844
5.682844
5.362778
5.244661
5.244661
5.208223
5.208223
5.208223
4.880188
7.032117
7.032117
4.833300
4.970070
5.105561
5.105561
4.889196
4.889196
5.616144
5.616144
5.540330
5.416897
5.416897
5.444342
5.444342
4.992006
4.882833
4.882833
5.320791



5.530782
5.289289
5.289289
4.884963
5.895974
5.895974
5.895974
5.433037
5.433037
5.085179
4.919742
4.865778
5.365329
5.365329
5.718989
5.844789
5.844789
4.886726
4.886726
5.556778
4.852225
4.852225
4.852225
4.852225
5.368307
5.107933
5.107933
5.185307
7.437257
7.437257
5.301426
5.702582
5.287807
5.136773
5.136773
5.605494
5.615783
5.615783
5.615783
5.550725
5.723358
4.815124
5.486465
5.219213
5.219213
5.219213
5.623430
6.358149
4.872273
4.872273
6.257929
6.257929
8.096566
5.332846
5.332846
5.332846
5.017379
5.417173
4.750883
5.271970
5.271970
5.700764
5.700764
4.935050
5.451822
5.451822
5.599941
5.599941
4.877705
5.033914
4.863606
4.863606
5.626441
5.737346
5.450596
4.897375
4.897375
4.883050
5.039330
5.182026
4.975103
4.975103
4.924094
4.924094
5.081220
4.974570
4.974570
5.177294
4.985962
4.985962
4.985962
4.894756
6.531834
5.136592
5.136592
5.135761
5.135761
4.894198
4.897270
4.909941
4.909941
4.868121
4.868121
5.697444
5.697444
5.697444
5.129940
5.129940
5.362840
5.546808
5.006494
5.006494
5.264433
5.043513
5.043513
4.918928
4.918928
4.918928
5.336736
5.336736
4.942535
5.571063
5.571063
5.571063
5.571063
4.857829
6.645480
5.770402
4.975035
5.642535
5.404621
5.404621
5.525550
5.525550
5.525550
8.674940
5.360964
5.360964
5.360964
5.360964
5.360964
5.676553
5.854735
5.030165
5.030165
5.088372
5.573660
8.220277
5.531995
5.531995
5.529328
5.696060
5.696060
5.072176
8.116082
8.116082
5.564803
5.564803
4.820959
4.820959
4.927496
4.915366
4.915366
5.169833
5.169833
5.093653
5.100995
4.724355
4.724355
4.724355
4.877433
4.877433
4.877433
4.894920
4.894920
4.894920
5.593091
5.593091
4.880443
6.263735
6.263735
4.931097
4.755973
5.324598
5.324598
5.503053
5.503053
5.056142
5.623253
5.160959
5.160959
5.687943
5.687943
5.526023
5.136195
5.136195
8.547917
8.547917
8.547917
8.547917
5.545870
5.948655
5.315587
5.315587
6.969609
5.657067
6.969609
4.988866
4.988866
5.579279
5.579279
5.307125
4.918352
4.918352
5.538725
4.811942
4.811942
5.240362
5.240362
5.240362
5.585647
5.585647
4.795344
4.795344
5.606610
5.606610
5.469137
4.754553
5.479444
5.479491
5.479491
5.558003
5.661843
4.960470
5.396775
5.396775
5.328058
5.328058
5.328058
4.984990
4.984990
5.702803
5.425267
4.853633
4.853633
4.855970
4.855970
5.392240
5.392240
4.888682
4.888682
5.054233
5.054233
6.725019
5.522694
5.510464
5.667449
5.667449
5.667449
5.667449
5.667449
4.945992
4.945992
5.812046
4.760543
7.918400
5.300996
5.300996
5.393072
5.592201
5.526087
5.246932
5.246932
5.703298
5.287977
5.242917
5.383352
7.490958
7.490958
4.919554
5.126932
5.126932
5.536452
5.536452
4.757052
4.955301
6.269096
5.682973
5.682973
5.682973
4.871074
4.992282
5.550165
5.550165
5.550165
7.366519
5.014611
5.000459
5.716963
4.795572
6.380753
6.380753
5.064385
5.064385
5.722627
4.990442
7.089567
7.089567
5.236646
5.234211
5.653897
5.471595
5.471595
4.599797
4.599797
5.551188
7.871966
7.871966
7.871966
8.218474
5.263057
4.841792
4.841792
5.218958
4.877112
4.865180
4.795447
5.733235
5.465929
5.465929
5.465929
5.348285
5.563676
5.563676
4.886521
4.886521
4.886521
4.796632
5.354708
4.916200
4.916200
4.916200
5.538155
5.570729
4.917462
5.814390
5.405918
6.077605
4.922870
4.892577
5.803938
5.646656
5.066383
5.066383
5.324156
5.324156
5.365883
5.629819
5.274765
5.629819
4.922404
4.922404
4.971619
7.407782
5.271950
4.826521
4.852279
4.971096
5.642941
4.889948
4.876994
4.876994
5.315454
5.315454
5.374243
5.374243
5.236639
5.353483
5.694474
5.598797
58.103264
8.103264
8.103264
7.601392
7.601392
5.292210
7.392213
5.440806
5.473168
5.473168
4.4.983029
4.983029
5.668645
5.130287
5.130287
5.130287
4.897790
5.585872
5.464449
5.464449
5.471134
5.471134
4.854700
4.854700
5.114459
4.839432
5.122323
5.739627
4.929853
4.929853
5.504916
4.881639
4.881639
4.923267
5.844429
4.916380
4.916380
4.916380
4.967776
5.026207
6.155445
4.971856
4.866566
4.866566
4.981816
4.981816
5.283508
5.508803
5.508803
5.341724
5.341724
5.341724
5.101715
5.101715
5.317675
4.950685
5.036836
4.857316
4.857316
4.941985
5.817157
5.817157
7.524112
7.524112
5.275167
5.058033
4.884351
4.884351
5.188482
5.188482
5.188482
5.212322
5.212322
5.261899
5.261899
4.958517
4.958517
4.835042
4.835042
4.835042
5.559308
5.231149
5.231149
5.235430
5.326451
5.025486
5.551964
4.953221
4.953221
5.524284
5.523845
5.523845
5.548730
5.370321
5.370321
5.224308
5.224308
6.547689
6.547689
4.997738
5.699389
8.099032
5.188526
5.188526
5.188526
5.016048
4.989477
4.989477
4.989477
4.989477
6.068178
5.761707
5.165013
5.165013
5.165013
5.474139
5.008999
5.008999
5.008999
8.373973
8.373973
4.931781
4.931781
5.833841
5.833841
5.588148
5.416822
5.238302
5.504143
5.504143
5.452901
5.502085
5.010711



5.455781
5.455781
5.455781
5.455781
5.585077
5.464987
5.411210
5.806190
5.510312
5.558769
5.502233
5.502233
5.502233
4.911804
5.743637
5.743637
4.848844


5.650535
5.118646
4.900541
4.900541
5.077530
5.077530



4.916937
5.581990
5.028259
5.230816
5.230816
5.552314
5.493791
5.493791
5.273151
5.409222
4.852925
5.610811
5.448736
5.448736
4.927960
6.771217
4.988964
4.988964
4.850982
4.850982
4.850982
5.349494
5.349494
4.881668
4.881668
7.530275
5.061230
5.075667
5.075667
5.075667
5.015179
5.015179
5.531144
4.862913
4.862913
4.862913
4.857435
4.857435
6.452743
6.452743
6.452743
5.041004
5.527247
5.698030
5.698030
5.591375
5.299739
5.299739
5.359846
5.359846
5.518199
5.322253
5.634204
5.634204
4.893393
4.871273
5.097520
5.097520
5.097520
5.097520
5.437324
4.878771
4.878771
5.706652
5.706652
5.706652
4.841951
5.120199
5.120199
4.912024
5.810449
5.810449
4.842627
4.842627
4.842627
5.325139
5.325139
5.169802
5.140996
5.140996
5.140996
5.251297
4.918187
4.918187
4.918187
5.263216
5.429410
5.569444
5.597586
5.034863
5.530553
8.884842
5.846522
5.846522
5.846522
5.846522
5.476802
5.476802
4.812192
4.971546
4.971546
5.285984
5.285984
5.219934
5.219934
6.628604
6.076445
5.976272
5.608123
5.464747
5.464747
5.238985
5.238985
5.238985
5.319766
5.319766
4.807827
6.491243
6.491243
6.018981
5.160774
5.160774
4.861148
5.457539
5.018065
5.018065
5.482651
5.420295
5.420295
4.946879
4.946879
5.436139
5.436139
5.137185
4.985946
5.519226
5.519226
5.519226
5.359634
5.359634
5.359634
7.222013
7.566918
5.930622
5.058718
5.058718
7.808082
7.808082
5.679835
5.835251
5.835251
5.835251
4.976548
4.901975
7.054479
7.054479
7.054479
4.732495
4.732495
5.375152
4.887262
4.887262
5.001999
5.378514
5.378514
5.456624
5.456624
5.378323
4.762584
4.762584
5.409837
5.409837
5.731921
5.731921
5.754141
5.607863
5.198701
5.198701
5.974508
5.974508
5.974508
4.900444
5.123829
5.123829
5.123829
5.957061
4.893563
4.893563
6.374460
6.374460
4.938916
4.872092
4.872092
6.059135
4.948942
4.865575
4.715553
5.073616
5.083588
5.339034
5.339034
5.251433
5.443674
5.570658
4.916363
5.036350
5.036350
5.131763
5.508993
4.979967
4.979967
4.979967
5.809491
4.938578
5.562794
5.562794
5.562794
5.647152
5.039842
5.039842
4.875469
4.875469
8.188614
5.210950
5.210950
5.263309
5.263309
5.067875
5.067875
5.067875
5.125381
5.125381
5.114186
4.922582
6.163871
4.984529
4.984529
5.324847
5.324847
5.324847
4.839327
5.163094
5.605181
5.266703
4.825592
4.825592
5.495704
5.495704
4.900607
4.900607
7.017181
7.017181
8.107139
5.469572
5.641989
4.897427
4.897427
4.955608
4.955608
5.421955
4.948148
4.948148
5.132586
5.132586
4.852661
4.852661
6.262621
6.262621
4.891027
4.891027
4.835475
4.835475
5.221426
4.663262
4.929811
4.929811
4.929811
4.929811
6.179944
4.974721
5.263849
5.511612
5.300549
4.915540
5.617966
5.721688
5.005047
5.155158
5.007439
5.007439
5.670340
5.631351
5.631351
4.917221
4.917221
5.626546
5.506380
5.110619
5.110619
4.926378
4.926378
4.926378
5.509568
5.509568
5.041513
4.998205
4.998205
7.683332
7.683332
7.683332
6.743215
5.086040
5.086040
4.906080
4.747944
4.747944
5.329817
5.329817
4.865388
4.865388
5.286831
5.286831
5.154304
5.638462
4.880564
5.324816
5.324816
5.503194
5.799504
5.799504
4.993300
5.177880
5.458283
5.147165
5.147165
5.147165
5.147165
5.727843
4.952566
4.952566
4.952566
5.780967
5.810892
5.015077
5.015077
5.015077



5.965469
5.702769
5.965469
5.211622
5.211622
5.211622
7.679309
7.679309
6.191125
5.561888
5.561888
5.220192
7.655793
5.448312
5.448312
5.527104
5.766542
5.551039
5.551039
5.416765
5.416765
5.027083
5.027083
5.068640
4.838166
4.838166
5.587172
5.587172
5.067707
5.175976
4.855715
4.855715
4.855715
6.205509
6.205509
6.626521
6.626521
4.867780
4.867780
4.946591
5.110695
6.255372
6.255372
6.255372
4.774242
4.774242
5.673306
5.673306
5.673306
6.743494
4.941828
4.941828
4.788083
5.472708
5.472708
5.361435
5.361435
4.994062
5.517950
4.862428
4.862428
5.341325
4.914581
4.914581
5.608241
5.608241
5.613934
5.390434
5.390434
4.823192
4.823192
5.470069
5.470069
5.470069
5.470069
5.310269
5.551696
5.551696
4.965868
5.833076
5.606200
5.606200
5.606200
6.129185
5.040975
5.042651
5.042651
4.838838
5.050419
5.568788
5.568788
5.206910
5.629711
5.613684
5.078747
5.078747
5.460709
5.460709
5.361241
4.951746
4.951746
4.951746
5.635518
5.548208
5.059489
5.059489
5.556381
5.072893
5.072893
5.072893
5.205403
5.205403
5.205403
5.103667
5.943327
7.723220
5.007919
5.007919
6.000677
6.000677
6.000677
6.521185
5.178324
5.329857
5.329857
6.885899
6.885899
4.935871
5.994494
5.994494
5.994494
5.670711
8.325055
5.501706
5.501706
5.204930
4.957186
4.957186
5.453107
5.453107
5.678087
5.678087
4.890106
5.032204
5.032204
4.922392
4.922392
7.972024
7.972024
4.957859
4.957859
4.957859
5.636569
7.797471
7.797471
5.998389
5.118067
5.118067
5.118067
5.118067
4.950781
5.019441
5.019441
4.975480
5.482069
5.508615
5.508615
4.836429
4.858015
4.858015
4.941133
4.941133
5.739300
5.692031
5.311968
5.311968
5.486246
5.486246
5.110287
5.479899
5.479899
5.471303
5.471303
4.918023
5.628619
5.366362
4.852564
4.852564
4.967311
4.859890
4.987130
4.987130
5.062663
5.062663
4.896244
5.313703
5.654379
5.654379
5.475671
5.475671
5.475671
5.475671
5.604726
5.880245
4.916624
4.916624
5.218422
5.492126
5.529631
5.298151
5.298151
5.298151
4.828817
4.903132
4.903132
5.386720
8.140016
8.140016
4.831349
5.304171
5.793517
5.390753
5.555399
4.912071
4.912071
4.912071
5.607229
4.931076
4.931076
4.931076
8.062226
8.062226
6.164563
5.429144
5.429144
4.998868
4.666906
6.819607
5.426593
5.426593
5.426593
4.561993
4.890790
4.890790
5.165316
5.210240
5.210240
5.210240
5.471758
5.841558
5.471758
5.471758
5.265711
5.419255
5.115503
5.949304
5.556927
5.451662
5.451662
54.954203
7.593863
4.954203
5.303939
5.466755
5.301959
5.301959
5.301959
7.183339
5.545449
6.960724
6.960724
4.937451
6.469151
4.937528
4.937528
4.937528
4.937528
6.081567
6.081567
7.743605
4.872676
5.632561
5.295833
5.295833
5.523132
4.897906
4.897906
4.897906
4.685038
5.356824
5.102699
5.102699
5.515657
5.515657
5.439969
5.439969
4.868709
5.594572
5.594572
5.509283
6.159327
4.852090
4.852090
5.551247
5.551247
7.704886
8.034519
5.781416
5.781416
6.060811
6.060811
8.884099
8.884099
4.996409
4.996409
4.893012
6.427788
6.427788
4.879652
4.879652
4.866643
5.254636
7.333201
7.333201
7.333201
5.241427
4.687184
5.058013
4.864427
4.864427
4.864427
4.864427
4.885022
4.885022
5.592188
5.592188
5.469738
5.469738
5.577456
5.577456
5.672351
8.192349
46.077984
6.077984
6.077984
5.131257
5.131257
5.131257
4.832726
4.832726
5.609226
5.549065
5.095637
8.502941
5.730894
4.866961
4.866961
4.866961
8.179877
4.865100
4.865100
4.840220
4.840220
8.142229
8.142229
4.791831
4.777284
4.777284
4.896661
7.471844
4.930096
5.493941
5.598601
5.598601
5.502911
5.310773
5.310773
5.207437
5.207437
5.338397
5.338397
5.610647
4.882700
5.369771
4.882700
4.882700
4.974818
5.451019
5.451019
5.451019
4.939859
4.939859
4.939859
4.966166
4.995090
4.995090
4.995090
5.412740
5.412740
5.065683
5.005497
4.913517
4.913517
4.965672
4.965672
4.965672
4.862919
4.862919
7.309787
4.943503
4.943503
5.461712
5.544556
5.769257
5.118004
5.118004
5.616961
5.524641
5.354914
5.283070
5.626051
5.307927
5.307927
4.967590
4.967590
4.967590
5.167679
4.875723
4.875723
5.135788
5.135788
4.922756
4.922756
4.854654
4.854654
5.029066
5.029066
4.869183
4.869183
5.658541
5.802772
5.802772
4.767875


6.1120696.112069
6.112069
4.895106
5.406548
5.014840
5.319961
5.536474
5.550032
5.312741
5.312741
5.479807
5.479807
4.909635
4.909635
5.588472
4.877788
5.677286
5.677286
5.677286
5.739083
5.739083
5.007299
5.007299
5.272084
5.258636
5.258636
6.147066
4.841858
5.003671
5.003671
5.267136
5.058607
5.058607
5.630777
5.630777
4.911409
4.911409
5.573575
5.573575
9.366118
9.366118
7.797577
7.797577
7.797577
5.793055
5.574213
5.294908
5.294908
5.500020
5.500020
5.128474
5.149135
5.326952
5.326952
5.326952
5.531078
5.531078
5.531078
5.581029
5.581029
7.333920
7.820692
5.035319
4.970177
4.970177
4.970177
6.787657
6.787657
5.631558
5.309519
5.294889
5.294889
5.368963
4.887897
4.887897
4.849024
5.290844
4.849024
4.882531
4.882531
5.158636
5.158636
4.977261
5.035286
5.193769
5.093877
5.494441
5.431758
8.003135
4.933581
4.933581
5.728582
5.498435
6.486496
5.256298
5.256298
5.256298
5.801889
5.801889
5.099136
5.099136
4.978000
5.436105
5.191105
5.232731
5.619729
5.077794
5.316981
5.316981
5.316981
5.418382
5.418382
4.995796
4.995796
4.888039
5.441248
5.441248
6.739898
6.739898
4.804457
4.804457
4.804457
5.178882
5.178882
4.953725
5.502426
5.565459
5.565459
5.079195
5.476502
5.476502
5.476502
4.772590
7.669121
5.610676
5.610676
7.005450
7.005450
7.005450
7.005450
5.076972
5.250568
5.250568
5.250568
5.339451
6.303821
6.303821
6.303821
4.822911
4.794706
5.722717
5.722717
4.724030
4.885895
4.885895
5.048755
5.048755
5.048755
5.085544
9.709408
9.709408
9.709408
5.486645
5.579582
5.579582
5.310968
5.488186
5.650994
5.650994
4.957206
5.458010
5.530027
5.540316
5.540316
6.063145
4.814890
5.617889
5.335882
5.335882
5.813190
5.181194
829115
829115
4.933640
5.109424
7.301434
5.961727
5.961727
5.152847
4.802445
4.802445
5.458514
5.458514
5.458514
5.095264
5.128886
5.128886
4.905552
7.931837
5.438274
4.782051
4.782051
4.890870
4.815047
4.884977
4.898683
5.507902
5.351329
5.252043
5.252043
4.840934
4.840934
5.702852
5.702852
5.483246
4.979333
4.944690
5.221460
5.221460
7.867988
6.399352
10.050672
10.050672
6.414649
5.157520
5.309128
5.243387
5.243387
7.547841
7.547841
4.874939
4.874939
5.504724
6.993419
6.993419
5.129949
5.129949
5.129949
5.092409
5.092409
4.815254
4.951817
4.841782
7.393172
4.866666
5.042527
5.042527
5.575303
5.063584
5.063584
4.846835
4.846835
5.441001
4.809197
4.809197
4.809197
5.703996
5.703996
5.703996
7.461276
5.302446
5.005974
5.827248
5.827248
5.827248
5.543157
4.843597
4.852380
4.852380
5.090356
4.666535
4.666535
5.750055
5.443108
4.931350
5.138588
5.138588
4.812254
4.973630
4.973630
4.973630
4.973630
5.461411
4.838469
5.523958
5.322068
5.322068
5.455178
5.455178
5.447063
5.466960
5.466960
5.291409
4.939594
4.939594
4.939594
4.920769
4.920769
8.341009
4.913473
6.481127
6.481127
6.481127
5.804757
5.804757
5.009850
6.112726
6.112726
4.992691
5.171833
5.171833
4.874152
4.874152
4.874152
5.273695
5.272071
4.896114
5.534811
4.808049
5.459613
5.459613
4.879670
5.672647
5.279798
4.803093
5.655607
4.945401
4.945401
4.884794
5.581677
5.499678
5.499678
5.8303634.937209
9.227319
9.227319
9.227319
9.227319
5.581251
4.940147
4.940147
4.940147
5.370436
5.370436
5.169706
4.993577
7.547909
4.950488
4.950488
4.950488
4.950488
6.052638
6.052638
4.909060
4.880106
4.880106
5.813577
5.813577
5.813577
6.141106
6.141106
4.984491
6.660593
6.660593
5.527689
5.211715
5.211715
5.108461
5.478540
5.580906
5.580906
5.580906
4.971121
4.971121
5.413916
5.507996
7.747896
5.375065
5.375065
5.359069
5.359069
5.039760
5.039760
4.861309
4.861309
4.858929
4.952028
4.952028
4.952028
4.904287
5.501204
5.501204
5.501204
5.075282
5.075282
4.905425
4.905425
5.221649
5.221649
5.221649
4.948807
5.513295
5.202694
5.188258
5.188258
5.253401
5.211416
5.211416
5.156024
5.718942
5.704700
5.073286
5.239194
5.239194
5.239194
5.584938
4.881872
4.881872
5.385714
4.829055
4.829055
5.395151
5.395151
5.099015
6.481324
6.481324
6.481324
5.525815
5.615893
5.615893
4.961027
4.905029
4.905029
5.449941
5.449941
5.449941
5.812452
5.353932
4.805595
4.951633
5.313082
5.313082
5.313082
5.215933
5.215933
4.938851
5.404837
4.998136
4.998136
5.490043
4.783044
4.783044
5.387547
5.333577
4.903491
4.903491
4.926162
4.926162
5.509287
5.509287
4.796446
5.369205
5.369205
5.369205
5.369205
4.875229
4.875229
4.879644
5.652276
5.652276
5.652276
4.951540
4.951540
8.027991
8.027991
4.747991
4.747991
4.747991
5.330086
5.552435
4.816633
4.930851
5.412431
5.412431
5.454304
5.452452
5.452452
5.598280
5.598280
5.461165
5.411157
5.411157
5.6769995.676999
4.787130
4.787130
4.787130
5.485355
4.994068
4.994068
4.835828
4.835828
4.934986
4.934986
5.338216
5.034727
6.962981
6.962981
4.847315
4.847315
4.847315
4.847315
5.038362
4.861601
5.073308
4.975286
4.975286
4.975286
5.507458
4.727847
4.745976
5.390538
5.390538
5.390538
5.390538
5.464475
5.565941
4.831673
4.831673
4.820257
4.820257
4.982127
4.982127
5.455813
5.455813
5.331815
4.846214
4.846214
5.713376
5.713376
5.625563
5.339922
7.302616
5.398469
5.398469
4.921414
5.622697
4.976117
5.135109
7.709828
7.709828
7.709828
7.709828
4.824966
5.342135
4.746402
4.746402
4.746402
4.896944
4.907235
6.464795
6.464795
5.893904
5.985513
5.608589
5.261279
5.261279
5.704606
5.334202
5.334202
5.543313
5.866041
5.866041
5.866041
4.899921
8.252108
4.952235
4.952235
4.952235
4.952235
4.889853
4.876369
7.574889
7.574889
5.430434
4.915914
4.915914
7.944595
7.944595
7.944595
5.324386
5.413473
5.413473
5.413473
5.121330
5.121330
4.886745
4.886745
7.765102
7.765102
7.765102
4.715757
4.715757
5.272558
5.503246
5.468151
5.187500
5.187500
5.278668
5.175320
5.175320
5.293057
5.632890
5.762677
5.628797
5.628797
5.385403
5.385403
5.591468
5.591468
5.369812
4.889299
4.889299
4.889299
5.470968
5.470968
4.933551
4.933551
4.975039
4.975039
5.762407
5.202825
5.202825
4.929736
4.821819
4.821819
4.821819
5.182109
5.182109
5.680821
5.680821
4.671056
4.671056
5.698925
5.698925
5.496187
5.702921
4.926819
4.926819
5.500879
5.508014
5.571404
5.571404
5.739365
5.739365
5.739365
5.678027
5.398479
5.398479
5.119576
5.707975
5.707975
5.312087
4.924212
4.882551
4.882551
4.882551
4.914087
4.914087
5.442255
4.946354
5.545011
5.545011
4.799215
7.039252
7.039252
5.768225
5.494187
5.494187
5.494187
4.915562
5.384790
7.388904
6.130300
6.130300
5.624624
5.144497
5.144497
5.427891
5.427891
4.778794
4.778794
5.113722
5.445192
4.977537
4.977537
5.514029
5.514029
5.514029
4.940399
5.410735
5.410735
5.364553
6.278742
5.532901
5.532901
5.532901
6.903079
6.903079
6.903079
5.336083
6.490087
6.490087
5.400925
5.400925
5.319858
5.331250
5.331250
5.517599
4.910506
4.910506
4.910506
4.854514
5.600280
4.896658
5.104218
5.104218
5.548564
5.548564
5.659735
5.102760
5.102760
4.942684
5.807460
5.078929
5.078929
5.078929
5.347866
5.347866
5.520569
5.152318
4.953438
5.693253
5.693253
5.824238
5.008253
5.008253
6.665647
6.665647
5.803691
5.435406
4.960779
4.960779
5.556958
5.556958
5.833664
4.796050
4.799658
4.799658
5.496924
5.496924
4.814160
4.814160
4.814160
4.863379
5.377371
5.508124
5.309140
5.309140
5.517893
5.517893
5.816347
4.851137
5.259177
5.259177
5.426303
5.568399
5.491514
4.868074
5.329287
5.662439
5.425926
5.425926
5.080964
4.933672
4.933672
6.669710
6.669710
6.669710
5.172769
4.870265
4.902635
6.060506
4.931800
6.060506
5.393139
4.828463
9.379870
9.379870
4.865848
4.804423
4.804423
4.878891
4.878891
5.130067
5.500459
5.500459
5.137455
5.689047
5.689047
5.428542
4.826857
5.274680
4.831434
4.831434
5.539943
6.656028
4.816685
4.816685
4.816685
4.733797
9.804956
9.804956
4.973320
4.973320
7.621142
7.621142
7.621142
7.621142
6.607985
6.607985
5.706007
4.828990
4.828990
6.012687
6.669684
5.455929
5.455929
5.455929
5.455929
4.700987
4.990691
4.990691
4.990691
5.275230
5.266867
5.549969
5.549969
5.664446
5.542211
5.542211
4.929244
7.511844
7.511844
4.938237
4.938237
4.938237
4.816249
4.816249
4.816249
5.681636
4.913722
4.913722
8.115349
8.115349
10.763513
10.763513
10.763513
10.763513
5.549482
5.549482
5.549482
7.493075
7.493075
4.863242
4.863242
4.865032
5.550894
4.962101
6.523922
4.824763
4.824763
4.824763
5.414720
5.419364
5.558692
4.929362
4.929362
5.691099
5.527155
5.689485
5.065837
5.065837
5.154692
5.073678
5.431246
5.431246
7.534227
5.568444
5.568444
5.531711
5.531711
4.891463
4.891463
5.201681
5.201681
5.307783
5.184687
5.275352
5.275352
5.009557
5.009557
5.009557
4.908038
4.967650
4.967650
4.967650
7.387898
7.387898
7.387898
7.387898
4.998172
4.998172
5.029239
5.633086
5.514492
5.299994
5.342971
4.840005
5.518538
5.518538
4.771255
5.392253
4.852690
4.852690
4.852690
4.892184
4.892184
4.898219
4.898219
5.500653
4.853461
5.607507
5.607507
4.848224
5.583863
4.898159
5.545906
5.545906
5.464795
5.209123
5.525181
5.525181
5.525181
6.044119
6.044119
4.890309
4.890309
4.791237
7.108696
4.4.815568
4.825628
5.704371
5.704371
4.793762
4.793762
4.970712
4.970712
4.970712
5.092243
4.801925
4.801925
5.229473
4.803818
47.595455
7.595455
8.945446
4.840806
5.296772
5.296772
5.296772
5.296772
4.890353
5.213443
4.920389
4.930677
4.930677
4.876896
5.509230
4.891185
4.891185
5.682956
5.551169
4.905691
4.905691
4.923560
4.923560
7.900241
4.780523
4.780523
4.851919
4.770794
4.770794
4.921198
4.921198
5.829405
5.118837
5.118837
4.849294
4.849294
4.849294
5.450945
5.450945
7.934115
7.934115
5.647545
5.647545
5.775096
5.775096
5.704289
5.704289
4.853738
5.353275
5.353275
5.404043
5.404043
4.929581
5.137765
5.037806
5.037806
5.037806
5.432885
5.432885
5.432885
5.432885
4.880239
4.880239
4.858187
5.218970
5.218970
5.218970
5.635589
7.904846
5.594513
5.264152
5.264152
5.655428
5.132111
5.132111
5.495969
4.944909
5.495969
4.934301
4.934301
4.934301
7.458470
4.906859
4.906859
4.957526
6.415270
5.597509
5.597509
4.825093
4.825093
4.825093
4.897325
4.897325
5.064428
4.999946
4.999946
7.916531
6.106306
6.106306
6.106306
4.814297
5.193593
5.178990
6.332939
6.332939
6.332939
6.332939
6.332939
4.729071
5.657913
5.332620
5.488346
5.807805
5.636554
5.370671
5.370671
5.162521
5.563814
5.563814
5.532447
4.796983
4.796983
5.760895
5.760895
5.760895
4.870874
4.870874
5.654261
4.925422
5.148060
5.148060
5.148060
5.148060
4.951641
5.041383
5.041383
5.041383
5.041383
7.759311
7.776152
5.049215
4.854203
5.554515
6.414667
6.414667
6.414667
6.809621
6.809621
6.809621
5.067024
5.067024
5.483503
5.483503
5.416182
5.416182
4.844713
5.600112
5.431956
5.431956
4.877470
4.877470
4.877470
4.847678
4.847678
4.847678
5.562823
4.921570
5.894044
6.087585
5.086863
5.086863
5.086863
7.741022
5.5.137388
5.178791
5.025239
4.870273
4.870273
6.502658
6.122071
4.986334
4.986334
4.986334
4.986334
5.381938
7.285335
7.285335
7.285335
5.223171
5.223171
5.372201
5.372201
5.484487
5.484487
5.484487
5.235597
5.567607
5.567607
4.863582
4.887118
5.152699
5.152699
5.910248
4.865711
5.819244
5.819244
5.624139
5.624139
5.624139
4.945526
5.316306
7.671264
7.671264
5.614415
5.746176
5.256696
5.746176
5.746176
4.933334
4.924139
5.628947
5.587971
5.587971
5.531021
5.663676
5.663676
4.801955
4.801955
5.357022
5.677586
5.512255
5.512255
4.923678
5.464959
5.464959
5.464959
5.433780
4.888924
4.888924
5.283766
5.283766
4.846285
5.612134
4.957055
4.957055
4.898083
4.953389
4.918550
4.836977
4.836977
5.074423
5.074423
5.074423
4.955786
4.955786
5.687463
5.687463
4.910618
4.910618
4.835745
5.518751
5.518751
5.614939
5.614939
5.821031
5.821031
4.863610
5.635482
5.504811
5.381427
5.554428
5.554428
5.036155
5.402598
5.402598
5.393725
5.585694
5.828740
5.828740
5.433050
5.433050
5.103627
5.103250
4.918603
4.918603
4.918603
4.927570
4.969556
4.969556
4.926080
4.926080
4.916190
5.371154
5.371154
4.834126
4.834126
4.834126
5.667195
4.813490
7.212374
4.885493
4.885493
6.266021
4.733015
5.731264
5.731264
4.840196
4.840196
5.520427
5.064223
5.431865
5.481425
5.704100
5.469295
5.533654
4.813061
5.382655
5.382655
5.472195
5.472195
5.472195
4.919734
4.919734
5.730512
4.925476
5.327651
4.855450
5.178121
5.178121
5.178121
5.178121
5.408231
5.307658
5.307658
4.880787
4.880787
4.956845
5.068340
5.068340
5.068340
4.922231
4.812396
4.813523
4.813523
5.285645
5.136266
5.136266
5.136266
5.412710
5.812980
5.812980
5.547049
5.547049
5.259123
5.536041
5.456861
5.510403
5.456861
5.510403
6.901091
5.515181
5.515181
5.108910
4.977924
5.245970
5.245970
5.245970
4.898358
4.898358
4.888943
4.868382
4.868382
4.868382
6.303769
5.805817
4.894125
4.894125
5.568246
5.344587
5.344587
5.344587
5.969545
4.758190
4.921984
4.921984
5.398078
5.398078
5.174773
5.555950
5.051456
5.364885
5.364885
5.599928
5.599928
5.488335
5.449179
5.336040
5.336040
6.556590
6.556590
4.940259
8.148619
4.973347
4.973347
4.973347
9.741142
9.741142
6.581995
6.581995
5.801721
5.801721
4.826965
4.975675
5.293582
5.293582
4.871332
4.871332
5.840722
5.628639
5.774438
5.774438
5.774438
4.871631
4.897036
7.306423
7.306423
4.867250
4.867250
5.392107
5.844794
5.158032
5.158032
5.387342
5.499424
5.499424
5.427326
5.491042
5.491042
5.491042
5.097824
5.009727
5.009727
4.927302
4.927302
4.927302
5.467320
5.578142
5.032423
5.032423
5.032423
5.142382
55.133695
5.133695
5.133695
4.956414
4.909628
5.833584
5.605272
5.605272
4.838461
4.838461
5.923498
5.923498
4.921465
4.921465
5.013071
4.825388
5.592877
5.592877
5.541958
5.541958
4.900622
4.900622
5.465326
5.218030
5.632780
5.521527
4.867483
4.867483
5.405224
4.866290
4.866290
4.866290
4.876873
4.876873
4.876873
5.815889
5.815889
4.953148
4.953148
5.324402
4.948917
4.948917
5.372097
5.372097
5.372097
5.453885
5.453885
5.092149
5.512614
5.092149
4.905338
4.981761
5.830412
5.830412
4.873577
6.009692
4.903132
5.270301
5.538370
7.831008
5.192551
5.192551
5.465878
5.465878
4.890779
4.966648
4.819137
4.819137
5.448340
5.448340
4.848538
4.848538
5.139213
5.139213
5.139213
6.382526
5.120202
5.120202
4.823088
4.823088
5.151517
4.887837
5.902323
5.902323
5.902323
5.004947
5.004947
4.929161
4.852463
5.290766
6.517896
5.576633
5.576633
7.295746
7.942886
8.017523
5.427047
5.427047
5.482190
5.482190
5.237672
5.684362
4.765067
4.765067
4.765067
5.329773
5.329773
5.328050
5.328050
5.530518
7.952199
7.952199
7.952199



4.939694
4.939694
4.874193
4.941986
4.941986
4.941986
5.163570
5.089046
5.089046
5.089046
5.285273
4.851745
4.893136
4.893136
4.893136
5.500628
5.471558
5.471558
5.471558
4.887239
5.032101
5.032101
5.420977
5.420977
5.324598
6.549189
6.549189
5.341619
5.341619
4.918913
5.011498
5.011498
5.011498
5.101549
5.409524
5.409524
5.409524
4.903336
4.932187
4.909889
5.247257
5.247257
4.936623
6.848918
5.729135
5.261693
5.261693
5.511040
7.551365
7.551365
5.362892
5.362892
5.362892
5.474678
5.474678
5.184904
4.943113
4.943113
4.943113
5.786410
5.088556
5.565745
5.565745
5.758711
5.132748
5.443045
5.234616
5.234616
4.966469
4.899357
5.335925
5.407452
5.407452
5.573649
4.944654
4.944654
5.386272
5.386272
5.386272
7.550763
5.491653
5.491653
4.871782
6.301267
6.301267
6.301267
7.844336
5.420629
5.420629
4.897072
4.897072
5.729568
5.729568
4.911316
4.911316
4.911316
4.911316
4.911316
5.580308
4.857773
5.417776
5.417776
5.539936
8.334892
8.334892
5.621870
5.621870
5.123487
5.472641
5.036433
5.036433
4.776370
5.448683
5.448683
5.448683
4.948136
4.948136
4.977374
4.977374
4.977374
4.849717
4.849717
4.849717
4.914704
5.566648
5.566648
5.566648
5.367754
5.367754
4.831747
4.831747
7.739529
4.718943
5.400679
.201653
.201653
5.014886
4.844053
5.422905
5.422905
5.535034
5.332667
5.332667
5.375406
5.375406
7.336247
7.336247
7.336247
5.270815
4.807126
4.807126
4.856316
5.884243
5.814590
5.431598
5.431598
5.495025
5.495025
5.495025
4.847514
5.329972
6.271059
5.141612
5.141612
6.318652
4.975291
4.975291
4.975291
5.051046
4.893787
5.188396
5.188396
5.188396
5.647331
4.868194
4.868194
4.868194
4.868194
5.459871
5.339322
5.483872
5.689127
5.689127
5.563105
5.563105
5.579692
5.058986
5.635118
5.304758
4.802740
5.704902
5.287983
4.946485
5.480472
5.480472
7.613775
7.613775
7.613775
5.341523
6.666753
6.666753
6.666753
5.883374
5.027322
5.027322
5.060279
5.060279
7.536521
7.536521
7.536521
4.906999
5.349303
5.349303
8.338443
4.808168
4.808168
5.459565
4.793546
5.096825
5.096825
5.523229
5.513222
5.513222
5.420040
5.420040
5.420040
4.909673
4.909673
4.836449
4.836449
4.836449
5.648686
5.023858
5.067325
5.067325
5.594059
5.594059
4.908695
7.946220
5.806880
5.436153
5.436153
4.909803
6.101825
6.101825
6.101825
4.885274
4.885274
4.885274
4.885274
4.885274
5.391882
4.929353
4.995532
5.026671
4.915338
4.915338
4.915338
4.878938
4.903108
5.546752
5.342310
5.342310
5.779216
5.530570
5.530570
5.514327
4.926542
4.926542
5.597895
4.926542
4.923134
5.625265
5.625265
4.837708
5.528549
4.898465
4.898465
4.898465
5.439207
4.962049
4.962049
6.200859
4.859552
4.859552
5.154674
5.154674
5.677792
5.677792
4.896861
5.579920
5.579920
5.579920
5.587899
4.873258
5.650835
5.650835
4.960346
4.960346
5.185098
5.492182
5.312196
5.312196
5.777236
5.764271
5.620892
4.853674
4.853674
5.270163
5.270163
5.473635
5.571706
4.921329
4.921329
7.644711
5.196186
5.389924
5.389924
5.389924
5.389924
4.803861
5.001664
5.001664
5.001664
7.355703
5.244359
4.990227
5.184444
4.991926
4.991926
5.004730
4.991926
5.004730
4.956400
5.599184
5.599184
5.568491
5.568491
5.568491
5.568491
5.025888
5.025888
5.547895
5.547895
5.236751
4.971922
4.971922
4.819896
4.819896
4.885314
4.902247
6.175465
6.175465
4.887103
4.887103
4.896300
4.896300
9.710689
6.509741
4.951033
4.825733
4.825733
4.825733
4.825733
5.731544
5.543490
4.907868
4.907868
4.913268
4.913268
5.209482
5.209482
5.209482
5.082374
5.082374
5.082374
4.878502
4.974434
4.867283
4.867283
5.272810
5.252218
5.252218
5.443759
5.443759
5.267500
4.912955
4.912955
4.912955
5.105693
4.885581
4.885581
5.327801
5.327801
5.096977
5.096977
5.096977
5.551468
5.551468
4.951206
4.951206
4.855937
4.869162
4.869162
4.869162
4.899309
4.970088
5.305418
5.305418
5.000906
5.000906
4.871002
5.550188
5.550188
5.344343
5.344343
5.899899
5.220146
5.220146
5.719692
5.123908
5.698366
5.698366
5.324618
5.324618
5.561353
5.524338
4.874305
4.874305
5.163718
5.155531
5.155531
4.886112
4.861098
4.861098
5.529299
5.529299
4.945391
4.877019
4.842161
5.408434
4.738098
4.738098
5.642957
4.800703


5.211992
4.897837
4.897837
4.858903
4.976773
4.834793
4.834793
4.834793
5.525109
5.525109
5.017568
5.126154
5.126154
5.409728
5.409728
5.451022
5.308776
5.308776
5.444467
5.454632
5.561250
4.832067
4.832067
4.832067
5.065654
5.065654
4.808437
4.808437
4.913840
5.400837
5.400837
5.400837
5.400837
4.807000
5.539834
4.905714
4.905714
5.090974
5.090974
4.927488
4.858630
4.770129
4.770129
4.770129
5.880058
5.880058
4.821521
5.491795
5.235571
5.235571
5.235571
5.118121
5.118121
5.388866
4.892657
5.325588
5.325588
5.551080
4.932209
4.932209
5.275165
4.766595
5.486269
4.782853
4.782853
5.560873
5.742335
5.742335
5.816470
5.712355
5.712355
5.712355
5.548829
7.588241
7.588241
7.588241
5.257493
5.017150
7.141004
5.016672
5.151199
5.151199
5.151199
5.151199
4.973063
4.781149
4.781149
4.926433
5.059744
6.210319
5.520788
5.693058
4.821734
5.315955
5.667586
5.667586
5.667576
5.539273
5.461379
5.461379
5.657377
5.482821
5.482821
5.541260
4.908943
4.908943
4.908943
4.908943
5.432556
5.432556
4.994281
5.012965
5.012965
5.012965
5.432443
5.432443
5.525026
5.613369
5.613369
5.613369
6.313055
5.149120
5.149120
5.149120
5.165298
4.897743
4.897743
4.897743
5.697908
5.606955
5.011189
5.459491
5.459491
5.317054
5.317054
5.484351
5.434802
5.467143
5.415581
4.838680
5.578259
5.578259
5.578259
4.819962
4.819962
4.871158
4.871158
4.871158
4.838669
4.894032
4.894032
5.307987
5.307987



5.037557
4.886243
5.101527
5.275536
5.275536
4.890126
4.890126
5.554427
4.824009
4.824009
4.840046
5.637150
5.637150
4.800152
5.121374
5.278636
5.278636
4.866471
4.866471
5.710508
5.709005
5.276774
5.810302
4.882502
4.713757
4.713757
5.320708
5.320708
5.320708
5.402441
5.402441
5.110267
5.110267
4.764623
5.762056
5.762056
5.613195
5.613195
8.219284
5.115127
5.115127
5.115127
5.115127
5.548325
4.925020
4.925020
4.925020
4.925020
5.331600
6.366121
7.492699
7.492699
5.569936
5.569936
5.569936
5.006910
5.324340
5.173109
5.173109
5.590240
5.802404
5.548777
5.494972
5.449740
5.449740
5.308262
5.604977
75.835746
5.835746
6.250520
5.792674
5.792674


4.980926
4.980926
4.980926
4.980926
4.927553
4.927553
5.052430
5.208227
5.208227
5.794944
5.794944
5.794944
4.970359
5.326711
5.326711
4.865037
7.315402
7.315402
7.315402
4.829128
5.290183
7.453263
5.649905
5.649905
8.178678
8.178678
4.981175
4.981175
4.751425
5.765391
5.765391
5.562164
5.443630
5.443630
5.599326
5.345307
4.904842
4.904842
8.214001
4.937541
4.937541
4.937541
5.720968
5.720968
5.720968
5.144144
5.187479
5.011349
5.336530
7.642018
7.642018
4.965882
4.965882
4.965882
4.952332
4.952332
5.320107
5.320107
5.320107
5.320107
5.089630
5.421228
5.292860
5.292860
4.889928
5.516966
5.516966
5.344899
5.797755
5.797755
7.752458
5.533268
5.533268
4.809483
4.809483
4.809483
4.809483
4.995049
4.995049
4.853363
4.853363
5.273564
5.156789
4.897411
4.897411
4.897411
5.207142
5.082996
5.082996
5.082996
4.849866
4.849866
5.724296
4.896680
5.439671
5.347082
5.347082
5.150611
5.150611
5.150611
5.150611
5.663319
5.759975
5.355095
5.629897
5.629897
5.585522
5.867779
5.867779
5.444455
5.444455
4.816129
4.816129
4.816129
5.166923
5.166923
5.166923
4.971654
4.798431
4.798431
4.911608
4.911608
5.408536
4.981475
4.981475
4.911316
6.853494
5.652755
5.652755
5.652755
7.646707
5.457929
7.646707
4.985755
4.807991
4.807991
4.858712
4.858712
5.545113
5.581593
5.003660
5.003660
5.490818
5.490818
5.399069
5.399069
5.790713
5.867280
4.788258
5.155146
5.155146
5.278052
5.278052
4.955957
4.923726
7.329454
4.921363
4.921363
4.921363
5.133026
4.860281
6.298605
6.298605
6.298605
4.858043
4.862884
4.905455
.603579
.603579
4.984662
4.984662
4.964023
5.820487
5.363215
5.363215
4.724801
5.109271
5.109271
5.716621
5.274041
4.829719
4.829719
5.078091
5.078091
5.144309
5.517956
5.517956
4.830301
5.542783
5.542783
5.542783
4.759588
4.759588
5.590835
5.408781
4.773711
4.773711
5.504150
7.962838
7.962838
5.513753
7.803198
5.299142
5.574698
5.574698
5.574698
4.953936
5.044005
5.044005
5.044005
5.044005
5.971120
5.049790
5.424157
5.424157
5.548041
5.548041
5.247605
6.991649
6.991649
6.275461
5.674762
5.503092
5.503092
5.519329
5.498020
5.545669
5.070935
4.785920
4.785920
5.387967
5.387967
5.393066
7.071884
7.071884
5.510149
5.862305
5.862305
5.534724
5.534724
5.534724
5.026606
5.547981
5.547981
4.881063
4.881063
4.869161
4.869161
5.774659
4.938791
7.346124
7.346124
4.912198
4.834871
5.675941
4.832142
4.832142
4.874456
5.729197
4.911797
4.911797
5.518888
5.299107
5.299107
4.804542
5.622713
5.728039
4.880736
4.880736
4.880736
5.222748
5.222748
7.603919
7.603919
4.959338
5.253743
5.253743
5.253743
4.928583
4.928583
4.958731
5.643072
5.643072
5.557684
4.963370
4.963370
4.883180
5.790029
7.488901
5.790029
5.538372
5.538372
5.043962
5.043962
5.043962
5.188629
5.188629
5.188629
4.948151
4.948151
5.957774
6.049294
5.433105
5.223227
5.707622
5.707622
5.188512
5.188512
5.500353
5.763657
5.483019
5.526504
4.999256
4.999256
4.999256
5.295754
4.906565
5.563854
4.834459
4.834459
4.834459
5.509975
5.509975
5.509975
5.265150
4.918405
4.918405
5.636052
5.636052
4.917821
4.917821
4.860371
4.906759
4.806883
5.243400
5.243400
5.505108
5.765283
5.017794
5.253130
5.253130
5.676341
5.173343
5.377809
5.377809
5.783432
5.783432
5.742217
5.372000
5.372000
4.910746
4.910746
4.948209
4.948209
5.990855
5.597188
5.232576
4.903345
4.903345
7.428743
7.428743
7.428743
5.589980
5.589980
4.979549
4.979549
5.853600
5.390169
5.390169
5.390169
4.904031
4.923270
4.910371
4.910371
4.910371
4.910371
5.096695
5.150768
5.551456
5.551456
5.551456
5.216022
5.561353
7.843743
5.758208
5.520489
5.081220
5.621876
5.427253
4.919300
4.945220
4.945220
4.945220
4.976433
4.976433
4.976433
4.976433
5.558976
4.932393
4.932393
5.993513
5.993513
5.415032
5.044936
4.941023
5.157478
5.157478
5.157478
4.966195
4.966195
4.924321
5.218260
5.724570
5.298188
5.298188
5.474747
5.474747
4.966721
5.058968
5.443457
5.310010
5.235508
5.771367
5.615288
5.615288
4.878859
4.878859
4.923291
4.871492
4.871492
5.502722
5.606852
5.538631
5.538631
4.888126
7.949054
4.858727
4.757351
4.757351
5.128987
5.197060
4.865929
5.523174
5.523174
5.523174
5.523174
4.856712
4.856712
5.468999
5.601793
5.601793
5.581255
5.581255
5.603124
5.282970
5.314342
4.954368
5.648205
4.954368
5.648205
5.760723
5.368892
4.863973
5.713162
5.981147
5.249922
5.249922
5.100090
5.100090
5.401870
5.401870
5.319681
5.319681
5.558051
5.558051
5.558051
5.002144
4.916456
4.916456
5.539384
5.539384
5.699302
5.699302
5.540446
5.015199
5.015199
5.015199
5.015199
4.849151
5.180337
4.914058
4.914058
8.077778
8.077778
5.016421
5.016421
5.016421
5.087267
5.087267
4.898502
5.462908
5.462908
5.725445
5.559972
5.559972
5.631376
5.631376
5.717864
5.039617
5.039617
4.910479
4.910479
5.506698
4.820203
5.600975
7.036913
7.036913
7.036913
5.274764
5.274764
5.164180
5.164180
5.164180
4.900213
5.271906
5.271906
5.914576
5.914576
11.049905
11.049905
5.219895
4.760046
5.026387
5.124115
4.678021
4.678021
6.412344
4.881349
5.512870
5.352408
5.149816
5.149816
5.267964
5.530511
5.267964
5.552968
5.635191
5.635191
4.877681
4.877681
4.877681
4.877681
5.773249
7.743086
5.161218
5.142519
5.142519
5.142519
4.993106
5.423630
4.911975
5.311768
5.311768
5.515576
5.179511
4.913854
4.913854
5.995368
5.036037
5.036037
5.036037
5.448811
4.871130
4.818918
4.818918
4.793062
4.793062
4.860791
6.857635
5.139504
5.139504
5.139504
5.066343
5.469321
5.287172
5.287172
5.707184
4.774366
5.697880
5.697880
5.512158
5.512158
5.512158
5.648405
5.793987
4.863909
4.863909
4.898015
8.166180
8.166180
5.728199
5.166678
5.166678
5.166678
5.598099
5.598099
5.598099
5.541877
4.902671
5.567787
5.567787
5.529200
5.529200
4.910189
5.010459
4.854783
4.854783
4.816189
4.816189
4.923647
4.923647
5.264632
5.423048
5.355884
5.355884
5.556372
4.689318
4.689318
4.689318
5.624627
5.624627
5.624627
5.755513
4.748452
5.775595
5.775595
5.377822
4.903883
4.903883
4.903883
4.903883
4.903883
5.318134
7.811683
7.811683
5.593928
4.894795
5.492414
4.891426
4.891426
5.483855
6.472666
6.472666
6.472666
5.705556
5.441223
5.441223
7.064200
7.064200
7.064200
5.407116
5.970572
5.861558
5.284802
8.452334
8.452334
5.606775
5.606775
5.767508
5.375616
4.974795
4.974795
5.549714
5.703007
4.936401
5.205092
5.578039
5.578039
5.364773
5.364773
5.004354
4.939090
4.939090
4.889105
7.435937
4.908049
4.908049
4.908049
4.900152
4.900152
4.900152
4.858542
4.858542
4.858542
5.283162
5.283162
4.824303
4.824303
4.807674
4.807674
4.807674
5.526154
4.940750
5.516011
5.516011
5.848121
5.848121
5.551314
4.987560
4.987560
5.298622
5.298622
5.298622
4.932682
4.932682
5.797773
5.055050
5.213219
5.322222
4.885466
4.885466
4.885466
5.601246
7.026744
7.026744
7.026744
7.026744
6.078379
6.078379
4.925019
4.925019
4.925019
7.388740
7.388740
7.549828
7.549828
4.747027
4.837099
4.940427
4.826853
4.826853
4.764199
5.312182
5.740019
5.740019
5.362566
5.362566
4.817955
5.702905
5.702905
4.827396
4.969894
4.969894
4.933793
4.933793
5.334976
4.902606
4.902606
4.902606
5.452569
5.452569
5.064626
5.064626
5.342884
5.794811
5.794811
6.215032
4.975110
4.975110
4.938064
4.938064
4.875845
5.392075
4.926273
4.926273
4.926273
7.391169
4.798150
4.908672
4.908672
5.121827
5.725167
5.535465
4.919929
4.919929
5.704582
5.491817
5.474014
5.662110
5.367107
5.367107
4.918893
5.618749
5.618749
5.535523
5.535523
4.862446
4.862446
5.391523
5.391523
5.259677
5.504805
5.029688
5.029688
10.520614
4.895202
4.848812
4.848812
5.563289
5.684835
4.890386
5.441892
5.441892
4.970905
5.771800
5.771800
6.629761
4.895777
4.895777
4.895777
5.245118
5.245118
5.754215
5.252929
5.252929
4.977485
4.977485
5.549024
5.495884
5.527918
5.527918
5.831981
5.377164
5.377164
4.835049
4.835049
4.835049
4.823410
5.691846
5.233746
5.233746
5.233746
5.119289
5.119289
5.184432
7.407547
7.407547
5.362974
4.962816
4.911116
5.922822
5.922822
5.077966
5.664247
5.664247
4.834993
4.834993
4.872789
4.872789
4.872789
4.872789
4.939751
6.216627
4.881927
4.881927
5.526291
5.019198
5.103337
5.741091
5.922516
5.803807
5.803807
77.838964
7.838964
5.769074
5.769074
5.345862
5.080087
4.946465
5.471423
5.471423
5.471423
4.934371
4.897773
4.897773
9.875819
5.790967
5.455296
5.455296
4.903154
5.084621
5.084621
4.817888
5.656112
5.656112
5.138292
5.444379
10.576884
10.576884
6.076086
6.076086
4.973167
5.360230
5.360230
5.701685
5.701685
5.388593
4.874510
4.874510
4.910503
5.425815
5.425815
4.802013
4.802013
5.048054
5.048054
4.968985
4.986824
4.887419
5.406505
4.818108
4.818108
4.818108
5.279274
5.279274
4.951763
4.951763
4.951763
4.951763
4.895724
4.895724
4.895724
5.947930
4.737953
4.737953
4.737953
5.346126
5.056405
5.056405
5.056405
5.430652
5.281501
4.938680
4.938680
5.064938
5.289855
5.305105
5.490020
5.531817
5.531817
4.935426
4.935426
4.935426
4.901828
4.901828
5.013936
7.062582
7.062582
5.377494
4.882104
4.954176
4.954176
4.881119
4.919541
4.881119
4.896546
4.896546
4.950633
5.093810
5.099142
5.099142
4.863353
4.863353
4.863353
5.089581
5.089581
4.822689
4.785275
4.785275
4.785275
5.501372
5.473923
5.464363
5.602094
5.512933
5.023290
5.023290
5.452936
5.452936
5.109163
4.682519
4.682519
5.616853
5.032573
5.032573
5.048123
4.713709
5.149769
4.905618
4.905618
4.905618
5.194565
5.194565
6.682105
6.682105
6.682105
4.851755
4.844167
4.962590
5.137907
4.760194
5.570073
5.570073
5.041660
5.041660
5.858561
5.858561
5.109990
5.244521
5.244521
5.228090
5.724035
5.503387
5.503387
5.538578
5.551009
5.551009
5.269044
4.688527
4.688527
5.159025
5.159025
5.524578
5.736781
6.548181
5.736781
5.708011
5.708011
5.468817
6.633784
6.633784
6.633784
5.578172
5.786061
5.011328
5.011328
5.011328
5.011328
5.005088
5.017293
8.518787
8.518787
8.518787
8.518787
4.844666
5.153000
5.153000
5.153000
5.153000
4.932849
4.932849
5.338394
5.483249
5.483249
5.017685
5.017685
7.805603
7.805603
5.459556
6.245561
5.241007
5.241007
5.847992
9.244057
9.244057
4.800341
4.979569
4.979569
5.626678
5.626678
4.878455
4.870450
4.870450
4.993923
4.993923
4.904829
4.821583
4.859552
4.859552
4.920526
4.888667
5.695707
5.480363
5.480363
4.983655
4.983655
4.767425
4.723844
5.103259
5.103259
5.103259
5.309255
5.309255
4.825028
5.423292
5.423292
5.627775
5.420651
5.420651
4.896834
4.896834
5.483492
7.239766
7.239766
7.239766
5.633490
5.633490
5.688909
4.854889
4.854889
4.854889
5.427132
7.443428
6.1493865.447244
4.983753
4.983753
4.906993
6.458513
6.458513
7.519134
7.519134
5.477140
5.477140
4.905066
4.826649
4.826649
4.812296
4.812296
4.812296
4.863662
4.884188
5.545156
5.615611
5.615611
5.335060
5.335060
5.511891
5.511891
5.582924
4.958639
4.958639
4.934369
4.934369
4.941960
6.570625
6.570625
5.769450
5.769450
5.769450
5.230088
5.103782
5.065467
5.972562
5.617277
5.972562
4.887918
4.870845
4.870845



4.909397
4.870774
4.803387
4.933837
4.933837
4.964732
4.964732
4.980446
5.362122
5.713171
5.524738
4.910100
4.910100
5.455625
5.455625
5.253010
4.692467
5.541967
4.884053
4.884053
5.660068
5.578725
5.578725
7.833163
5.103211
4.924004
4.930491
4.911286
4.911286
5.669455
5.595419
5.595419
4.907481
4.907481
4.950579
4.989569
4.989569
4.989569
5.701303
5.701303
5.324208
5.552332
5.552332
5.552332
5.534337
5.534337
5.779826
5.779826
5.283689
5.526619
5.691230
5.560270
5.730360
5.462141
5.509933
5.509933
4.864848
4.864848
5.545202
4.950127
4.942479
4.949234
4.949234
4.949234
5.649238
4.894893
4.894893
5.168057
5.514975
5.514975
5.514975
4.874543
4.874543
5.557603
4.969920
4.969920
5.112414
5.112414
5.756130
5.756130
5.023337
5.023337
4.870258
4.870258
4.870258
6.303252
6.303252
6.303252
4.885856
5.460901
5.579542
5.610989
5.610989
5.377760
5.377760
5.910463
5.274295
5.274295
4.891271
6.553532
6.553532
7.857293
7.857293
7.857293
5.227162
5.042504
5.038714
5.038714
5.038714
5.038714
5.371468
6.389601
6.389601
5.956657
5.956657
5.956657
5.280913
5.280913
5.280913
5.280913
4.963572
8.220745
4.865166
4.865166
4.885936
4.885936
6.129106
6.129106
5.343221
5.230320
4.877275
4.877275
5.557468
5.557468
7.935400
5.261828
5.261828
4.804216
4.804216
4.915779
4.870760
5.764297
5.764297
5.288394
4.880206
5.098801
4.933879
4.933879
4.933879
5.550547
4.918630
5.777131
5.777131
7.082235
7.082235
7.082235
5.550711
5.550711
4.818713
5.021050
5.023935
4.885534
5.646956
5.663052
5.663052
6.958934
6.958934
6.958934
4.767401
5.410451
4.807118
4.807118
5.690198
5.475673
5.475673
4.906139
4.906139
5.332977
5.332977
5.789759
4.796366
6.227424
6.227424
6.227424
5.071667
5.071667
5.872249
5.872249
4.926019
5.531229
5.531229
4.825355
4.865959
5.147119
5.147119
5.147119
5.147119
5.082458
5.463214
4.925508
7.717163
5.099652
5.099652
5.256373
4.838622
4.838622
4.838622
5.587412
5.176800
5.479329
5.627017
5.627017
5.564252
5.564252
5.085676
5.085676
4.939415
5.696068
5.372123
5.388833
5.388833
5.541154
5.723192
5.723192
6.156224
4.868858
5.359744
5.359744
6.016524
4.977469
7.303070
7.303070
7.303070
4.858868
5.156235
5.156235
5.156235
9.196690
4.820075
5.280350
5.280350
5.372737
5.372737
5.372737
5.372737
5.081862
5.661846
5.661846
5.542547
5.365165
5.365165
5.365165
5.666967
5.125704
4.884613
5.681891
5.681891
5.389541
5.389541
5.554214
7.956260
7.956260
4.941334
4.941334
8.033880
8.033880
5.532177
4.923716
4.923716
4.994080
4.994080
4.994080
5.216217
5.499008
5.499008
5.499008
6.158516
6.158516
5.227796
4.782764
4.782764
4.880723
5.388569
5.388569
4.950068
4.950068
4.950068
5.044455
5.044455
5.425330
4.906107
4.933093
4.933093
5.329394
5.442060
4.921740
5.294757
5.294757
5.294757
8.316202
8.316202
8.316202
5.339073
4.901437
4.901437
4.836302
4.836302
4.836302
5.375778
4.872809
5.584282
5.584282
5.456965
4.895168
4.904065
5.024744
4.872682
4.995743
4.923379
4.977571
4.977571
5.501415
5.501415
5.467544
7.346415
7.346415
7.346415
5.519859
5.078432
8.210381
8.210381
4.906686
4.906686
5.438585
5.438585
4.894546
5.978757
5.978757
5.432783
8.541493
5.608369
5.681024
5.681024
5.681024
5.329468
5.329468
5.329468
4.945315
5.741820
5.741820
5.140555
5.140555
5.140555
4.998378
4.998378
4.998378
4.998378
6.056755
6.056755
6.056755
5.992407
5.992407
5.144847
5.445416
5.445416
6.515012
6.515012
6.515012
5.442352
5.776145
4.976848
4.976848
5.064603
5.536935
4.857753
4.857753
5.052056
5.052056
5.819120
5.819120
4.894515
5.289352
5.289352
5.289352
5.246206
4.875332
4.875332
8.313620
8.313620
6.428429
5.881872
5.980035
5.034510
5.019337
5.019337
5.012044
5.012044
5.012044
5.187246
5.187246
5.187246
7.658968
6.123329
4.924244
5.276512
4.843007
4.843007
4.817174
4.817174
5.458680
5.438264
5.435495
5.435495
4.736221
5.105459
8.159868
7.297312
5.064897
5.544715
5.544715
5.305116
5.305116
5.435305
5.188690
5.188690
5.364326
5.120802
4.928781
5.212222
5.212222
6.478945
5.505904
4.907056
5.530474
5.530474
5.160605
5.160605
5.160605
4.838181
6.768027
6.768027
5.352324
4.999869
4.999869
4.986543
6.566654
6.566654
5.314842
5.314842
5.395753
5.572922
5.572922
5.745895
5.530466
5.473940
5.473940
4.723900
4.723900
4.960912
4.993653
4.993653
5.789042
5.789042
4.880065
4.880065
4.880065
5.550169
5.215808
5.150729
5.150729
4.934011
5.335232
5.335232
4.882606
4.882606
4.940280
44.877866
4.877866
4.714080
4.714080
4.714080
4.719742
4.719742
4.873799
5.127865
4.688600
5.325511
5.477362
5.426869
5.458164
5.458164
5.683250
5.442052
5.442052
7.932318
7.932318
7.932318
5.270041
5.515091
4.879828
4.879828
5.324498
5.324498
5.866109
5.866109
5.211067
55.040136
5.040136
5.040136
5.292487
4.929768
4.953594
4.953594
5.253294
5.253294
4.900822
4.900822
4.900822
5.288945
5.288945
5.128858
4.891648
5.511939
5.479320
5.479320
5.479320
5.479320
5.335621
4.940710
5.335621
5.417541
5.472675
5.472675
5.620859
5.724601
8.454140
5.045545
5.045545
8.411910
8.411910
8.411910
5.548158
5.548158
5.419217
6.508023
6.508023
6.508023
6.508023
4.904719
4.904719
4.855510
4.825706
4.852725
4.852725
4.852725
4.962773
5.754726
5.754726
5.351852
9.752207
4.971348
4.867277
4.867277
4.867277
5.695887
5.221676
5.221676
5.592052
5.560205
8.855992
8.855992
5.516666
4.985287
5.059627
5.543809
5.291273
5.291273
5.572874
5.017216
5.493076
5.493076
5.493076
4.890727
4.890727
4.890727
4.890727
4.988069
4.988069
5.484566
4.949240
5.024898
5.604893
5.604893
4.918052
4.918052
4.913827
4.913827
4.913827
7.786465
6.487894
6.487894
5.275908
5.470995
5.470995
5.470995
5.533278
5.647603
3.406168
5.523749
5.523749
4.827859
5.040184
5.040184
5.240604
5.376942
5.376942
5.026815
5.026815
5.026815
5.618113
5.400314
5.542454
5.542454
5.542454
5.632097
4.877335
4.877335
4.877335
5.007179
5.007179
5.007179
7.864074
7.864074
5.401564
4.999799
5.647256
5.647256
5.647256
4.887743
4.921783
4.921783
5.209040
4.848939
4.848939
4.798223
5.278755
5.278755
5.472689
5.505597
5.397966
8.528210
8.528210
8.528210
4.897074
5.404524
5.404524
5.485538
5.485538
4.956543
5.476379
5.270497
5.270497
5.504053
7.262140
4.864183
5.121973
5.121973
5.121973
5.570485
6.200770
4.879154
4.879154
5.741732
5.741732
5.260511
5.975505
4.781416
4.781416
4.781416
4.941797
5.299155
4.606780
4.780457
4.780457
5.086237
5.086237
4.844105
5.699045
5.494042
5.494042
5.731913
5.731913
4.751416
5.243989
5.243989
5.003997
5.003997
5.685886
5.208725
5.208725
4.735238
4.735238
5.834580
7.980214
4.890402
4.890402
5.049640
5.049640
5.309437
5.983740
5.983740
4.814893
4.814893
4.814893
6.282202
6.282202
6.282202
6.282202
4.777777
4.861672
4.861672
5.677170
5.677170
5.677170
5.208514
5.101439
5.101439
5.473660
5.343261
5.343261
5.082487
5.082487
5.575117
5.575117
5.575117
4.842798
4.902641
4.890958
4.890958
4.926526
4.703696
5.471889
5.471889
4.942931
5.547496
4.906677
4.906677
5.771296
5.757904
5.757904
5.438536
4.863573
4.863573
4.863573
4.863573
4.863573
5.289657
4.853711
4.853711
5.398650
5.292369
4.881449
5.472775
5.472775
5.208764
5.397266
5.014144
5.798083
5.798083
5.306819
5.274572
5.096890
5.102083
5.461197
5.461197
4.820323
4.789343
5.077040
5.462585
5.462585
5.087766
5.545649
5.545649
5.455045
4.765816
4.824785
5.452127
5.452127
5.452127
5.453149
5.453149
5.449321
5.194639
5.983587
6.545190
6.545190
5.600180
5.600180
4.761156
5.320614
4.830634
5.276630
5.276630
4.858087
4.858087
4.832594
5.618790
5.568608
5.568608
5.560762
5.560762
5.396455
5.302125
5.302125
4.904033
4.904033
4.904033
5.530841
5.103997
5.103997
5.338055
4.880929
4.923124
4.923124
5.510369
5.510369
5.510369
4.949415
5.331411
5.358354
5.358354
5.083246
5.083246
5.083246
7.484957
5.614879
5.016073
4.717864
4.717864
7.516215
5.623257
5.623257
5.623257
5.623257
5.236923
5.257768
5.257768
5.803776
5.803776
4.883927
4.883927
5.638379
4.900240
4.900240
5.811810
6.562284
5.369882
5.369882
5.369882
4.960037
5.766476
5.766476
5.779568
5.779568
5.861474
5.861474
4.844109
4.844109
4.844109
4.907679
4.907679
.910507
.910507
4.925800
6.672974
6.672974
5.135161
5.322544
4.831741
4.831741
4.847805
4.847805
4.847805
5.401481
5.088205
5.459180
5.525977
5.596534
5.465032
5.465032
5.302685
5.302685
5.077993
5.077993
5.600163
4.960327
4.960327
4.960327
5.609051
5.609051
5.609051
5.660788
5.417772
5.417772
5.417772
5.417772
5.410210
5.410210
4.995681
4.995681
5.005085
5.005085
5.005085
5.005085
5.112885
4.942354
5.390684
4.868594
4.868594
5.508669
4.905956
4.905956
5.657195
5.004142
5.004142
5.038384
5.038384
5.500208
8.114952
8.114952
5.135892
5.395418
5.395418
5.586727
5.259857
5.259857
5.332133
5.534416
4.927160
4.927160
4.927160
5.467122
5.467122
4.910818
6.063517
5.7.522564
7.522564
5.230532
6.416098
6.416098
6.416098
5.466012
5.466012
5.466012
4.961229
4.961229
4.861249
4.861249
4.915137
5.545133
5.545133
7.923963
7.923963
5.527694
7.796761
4.785938
5.374368
5.374368
5.472613
5.528813
5.725166
5.596127
5.034102
5.034102
4.896778
4.896778
5.549016
5.549016
5.368278
5.368278
5.209190
5.209190
5.209190
4.857814
5.515087
5.515087
5.515087
4.929132
5.020544
5.020544
5.020544
8.480130
8.480130
5.074509
4.884273
5.366942
5.442775
5.639945
5.639945
5.639945
5.639945
5.639945
5.127889
4.906690
4.858506
4.858506
5.465615
5.465615
5.465615
5.661039
5.476018
5.461111
5.461111
5.537867
4.738074
4.738074
4.738074
5.762867
5.762867
8.243943
8.243943
5.563217
4.850201
4.850201
5.754484
4.826707
5.041188
5.273349
4.914684
4.914684
4.914684
4.929781
5.498068
5.498068
5.344943
5.891942
5.891942
4.700426
8.434259
4.975580
8.434259
5.276229
5.276229
4.864860
5.296264
5.449246
5.376000
4.974747
4.974747
5.211866
5.211866
4.650636
4.650636
5.391440
8.253859
8.253859
8.253859
4.892939
4.892939
4.887479
4.887479
4.751291
5.848629
5.848629
5.848629
10.703056
10.703056
10.703056
4.844208
4.844208
4.844208
4.875278
4.875278
4.873125
4.873125
4.899067
4.782708
6.488106
6.488106
4.908991
6.984254
5.113192
5.284529
4.876754
5.044279
5.044279
5.282628
5.729086
5.687570
5.419450
5.419450
4.844310
5.564211
5.564211
5.506421
5.506421
5.506421
4.838201
5.410109
5.410109
5.726746
4.884182
4.984150
4.984150
5.100736
4.909990
4.909990
4.893865
4.893865
7.395892
4.896096
5.009303
5.196393
4.848114
4.848114
4.862905
4.786055
4.786055
4.786055
5.606029
5.606029
6.026064
6.026064
6.026064
4.870327
5.251581
5.491064
5.491064
5.037893
5.082025
5.082025
8.444797
8.444797
5.316243
5.316243
5.703558
5.507355
5.209108
4.992701
4.992701
4.992701
5.508348
5.508348
5.784766
7.290080
7.290080
5.640750
5.636114
4.928656
5.465945
5.617869
5.617869
4.944963
4.944963
5.550873
4.811343
8.100896
5.076974
5.740030
4.908054
4.908054
5.189398
4.805079
5.246633
5.246633
4.882434
5.379147
.450451
5.466283
5.466283
5.333340
5.548015
5.080239
5.080239
5.279229
4.873543
6.240444
6.240444
5.617530
5.577667
5.596977
5.596977
4.935313
5.976838
5.976838
7.515603
5.675661
5.675661
4.947511
4.947511
4.947511
5.492455
5.492455
5.492455
5.492455
5.492455
4.966115
4.958154
4.937212
4.937212
4.806460
4.806460
5.056861
5.056861
5.436768
5.662102
5.644255
5.595888
5.595888
5.539758
5.764009
8.093226
8.093226
5.676712
5.676712
4.892522
4.892522
4.892522
5.641476
5.641476
4.998067
4.998067
4.998067
6.016042
4.898744
4.898744
5.356079
5.356079
5.356079
4.872400
4.829510
4.915990
5.509859
5.012618
5.012618
5.012618
4.897405
4.897405
4.862170
4.862170
5.240883
5.492244
6.909435
6.909435
6.909435
5.412744
5.448604
5.322972
5.322972
5.474479
5.474479
5.309420
4.832789
5.160586
5.092149
5.768841
5.199561
4.860921
5.199561
4.817423
55.600554
5.576445
5.150960
5.270255
8.109882
8.109882
8.109882
8.109882
4.989517
5.004515
4.860311
4.900051
4.928057
4.928057
5.023174
4.878312
5.055173
5.245599
5.245599
5.245599
5.245599
5.111712
5.111712
5.537550
5.451568
5.392067
5.392067
5.132974
5.565153
5.517414
5.517414
4.750488
5.534023
5.665820
5.442133
5.442133
5.420744
5.155309
5.155309
5.155309
4.800590
4.800590
5.064072
5.064072
5.006446
5.006446
5.006446
5.568915
4.885766
4.842181
5.530364
5.530364
5.530364
4.884589
4.884589
4.963327
4.888057
4.957661
4.957661
4.957661
4.829443
4.799868
4.949116
5.198676
5.198676
5.354977
5.690816
5.601157
5.601157
5.453252
5.453252
5.519099
5.519099
5.645375
5.645375
4.910125
4.910125
5.619888
5.619888
5.690550
4.960147
4.960147
4.960147
4.960147
4.916057
4.916057
4.916057
7.442504
6.303878
6.303878
5.469547
5.469547
5.715263
5.715263
4.844546
4.796306
4.796306
4.796306
5.185093
8.056836
8.056836
5.440651
4.872789
5.390425
8.048104
5.449128
5.463210
5.794219
5.378984
5.794219
5.378984
5.396318
5.396318
5.396318
4.921048
4.921048
4.921048
5.749335
4.879048
4.879048
4.967362
4.967362
5.469492
5.469492
4.913405
4.913405
6.820342
4.884040
4.884040
4.884040
4.975331
4.975331
5.797879
5.797879
4.716516
5.381729
5.718525
5.859427
5.859427
5.859427
6.040735
6.040735
6.040735
5.476100
5.774497
5.513503
5.513503
5.726111
5.131894
5.596187
5.596187
5.596187
5.286132
5.219650
5.219650
5.219650
5.151884
5.151884
5.151884
4.866070
5.340239
5.340239
5.827947
4.889658
4.870173
4.971384
5.413402
5.413402
5.413402
5.002949
5.514993
4.919689
5.830483
6.056091
4.877549
4.877549
5.914788
5.914788
5.455411
4.969193
5.794321
5.794321
5.794321
5.794321
8.393210
5.133114
5.133114
5.384670
5.384670
5.879400
5.879400
5.879400
5.213123
4.921994
4.921994
4.921994


4.874212
5.664072
5.664072
4.819595
4.819595
4.819595
5.105836
5.105836
5.160483
5.160483
6.417657
5.368060
5.368060
5.435628
5.435628
4.890814
4.890814
4.890814
5.059711
5.059711
4.879302
7.196769
7.196769
5.596861
5.199735
5.156674
5.156674
5.536361
5.412178
5.050641
5.050641
5.520853
5.440282
5.167435
5.270625
5.270625
5.737666
5.023085
5.023085
5.282794
5.282794
4.845089
5.334422
5.334422
4.953519
5.498542
4.847000
5.271561
5.271561
4.813805
5.428739
5.428739
5.494330
4.949589
4.949589
7.464987
5.445182
5.431791
6.692730
5.406277
5.333467
5.333467
5.333467
6.112389
5.236135
5.236135
5.193280
5.317755
5.466420
4.961284
4.961284
5.115625
5.404773
5.404773
5.466664
5.466664
4.849937
4.849937
4.865851
4.900077
4.900077
5.514449
5.514449
5.350579
4.815006
5.619317
5.619317
5.619317
4.904774
4.904774
4.812159
4.993889
4.993889
4.993889
4.993889
4.822840
4.834911
4.834911
5.555227
5.259345
5.259345
4.844941
5.767770
5.767770
4.967541
4.957026
5.569471
5.443426
5.555581
5.341499
5.341499
5.522451
5.337639
5.337639
5.337639
5.506039
4.804164
4.804164
5.388864
5.388864
4.845304
7.494882
4.915478
4.915478
4.862517
4.862517
4.870830
5.461202
4.968628
4.968628
4.926669
4.955413
4.955413
4.955413
4.955413
7.309032


5.095426
4.942563
4.942563
4.674462
4.878578
4.878578
4.878578
5.006617
6.146857
5.050249
5.050249
5.470690
7.770882
5.459313
5.459313
5.375215
5.375215
5.375215
4.877873
4.784873
4.784873
4.784873
4.952252
6.004454
5.547111
4.782491
4.782491
5.646852
5.864644
5.864644
7.490796
7.490796
4.961093
4.961093
4.886430
4.886430
4.886430
4.961635
4.961635
5.206845
5.206845
4.906163
4.906163
4.941186
5.125527
5.125527
5.125527
5.703158
5.030952
5.497931
5.497931
5.309893
5.162383
5.162383
5.563926
4.871491
4.965929
4.965929
4.965929
4.865125
4.865125
4.872208
4.872208
5.411150
7.464793
7.464793
7.464793
7.254261
5.529175
5.529175
4.929348
4.929348
5.120194
4.942905
4.942905
6.126071
6.442537
6.442537
4.977186
4.977186
6.042976
6.042976
6.042976
4.920002
4.920002
4.871282
4.804180
4.695004
5.278077
5.307641
480174
480174
5.344703
5.344703
5.825764
5.519878
5.519878
5.296112
4.881785
5.296112
4.881785
4.788461
4.788461
4.839935
4.992755
4.992755
4.992755
5.839939
6.178169
6.178169
6.178169
6.178169
5.602858
4.918039
5.193502
5.193502
4.842958
4.860132
4.822281
4.822281

4.934944
4.934944
4.934944
4.716263
64.716263
5.483840
5.483840
5.555896
5.555896
5.497840
5.228541
5.228541
4.866620
4.866620
4.866620
4.842010
5.414285
5.414285
4.772577
5.452953
4.818128
4.818128
4.818128
5.565702
5.415384
5.092130
5.092130
4.881179
5.515085
5.515085
6.312271
6.312271
6.312271
4.916227
8.240050
5.593975
5.458713
5.458713
6.357648
4.881963
4.968130
4.968130
4.968130
4.861449
4.861449
5.175278
5.638146
5.549371
5.505588
5.505588
4.962348
5.768551
5.052209
5.747527
5.747527
5.515536
5.515536
5.564612
5.630515
4.897648
5.308658
5.308658
8.262013
4.991949
7.446773
7.446773
45.600226
5.600226
9.559554
9.559554
4.791515
4.897301
4.897301
5.089012
5.289768
5.223333
5.069400
5.736136
5.736136
5.196859
6.046846
5.513807
5.513807



5.382299
4.976718
4.945201
5.221151
5.221151
4.869905
4.869905
5.611850
5.611850
5.611850
5.495036
4.906763
5.111755
5.111755
5.111755
5.707388
4.954352
4.963129
4.963129
5.501134
5.501134
4.969694
5.132150
4.863252
5.023297
4.965544
4.965544
5.567500
4.871807
4.871807
4.836505
4.836505
4.836505
5.348687
5.348687
5.348687
5.116768
5.514101
5.514101
4.782577
5.570158
5.239414
5.239414
5.617050
5.475277
5.429796
5.252928
4.789346
4.789346
5.532783
5.532783
5.281768
4.873498
4.873498
5.127950
5.633239
5.633239
5.633239
5.633239
4.877638
4.877638
5.286194
6.950874
5.136084
4.967856
4.967856
10.364870
10.364870
10.364870
5.245335
5.393322
4.870888
4.914421
4.914421
5.502915
4.762875
4.828177
5.317553
5.317553
5.317553
5.058655
5.058655
5.286375
5.286375
5.411568
5.411568
5.722303
4.864060
4.864060
5.849812
5.849812
6.703869
6.703869
6.703869
5.578809
5.578809
7.043419
4.955738
4.955738
5.587853
5.587853
5.587853
4.843806
4.868042
4.868042
4.927014
4.927014
4.927014
5.600057
6.193236
6.193236
4.4.872211
4.872211
4.872211
4.872211
4.975489
4.975489
5.263978
5.263978
5.441779
5.055592
5.474494
6.169548
5.462620
5.462620
4.823167
5.433369
5.433369
5.296247
7.466104
5.611030
5.613789
5.613789
5.613789
5.613789
4.902667
4.902667
4.902667
4.863050
5.284138
5.351645
4.856123
4.856123
4.856123
5.025424
5.025424
5.397755
4.852699
4.852699
5.372912
4.883702
4.883702
8.568396
8.568396
4.949060
4.763908
5.170634
5.170634
5.481991
4.841194
5.452595
5.452595
5.258150
5.434382
5.434382
5.402953
5.402953
5.583237
5.583237
5.484323
5.484323
4.870863
5.401201
5.236974
5.596462
5.596462
5.596462
5.326453
4.961540
4.877367
4.877367
4.877367
5.246896
4.849770
4.894230
5.806666
5.806666
5.806666
5.178432
4.874814
4.785356
4.785356
5.000496
5.000496
5.000496
5.098155
5.098155
7.548307
5.524701
5.250479
5.250479
5.495980
5.481301
5.481301
4.983578
4.983578
5.733487
5.733487
4.965761
4.965761
4.965761
4.932469
4.989617
4.895601
4.895601
4.894108
5.775045
5.101737
5.072595
4.942675
4.942675
4.942675
5.675475
5.675475
4.957039
5.033999
5.033999
5.279932
7.612828
4.834102
5.497297
5.497297
5.497297
4.868900
4.835946
4.835946
5.647704
5.325139
5.325139
5.129135
5.129135
5.254198
5.373757
5.373757
5.543347
5.543347
4.861023
5.114147
5.620715
5.620715
5.554362
5.554362
4.900655
4.900655
5.585816
5.014074
5.585816
5.014074
5.690868
5.113520
5.113520
5.736449
5.736449
5.736449
5.277040
6.833523
5.850695
5.850695
5.572199
7.795875
5.318174
7.830463
7.830463
4.684818
4.684818
5.380988
5.380988
5.108995
5.287943
4.917082
4.917082
5.508609
6.024665
5.521926
5.521926
4.918369
5.333907
5.333907
5.552017
4.913561
4.971400
5.010071
4.938703
4.938703
5.482535
5.482535
4.888002
4.888002
5.436095
4.892494
4.892494
4.892494
5.449466
5.449466
5.449466
5.449466
5.487147
4.884308
5.537334
5.537334
5.537334
5.537334
4.793215
4.793215
4.740752
4.967715
4.852636
4.852636
8.022995
5.122892
5.271618
5.271618
5.047879
5.047879
5.590474
5.590474
5.743712
5.737416
4.840131
4.840131
5.502382
5.586581
5.586581
5.134040
5.134040
4.955219
4.955219
4.927265
4.927265
4.814215
4.814215
4.931593
5.561487
5.561487
5.561487
4.874349
5.265353
5.265353
4.926799
4.784017
6.596772
5.474900
5.474900
5.090253
5.090253
5.019722
5.019722
5.019722
7.316237
5.405485
5.405485
5.218040
5.218040
5.295939
5.295939
5.368252
4.962912
4.962912
5.548812
6.525951
6.525951
6.525951
6.525951
5.355869
4.757897
4.911986
4.911986
4.911986
4.989922
7.447755
4.862784
4.862784
4.862784
4.887763
4.887763
5.556592
5.278759
5.595508
5.300592
5.300592
5.064127
4.786093
4.822999
4.822999
4.813310
5.007871
5.007871
5.259232
5.259232
5.542456
4.903048
4.939830
4.939830
5.509461
5.890447
5.890447
5.070783
5.377726
5.377726
5.614090
5.614090
5.368882
5.368882
4.960856
4.960856
5.602444
5.794787
5.228938
5.228938
5.228938
4.960094
4.960094
7.801406
4.886640
5.451027
8.412359
5.022546
5.022546
5.022546
5.022546
5.022546
5.430414
5.430414
4.877713
5.267274
5.267274
5.267274
5.637468
5.637468
5.582631
5.582631
4.828265
5.678672
5.326671
5.454895
5.408365
5.408365
5.484989
5.484989
5.561415
5.561415
5.561415
4.889337
4.889337
5.048769
5.048769
6.208000
6.208000
5.549629
4.864578
4.870646
6.441611
6.441611
6.441611
4.901233
4.920907
4.920907
5.786392
5.320639
5.320639
5.320639
5.469716
6.583315
6.583315
6.583315
5.262185
5.262185
5.262185
5.008044
5.172717
5.642201
5.642201
5.093123
5.558222
4.798008
4.798008
5.596089
5.596089
5.596089
5.596089
5.376607
5.518820
5.518820
4.926569
4.926569
5.705634
4.971205
4.971205
4.872780
4.872780
4.872780
5.277937
5.277937
4.830323
4.773528
4.772040
4.772040
5.299025
5.299025
5.299025
4.801476
5.635054
5.635054
5.635054
4.637032
5.122224
4.999881
5.532740
4.912946
5.908410
5.908410
5.167572
7.904615
5.110487
5.110487
4.947515
4.947515
4.902036
4.902036
4.902036
4.909235
4.909235
4.909235
5.526967
5.954502
5.031948
5.031948
5.412127
5.412127
6.385796
5.042418
5.098768
5.145222
5.145222
5.145222
5.137501
5.394731
5.394731
5.394731
5.394731
5.394731
45.406232
5.063293
4.858055
4.858055
5.865449
9.174265
4.832538
5.332007
5.073811
5.572641
5.663888
5.566688
5.302560
4.721527
5.548304
5.548304
5.398662
5.551801
5.499770
4.940192
5.372406
5.144370
4.833740
5.884183
5.884183
4.953508
4.853142
4.853142
4.853142
4.921524
5.589120
4.847856
4.847856
4.867381
5.562723
4.794954
5.168763
5.168763
5.575162
4.882924
5.860003
5.860003
4.876290
5.524948
5.524948
5.524948
5.592683
5.572179
5.572179
5.488201
5.518277
5.387571
5.387571
5.503263
5.503263
4.921908
5.605030
5.605030
5.527823
5.527823
5.527823
5.322741
5.322741
5.444883
4.957047
4.870696
5.150227
4.850191
4.850191
4.896035
5.058241
5.058241
4.825008
5.148186
7.859830
5.147520
5.147520
6.397610
4.922361
4.922361


4.917370
4.829866
4.829866
5.620508
7.998761
5.742750
5.259379
5.259379
5.677857
5.221098
5.221098
6.444140
6.444140
6.444140
5.548180
5.548180
5.817037
5.160544
5.160544
6.478872
6.478872
4.865437
4.865437
4.849102
4.849102
4.860024
5.862528
5.348513
4.900388
4.900388
4.900388
.976995
4.886967
4.886967
4.886967
5.164798
5.164798
5.164798
4.775131
5.236459
5.400826
5.400826
5.706156
5.706156
7.987131
4.724247
5.528021
5.679530
5.490300
5.490300
5.155041
5.557215
5.499352
5.499352
6.763378
5.517159
5.517159
5.519011
5.519011
4.936071
5.530125
4.928675
4.928675
4.928675
5.294160
5.246225
5.076164
5.076164
4.998756
4.846775
4.828602
4.828602
4.828602
4.828602
4.901063
5.332446
4.901063
4.901063
5.310105
5.310105
5.386117
5.386117
5.197147
5.200609
5.200609
5.334735
5.713514
5.713514
5.545675
5.350581
5.350581
5.213520
5.213520
5.234089
5.609719
5.115648
5.534929
5.115648
5.534929
5.562168
5.493768
4.869339
5.483023
4.921743
4.921743
6.996993
4.950133
5.059234
5.059234
4.891539
4.891539
5.309394
44.907227
4.907227
10.4.918894
4.918894
4.847666
4.847666
5.429895
4.768604
4.821552
4.821552
5.474927
5.506374
4.934555
4.934555
5.656546
4.914945
5.366533
4.979136
4.979136
4.802396
4.802396
4.802396
5.048641
5.095140
5.095140
4.922930
4.956356
4.956356
4.911600
4.933163
5.562601
5.101788
9.561146
9.561146
4.843052
5.099970
5.099970
4.883655
4.883655
5.164995
5.164995
4.855758
4.855758
4.842375
5.271166
4.760698
5.630301
4.880405
5.726870
5.289924
5.289924
5.300940
5.071043
5.550626
5.550626
5.109589
5.109589
5.109589
5.355101
5.355101
5.355101
4.999764
4.999764
4.999764
5.784584
5.593365
4.928186
4.928186
4.932520
7.114377
7.114377
4.870281
5.312084
5.312084
5.312084
5.312084
4.898550
4.944913
4.944913
9.138391
9.138391
5.302433
5.302433
5.302433
5.302433
5.302433
4.919142
5.242816
6.152703
5.519811
5.209316
5.224358
5.424727
5.424727
5.254810
5.387147
5.798411
5.369465
5.369465
5.563952
5.563952
4.957559
4.957559
5.557997
4.892520
4.892520
4.892520
5.299963
5.299963
4.936509
5.973538
5.973538
5.973538
5.973538
4.790511
4.790511
5.351258
5.351258
4.997545
4.893846
5.584702
4.831272
5.493583
5.493583
5.176529
5.326132
5.326132
