11.351623
6.203835
12.346734
6.203835
12.346734
10.733431
12.294181
127..495784648723

11.729269
11.729269
11.439232
11.787709
11.291866
11.468663
11.468663
8.168518
11.447944
12.228258
12.317079
9.460859
11.185841
11.185841
11.440137
7.831121
12.028564
11.914282
12.019008
11.904323
12.361868
11.006087
8.037816
11.493028
8.630850
11.493028
8.630850
11.662565
11.988704
9.731889
12.396494
12.310312
11.310095
7.951124
11.310095
7.951124
12.051837
12.320358
11.902600
12.055300
11.315727
11.315727
11.482584
9.022662
12.259284
11.939096
11.361888
11.722131
11.593695
12.025509
12.321540
11.666593
6.943133
6.943133
12.353661
12.373263
10.479931
12.262026
12.398642
12.257160
11.723413
11.575878
12.183739
11.946643
12.027905
11.192652
11.192652
12.044036
12.302590
11.796452
11.395229
12.059018
11.708010
12.276607
13.145149
12.465805
11.476817
12.181907
11.377451
11.650820
8.125711
8.125711
8.040316
11.689905
12.236167
11.806205
8.483737
11.049884
11.049884
11.939136
12.383706
11.201743
11.201743
8.985384
12.328920
11.872635
11.872635
8.358696
11.872635
8.358696
11.861661
11.861661
12.080162
11.861661
12.080162
11.485291
12.347347
11.604249
11.315567
12.324867
12.324867
11.405988
11.405988
11.106504
12.074021
12.095331
11.567550
10.879325
6.858736
11.491326
6.858736
11.491326
12.050685
11.586828
11.565675
12.336278
11.740716
12.284465
.460177
8.393892
11.639717
11.634345
11.047613
12.000823
11.428435
11.428435
12.058111
12.367423
11.551144
11.202877
11.259348
12.382002
12.423976
12.322671
12.236327
11.701445
11.183397
11.183397
12.283686
11.526206
11.526206
796830
8.854256
11.678044
11.582368
8.315295
11.582368
8.315295
11.640963
11.396246
10.765708
12.317297
12.317297
11.902157
12.311714
11.898040
12.355421
10.441726
11.798226
12.120644
10.966364
12.232358
11.707686
11.541180
11.683298
8.051511
11.532870
12.489852
12.144987
12.457821
12.327738
12.401163
10.916477
10.916477
12.458732
11.473560
12.312754
11.838999
11.715918
12.520953
11.565788
8.254798
8.254798
6.905194
13.742753
12.467204
11.651525
12.385469
11.716710
10.938821
11.754023
12.353554
11.707932
12.501336
11.478400
11.885491
11.359531
11.877515
12.353520
12.353520
11.012352
12.353520
11.012352
12.266859
12.353520
11.012352
12.266859
12.193930
10.799943
11.041177
10.508751
10.508751
12.183093
11.786455
11.559218
11.158227
7.971822
11.298549
6.150851
11.686679
11.724141
11.257687
11.752082
12.181608
11.251960
11.892781
10.553757
10.553757
8.439009
10.553757
8.439009
12.112425
12.112425
11.661467
11.469530
11.469530
10.704760
11.674063
8.284088
11.674063
8.284088
11.715270
12.272326
12.363841
11.629013
10.902598
12.021243
12.513350
11.343789
12.443854
8.280322
11.320921
12.286192
12.286192
8.409045
7.912407
7.912407
11.926884
11.291266
8.283856
12.515677
11.775544
11.631632
11.631632
12.089831
11.329744
11.555893
10.995483
11.834348
11.834348
12.436460
11.757513
11.757513
11.786648
11.680461
7.868793
11.836974
7.868793
11.836974
12.364983
10.671944
11.532810
11.532810
11.786685
11.801339
12.742283
8.363245
11.137515


8.327483
11.318687
12.318675
12.231242
11.593436
10.368605
11.495854
12.329942
11.639387
11.767273
11.933315
11.637294
11.637294
11.544086
11.248791
8.735893
12.013176
12.529742
11.869440
12.288468
11.656967
11.903069
.304228
11.701197
12.480175
11.478438
8.241138
11.582952
11.405926
11.405926
12.034685
11.405926
12.034685
12.179211
11.299918
11.405926
12.034685
12.179211
11.299918
11.802191
11.534244
6.359783
11.534244
6.359783
11.798371
11.276787
11.276787
10.564179
11.969945
10.864068
10.864068
1110.483445
8.115012
12.295874
12.295874
11.694811
11.610718
6.781484
12.447822
11.269317
11.740084
8.295685
12.360593
12.173168
11.782597
11.946678
8.351768
12.193516
12.476217
.328736
11.722657
11.311467
12.304903
7.262895
12.304903
7.262895
12.380334
11.316695
11.759098
11.576234
11.137615
9.188839
12.481032
12.007161
10.700271
12.727053
12.223894
11.556611
11.072963
11.072963
12.519191
12.299642
11.979887
11.604842
11.329772
11.457874
11.415143
12.502072
12.289635
12.289635
12.308243
11.316830
11.316830
128..043503252444

12.372504
11.266108
11.749845
12.409304
11.893043
11.507078
11.790874
.147539
11.785122
11.569882
11.633890
11.374866
12.309828
12.309828
8.630983
12.045438
11.848592
7.981165
11.954857
10.761294
8.012054
12.840393
11.779825
12.512441
11.311476
11.529249
.426180
12.448633
11.595799
12.474311
12.481304
11.669407
11.669407
11.752610
11.669407
11.752610
11.503625
8.129079
11.669407
11.752610
11.503625
8.129079
11.321719
8.668881
11.600675
11.543042
11.543042
12.313864
11.250805
11.644652
11.122072
10.381280
10.381280
8.221497
8.283225
12.627065
11.430748
8.973760
12.352286
12.441532
12.331313
9.494111
11.844438
11.827151
11.827151
11.420946
11.447509
11.447509
11.666402
11.648949
11.318432
11.069818
11.069818
12.299655
12.299655
12.822526
8.971111
11.527102
11.604172
12.353715
11.684310
11.732960
11.719841
12.445337
11.557095
12.199689
12.199689
12.158721
12.261954
10.377273
10.377273
12.280295
11.474327
9.617738
12.195656
9.257729
11.505539
12.436661
11.819658
12.306834
11.526844
12.130700
13.239999
11.665326
11.850453
11.032475
11.032475
9.202205
12.409189
11.730526
10.874521
11.744362
11.504726
11.652024
11.930059
10.557417
11.394143
12.487211
12.330203
11.923086
11.633138
12.274764
11.575534
11.969533
12.607200
12.009644
12.423342
12.010260
12.516909
11.329956
12.305851
11.781102
11.726440
11.333051
11.795354
8.069177
12.461774
12.371847
452210
12.602474
12.993685
12.548428
11.131940
.407796
11.527435
12.041847
11.678123
11.549061
8.066027
12.617939
11.785018
9.862986
11.793784
11.793784
11.701956
7.715701
11.793784
11.701956
7.715701
11.793784
11.701956
7.715701
11.918932
11.572981
9.325766
12.038120
10.483670
11.649512
11.649512
11.111530
11.111530
10.780547
10.859747
11.339829
11.698106
12.421142
7.682982
11.725534
11.725534
11.690330
12.413457
11.280948
11.280948
11.629629
12.022137
8.938365
10.324016
10.324016
11.519632
11.519632
11.585575
12.393317
12.617918
12.348158
11.819807
8.220020
8.220020
12.009165
12.457670
11.615739
11.741425
11.667168
12.211679
11.290084
11.290084
10.721673
10.721673
11.862709
11.862709
10.977975
11.211912
11.860344
11.984686
11.660281
11.107009
11.847675
12.322462
11.858794
12.283633
8.894065
12.283633
8.894065
11.982019
11.886656
11.823445
11.601621
11.256258
11.662181
12.300866
11.548091
12.416475
11.715822
7.954788
11.628116
11.628116
12.002090
10.374459
12.405390
12.406827
8.708357
12.256961
10.973608
11.501752
11.788605
12.339544
12.362969
12.328260
11.489041
11.752598
11.752598
12.509768
12.153860
11.654942
12.153860
11.654942
8.726411
12.153860
11.654942
8.726411
12.153860
11.654942
8.726411
12.137210
.151873
.151873
11.618661
11.618661
11.596614
12.364037
11.419539
11.419539
11.382479
12.299509
8.909289
11.666319
6.759910
11.427608
6.759910
11.427608
11.909156
12.105670
12.410891
8.358358
13.650253
11.358885
11.286780
11.286780
.914878
11.330223
11.472010
12.412067
7.446985
12.412067
7.446985
11.167677
8.378550
6.240871
11.811812
11.745479
11.691901
11.601279
11.953050
128..272796
450044
128..272796
450044
7.810702
12.452844
11.460866
7.142713
7.142713
12.704703
11.343675
11.312325
12.201317
12.388129
12.388129
11.998427
5.372016
7.786174
5.093267
12.222736
11.321181
12.427811
12.477582
11.646741
9.101731
12.338828
12.445280
7.790425
11.625242
12.147229
12.292241
11.059821
8.048095
12.238615
6.586794
11.846613
10.113346
11.896266
11.465348
12.206170
11.155904
12.346592
10.850994
10.907328
9.011992
11.838549
11.838549
8.967192
12.134800
11.296591
12.156716
11.323474
11.794730
11.045885
12.405674
11.600011
12.312168
12.023305
12.023305
11.828430
10.873449
12.857159
11.443221
12.300185
12.211712
8.622532
11.950118
11.990640
11.990640
12.526293
11.990640
12.526293
11.667421
11.990640
12.526293
11.667421
12.177752
11.063292
11.063292
11.433703
11.433703
8.693897
8.495775
11.322833
8.273142
8.273142
10.995214
12.556420
12.556420
12.348133
11.754244
8.867877
11.566446
8.006263
10.584544
11.999100
11.619242
11.619242
11.689190
11.873522
11.734751
12.162597
12.162597
8.976230
12.538572
12.205317
12.127800
11.768166
12.384723
9.038166
9.803499
11.380858
11.380858
11.961790
11.547547
11.440695
11.736992
12.209225
12.213284
12.304410
11.241547
11.450356
12.698127
12.336870
11.871705
12.039803
11.644543
11.377188
11.345036
12.095988
11.917125
11.732581
11.586835
11.343003
12.219576
11.434961
12.257544
7.879005
5.910707
12.329165
12.551636
12.399178
12.160586
10.840828
10.252514
12.305533
12.003803
8.334342
6.454674
11.862367
6.454674
11.862367
5.087110
11.747817
12.409576
12.387698
.820234
11.825195
12.618088
11.447610
12.212221
11.668880
12.283822
11.390132
12.379488
12.396223
11.545763
11.206317
11.287941
11.063764
12.108604
8.927063
11.813781
12.233337
11.319377
11.319377
11.319377
12.630397
11.705530
11.319377
12.630397
11.705530
11.319377
12.630397
11.705530
11.730870
8.473298
11.762986
11.313414
11.313414
11.452606
11.488570
11.340474
11.340474
11.765741
11.802322
11.585050
11.641876
11.641876
11.718809
11.964484
11.695802
11.656720
11.429576
11.923605
7.703049
11.923605
7.703049
11.732537
11.103837
12.402425
12.171814
12.361418
11.375342
7.493477
11.375342
7.493477
12.261630
8.091685
12.435930
11.891097
11.256427
11.641207
10.919593
11.423473
7.322336
11.423473
7.322336
11.332279
12.605052
11.066920
12.298782
11.688063
11.688063
11.547611
12.176525
11.235426
11.488385
12.056237
12.056237
11.610343
11.610343
11.931895
12.329530
11.381102
12.669510
8.372310
12.669510
8.372310
7.055164
12.379235
12.367142
12.367142
11.736667
12.330946
11.689676
12.265554
12.282216
12.025769
12.330785
11.658239
10.468505
12.173450
8.003100
12.173450
8.003100
11.589449
12.065505
11.692276
6.663401
6.663401
12.467820
8.827523
12.540166
12.098212
12.003445
12.512326
11.801195
11.588544
12.309981
11.592473
12.464870
11.930757
11.290737
12.220215
11.714791
8.970258
10.981469
10.981469
12.317722
10.981469
12.317722
12.252383
10.981469
12.317722
12.252383
12.251469
11.823326
12.385484
10.728574
12.375441
12.047532
12.047532
11.469683
11.476087
11.916570
11.107642
11.107642
11.703236
11.519148
.364308
.364308
12.279996
8.521272
11.413389
6.864373
6.864373
11.938311
6.864373
11.938311
11.646041
12.384313
11.741871
10.991203
12.624340
12.236598
11.986392
10.918082
10.918082
11.375446
11.358260
11.396157
7.949736
11.396157
7.949736
11.284141
11.284141
12.489985
12.315949
9.521687
11.699913
11.781540
12.507876
7.466845
13.744528
11.185660
11.861177
8.635286
12.120901
8.949696
11.970051
12.414106
12.302242
11.312437
9.579898
7.004721
7.004721
11.043728
11.043728
11.263846
12.344027
11.624712
7.653665
12.406009
12.406009
11.493957
6.503884
11.810722
6.503884
11.810722
12.323394
10.370138
11.940949
12.285147
12.377400
12.129839
12.036911
11.743614
11.478675
11.968098
12.024368
12.208387
11.048323
12.365564
12.518803
11.475364
9.682636
9.682636
11.697298
11.697298
7.994634
12.534126
11.697298
7.994634
12.534126
11.697298
7.994634
12.534126
12.246138
6.001038
11.820044
11.686486
11.352073
11.315020
11.893711
11.902825
9.516319
11.507782
12.047796
11.734270
11.734270
11.630718
11.079319
8.274511
11.774191
8.183217
12.254521
9.742094
11.787466
12.120341
11.635945
12.370992
12.172465
12.395216
7.719060
12.990774
7.719060
12.990774
12.420244
11.147769
12.327480
12.327480
.001302
11.480923
11.480923
11.845104
11.409574
11.832789
11.832789
12.362668
11.585085
12.302138
10.720954
10.720954
10.720954
11.650526
.416905
10.651566
5.408394
.416905
10.651566
5.408394
12.398443
11.954377
11.230439
11.838396
7.663587
11.838396
7.663587
8.425755
8.425755
11.514279
12.374937
12.366599
6.167268
12.341629
11.785084
11.785084
11.566946
11.695856
12.258857
12.463357
11.603057
11.754394
11.829006
11.829006
11.717965
11.663239
11.852160
12.365333
12.345824
12.203824
12.138472
8.485558
11.556794
11.181658
11.442881
650292
650292
12.149910
650292
12.149910
12.372051
7.984721
650292
12.149910
12.372051
7.984721
11.933522
.426098
.426098
11.389805
11.929689
8.504453
11.190402
8.448749
11.088607
11.540866
12.389504
11.473828
7.066235
12.430219
11.620369
9.784696
9.784696
11.289173
11.262666
11.167197
11.625354
11.753897
11.891068
11.358683
11.358683
11.514743
8.157525
8.177699
11.369005
11.490277
9.007903
11.911490
11.157174
12.452008
10.671232
11.489870
11.447030
10.935494
11.748241
11.526173
12.038508
11.547477
11.580833
10.753653
12.279396
12.324663
11.883699
12.334985
12.346746
10.895952
11.605335
11.658057
11.402848
11.402848
11.620253
11.728123
12.133473
11.663967
12.594319
11.703933
11.703933
12.280676
11.267946
11.369740
11.369740
11.345355
11.345355
12.408885
11.598319
16.079763
12.361600
11.531422
11.531422
12.035188
12.339215
11.420218
8.167963
12.192508
8.167963
12.192508
8.167963
12.192508
11.416618
7.117066
12.094055
.870143
11.732222
12.294460
10.403997
12.383580
11.392885
11.879693
11.712186
11.695493
11.537651
11.537651
11.537651
8.600244
12.064717
11.703212
11.473171
11.378538
11.378538
12.319412
11.378538
12.319412
12.335749
12.304646
11.378538
12.319412
12.335749
12.304646
11.367687
11.352854
11.507119
11.653700
11.685769
12.461874
11.187808
12.353657
9.763004
11.916387
11.918364
10.990994
6.179574
11.399010
12.230286
6.089378
11.360654
11.096764
6.349122
6.349122
11.219353
11.262188
8.161194
11.597060
6.568494
6.568494
11.474285
12.326680
12.282205
8.572552
12.192509
12.192509
11.263673
11.457772
11.709636
7.805201
12.218168
7.805201
12.218168
11.675790
7.803722
11.435353
7.519233
11.435353
7.519233
11.435353
7.519233
12.177963
7.993940
12.177963
7.993940
11.076804
11.825446
11.163989
11.163989
11.648018
11.729622
.618380
12.352564
11.422984
11.744165
12.108070
10.644568
10.644568
11.538538
12.544975
8.866740
12.180521
6.755488
12.180521
6.755488
11.720394
11.720394
11.337407
11.976869
12.063907
11.800960
12.131408
12.492429
11.737127
11.737127
11.092363
11.994972
12.287191
12.652247
12.303180
11.881803
11.379226
11.379226
11.817368
11.817368
12.494466
12.211700
11.790970
12.193238
11.507152
12.370630
12.440839
8.368691
12.322718
12.435608
11.396068
11.396068
11.819166
10.178295
11.396068
11.819166
10.178295
11.195512
11.585874
12.395695
12.395695
10.429001
10.429001
11.972070
12.420194
11.307627
11.046024
11.046024
8.497945
11.693163
11.671106
11.883082
11.678627
10.793830
10.793830
9.069556
11.401107
11.609539
11.673240
12.391792
12.391792
12.254036
7.826176
11.447860
11.447860
11.617825
8.350219
8.350219
11.952876
11.597217
12.201874
11.157904
11.157904
12.244612
11.274726
8.708077
11.503658
11.000714
12.035948
11.825994
12.371594
16.805991
12.319302
12.400679
12.492929
11.788495
12.195090
12.079831
12.113240
11.594815
8.080225
8.091491
11.578327
6.172348
11.222317
11.535510
12.276763
12.304550
11.755504
11.396826
12.430598
11.753015
11.281546
11.321379
11.956824
11.522931
12.134181
8.775547
11.040465
9.065947
11.654026
11.392111
12.297846
8.370715
12.297846
8.370715
12.609370
11.165935
.322497
11.698375
11.742521
12.301367
12.301367
11.908954
12.301367
11.908954
11.968900
12.301367
11.908954
11.968900
11.051227
11.094530
11.094530
11.219641
11.219641
11.736629
11.768521
11.950763
12.404819
11.691152
12.354973
11.611829
11.611829
11.069230
10.497471
11.745440
12.773030
745815
5.966654
745815
5.966654
11.927801
11.927801
7.531746
7.865335
7.865335
11.892146
11.246615
11.598979
11.472184
9.026392
12.352565
12.368641
7.726044
12.368641
7.726044
11.855467
11.855467
11.646344
12.369037
12.207512
11.598065
12.395803
7.838253
12.950444
12.256776
12.082790
12.476888
11.990124
11.990124
9.816613
.362245
.362245
8.002052
12.385973
12.068871
11.524900
12.299253
12.299253
12.330093
6.313426
12.517681
6.313426
12.517681
11.824799
9.512806
12.795117
10.032643
12.384247
12.322978
11.547212
11.979819
9.454615
11.549828
11.549828
11.823590
10.364616
12.494024
7.444607
12.494024
7.444607
.417888
12.013012
9.110032
11.325378
11.325378
11.561870
11.823103
11.823103
11.839744
8.297415
13.210925
8.297415
13.210925
12.200836
12.357787
12.087951
11.609428
11.438274
11.715036
11.571041
11.728221
11.728221
11.938107
11.938107
11.461511
11.938107
11.461511
11.337903
11.938107
11.461511
11.337903
12.205131
11.554123
11.552288
12.360046
11.292127
7.958964
6.613028
12.325181
11.078927
11.078927
8.159798
11.970141
11.799801
13.371249
11.763349
7.692616
11.245780
7.692616
11.245780
11.700620
11.575353
11.209078
11.790884
11.361309
11.080563
11.677481
12.391838
10.914649
11.201948
11.201948
11.668077
6.473186
11.668077
6.473186
12.220953
7.947803
11.737357
11.737357
12.340141
11.875856
11.736470
11.423044
11.415136
11.307667
11.777612
11.472951
11.500989
11.500989
11.223478
11.346005
11.862503
12.371278
12.371278
8.284806
12.472332
11.409512
12.487485
8.503667
12.282612
9.194861
11.676182
12.556960
10.478995
.367915
11.235250
11.235250
9.189208
9.189208
11.360626
12.424721
11.344319
11.576222
11.576222
12.199321
12.705748
11.872554
12.227845
11.519699
12.288234
11.560298
11.560298
11.599681
7.785167
11.599681
7.785167
12.267060
12.458714
11.989253
11.445108
11.445108
10.774047
13.178234
11.774725
12.197256
11.748854
11.651792
11.795825
12.387721
12.212656
9.101765
12.784052
10.998620
11.306330
11.395629
11.679233
12.426062
12.201411
8.983333
12.329824
12.329824
11.317849
12.329824
11.317849
11.557891
12.329824
11.317849
11.557891
11.605546
11.827897
12.423106
11.759166
8.554981
11.437131
11.344152
11.344152
11.590169
11.437550
11.437550
11.448368
11.817367
11.151963
11.442145
12.211359
11.432654
8.712813
5.595685
11.437970
5.595685
11.437970
5.595685
11.437970
12.259223
11.685138
11.930165
11.996812
11.530726
11.228798
11.228798
11.229132
12.236198
10.577605
11.717823
8.599899
7.197130
12.086184
12.197452
11.459858
12.391163
11.588264
11.844078
11.426651
12.264367
8.681991
12.264367
8.681991
12.411262
11.606720
11.260587
12.042182
11.691428
11.420139
11.194269
12.069104
12.344460
12.353126
9.850741
11.696212
11.483072
11.483072
11.088411
11.088411
11.864330
.491871
9.882018
11.550909
8.795654
12.291937
11.720091
12.366716
11.526214
11.973817
11.543936
12.139586
12.354096
12.287733
5.494336
12.259716
8.470346
11.215767
11.215767
11.172440
11.921102
12.472711
11.950066
12.415761
10.564003
11.880007
11.235655
.586102
12.270902
8.502845
12.270902
8.502845
12.270902
8.502845
11.629399
12.270902
8.502845
11.629399
12.479559
11.435846
9.893316
9.893316
10.863869
11.330946
11.475921
11.475921
12.555263
11.439274
11.439274
11.569181
8.269352
12.371872
8.269352
12.371872
11.947959
10.929206
6.365427
11.805701
11.805701
11.463272
12.009424
.903385
.903385
11.633882
12.317424
12.376036
1212.190085
11.337878
11.337878
6.815221
6.815221
11.503197
12.340310
11.010130
11.610363
12.144981
11.947983
12.278355
11.896161
11.433834
11.433834
12.301125
11.733656
11.376966
10.520967
10.520967
11.538255
12.433197
12.285035
12.051554
12.306024
12.177176
11.113432
12.359475
8.894055
11.811047
6.306962
11.811047
6.306962
11.630539
11.379191
10.520559
12.360169
12.463936
11.959941
12.370868
12.386796
11.494842
12.479039
11.822000
12.410822
11.238750
11.867777
12.412686
12.627961
12.074233
11.637823
12.349104
12.301002
11.400703
10.444386
10.444386
7.910613
7.910613
11.423469
11.423469
12.141016
11.838022
8.991323
12.336118
12.246499
12.246499
12.374343
12.246499
12.374343
11.959956
10.441534
12.246499
12.374343
11.959956
10.441534
11.254537
11.823798
11.623107
11.459810
10.334905
6.637613
11.497469
11.369233
6.981707
6.981707
6.981707
11.055931
11.863107
10.029606
12.244093
11.330127
11.251586
11.251586
11.457580
11.457580
11.266483
11.695237
11.654642
11.728664
11.537988
7.754611
7.754611
12.327579
12.134408
10.654232
10.654232
11.872482
11.872482
9.456205
12.060315
11.822042
8.040947
11.610636
12.371647
11.661771
12.471215
12.051188
11.729643
9.082776
11.887724
11.320046
12.357979
12.114428
11.063381
11.063381
12.200361
11.195504
11.515622
11.753791
7.992249
8.196753
11.358394
12.284918
.893725
11.474142
11.489550
11.489550
12.332654
11.826519
6.496956
12.254747
11.527712
11.394679
11.700200
12.309819
11.937273
8.401628
11.244506
11.244506
6.688277
11.291861
11.244506
6.688277
11.291861
11.274380
12.360265
11.401432
11.527882
8.709072
10.416290
9.067186
11.564082
10.374054
10.159754
12.210930
11.580164
8.025858
11.580164
8.025858
11.735485
12.228661
12.228661
11.338211
11.504017
11.032840
11.443953
11.443953
11.829573
10.057641
12.253065
11.442178
11.688303
8.915165
12.522493
11.609554
11.651801
9.527890
11.617453
11.633079
11.694651
12.274292
11.290612
11.475724
8.694352
11.604201
11.738743
11.651802
12.482016
11.594455
11.640506
11.640506
12.218702
10.884833
11.736655
11.366591
11.366591
11.785711
12.182332
11.819174
8.330342
11.536096
12.073744
11.387245
12.250381
9.810466
14.760902
11.712935
12.316326
8.137027
12.316326
8.137027
11.576035
18.058151
11.178711
11.178711
11.717054
11.716880
9.183056
11.549409
17.924186
17.924186
11.043954
12.016039
10.899427
10.899427
12.326152
11.344177
8.391400
12.233464
11.901798
11.388841
12.435764
8.680440
11.514376
11.514376
12.297097
9.700887
12.229584
12.367330
10.104211
12.641632
12.366611
11.538760
11.538760
11.643755
11.538760
11.643755
11.932050
9.708106
11.538760
11.643755
11.932050
9.708106
11.317721
11.737431
11.582534
11.848942
11.848942
10.510878
12.086152
6.174744
6.174744
6.384542
10.727101
6.384542
10.727101
11.470958
11.806988
11.657785
11.477248
12.268660
11.777680
8.450358
11.506026
11.417305
9.169801
9.169801
12.097066
11.562846
8.320338
11.666863
11.666863
11.239409
11.239409
11.972142
11.603341
11.869180
11.246147
11.166546
11.430510
11.573581
11.202805
8.070849
6.355934
6.698406
11.690156
4.807031
4.807031
12.657654
11.712470
5.128184
11.623213
12.229392
11.746720
12.436565
11.478614
12.427704
11.296327
10.583894
11.357422
10.557184
12.318784
10.495899
10.495899
8.454919
11.313282
12.349844
11.461547
11.970559
7.167689
11.970559
7.167689
11.511537
6.773553
12.488590
6.773553
12.488590
12.320582
11.738442
12.354159
11.829940
12.256329
8.044473
8.044473
12.197634
8.328654
8.328654
11.257727
7.972358
.455500
11.754930
9.928663
11.543953
12.255098
12.255098
11.787517
12.255098
11.787517
12.155984
12.255098
11.787517
12.155984
11.720639
11.757039
10.990257
10.990257
1211.640917
11.640917
11.951853
11.951853
12.263101
8.602511
11.660125
11.660125
11.453891
11.453891
6.044873
12.372220
11.558956
12.313187
12.318488
.012761
11.779602
12.209721
11.656073
11.417934
11.417934
8.443820
12.399808
11.487706
12.212553
12.374704
11.413411
12.373815
12.469059
12.394001
11.815447
13.165221
11.181669
11.551283
12.359769
12.222099
12.659244
12.003288
12.657181
11.444289
6.219205
11.517444
11.419341
11.909886
12.294150
12.130349
11.759166
12.158747
8.400300
11.607466
7.787474
11.607466
7.787474
12.209364
11.585342
11.585342
12.236134
9.783666
11.624052
8.041149
11.624052
8.041149
12.393377
11.743363
12.266953
9.283916
12.403999
11.507891
10.999436
11.414970
12.135308
12.318793
10.875434
10.875434
11.396813
12.268088
12.268088
11.715173
11.510134
10.847719
10.847719
11.893516
11.765493
12.462025
11.582978
11.582978
12.495046
11.582978
12.495046
11.363274
11.582978
12.495046
11.363274
11.882032
11.410152
11.336636
10.478764
10.478764
12.335178
11.669045
11.834599
12.193430
11.810402
11.623494
12.128331
11.554264
12.012187
8.617885
12.253251
11.901400
8.277195
11.901400
8.277195
11.901400
8.277195
12.323529
11.692575
11.870518
11.543855
11.303791
12.348476
11.274456
11.736270
10.901858
11.535452
8.294585
.474952
11.687468
11.810222
10.552415
11.332805
8.273441
12.020508
12.296238
11.515848
11.525670
11.306226
11.668541
10.993533
11.665663
12.366724
7.600560
12.386256
12.640441
14.582773
11.862012
11.630826
9.065399
11.765673
12.304285
12.666374
11.798124
11.561614
12.497775
11.026370
11.603760
11.754088
9.835094
11.656366
11.111123
7.441303
7.441303
12.342149
11.975858
12.345621
9.508705
12.378381
11.372116
12.148964
12.011687
11.784273
8.966645
11.529450
11.811528
9.039309
11.811528
9.039309
11.632140
11.973687
11.973687
11.411547
12.235938
8.330448
11.666229
11.780444
11.469804
9.577140
11.654779
12.301732
11.385696
11.627628
11.821562
11.455951
12.413883
10.028240
12.248785
9.860061
12.324213
12.324213
7.049589
11.529830
12.324213
7.049589
11.529830
11.876116
11.684177
11.239047
7.040158
11.112605
11.622292
9.894412
12.101462
11.489858
10.253277
10.253277
11.379051
11.456119
11.371123
9.697907
11.521788
12.291268
12.392899
11.631864
11.620012
12.333143
11.932261
12.289893
10.962370
11.473465
11.473465
11.649959
11.457260
11.803324
12.422132
11.624918
10.519270
11.933657
12.381720
12.593884
12.391273
10.666333
10.666333
11.589599
7.693376
12.397523
6.170286
11.239822
12.250009
12.265963
13.091872
9.415138
13.091872
9.415138
9.013596
8.535385
12.299142
11.408173
12.309446
12.270231
12.225897
12.300357
11.715050
12.282943
11.995141
11.404330
11.284117
12.172163
11.665282
12.019377
11.748174
11.458742
11.457642
11.035564
10.363578
11.320600
11.443719
7.185321
7.185321
7.185321
12.442829
11.492646
11.705791
8.526492
8.526492
8.526492
9.381644
8.526492
9.381644
11.422982
11.149562
12.099167
10.414341
10.414341
11.443493
11.976846
8.890569
8.474111
12.342885
12.288755
12.295207
11.553959
12.322038
12.035344
12.035344
12.242481
11.541509
11.617341
11.617341
11.321263
11.162605
7.828219
11.502462
11.604212
12.997674
11.521327
11.599524
11.540264
11.331204
11.331204
12.584736
11.430144
7.702256
11.836902
12.119221
11.428103
11.838902
11.838902
8.137070
12.369878
12.367633
13.338157
12.085342
12.263060
11.529373
11.716268
9.522872
11.483218
11.638112
10.320226
11.723398
12.308475
11.085654
11.702425
10.842363
12.001629
11.794776
11.451652
11.451652
6.002411
12.347663
6.002411
12.347663
11.120450
11.120450
12.223569
10.572830
12.347564
12.490553
9.996088
11.549690
12.548683
9.843076
12.413117
12.299118
12.052095
8.142354
11.877173
11.877173
11.997197
11.495207
11.885720
11.885720
12.259640
8.191544
12.259640
8.191544
12.259640
8.191544
6.239449
12.032812
12.259640
8.191544
6.239449
12.032812
11.640321
12.610554
11.607200
11.472283
12.393079
12.336531
11.720552
11.740545
6.350322
11.159668
6.350322
11.159668
11.725496
11.782560
11.498097
11.858093
7.139127
11.323936
11.323936
7.806907
11.323936
7.806907
11.466790
11.874514
10.685102
12.329195
7.771962
9.730238
9.730238
12.336415
12.336415
12.514841
12.382314
8.033078
11.372180
12.312753
12.312753
11.275691
11.497133
11.196951
11.368343
11.434861
11.355174
12.213083
11.421996
11.413143
11.413143
11.930783
11.704227
12.035012
8.317761
12.316609
12.115423
8.507938
11.685040
11.275611
11.275611
11.602368
11.602368
12.303620
11.808360
11.030527
11.030527
12.014463
11.380140
11.742968
8.521856
12.274296
12.206072
6.475906
6.475906
11.752487
12.347125
12.558156
12.367048
12.541392
11.739104
12.047573
12.047573
8.543640
11.955576
12.089663
12.089663
10.963825
11.955258
12.342697
9.144726
6.730324
12.249667
11.731754
12.374509
12.568278
12.568278
12.236880
12.568278
12.236880
11.726243
11.576627
11.327042
11.355308
11.355308
11.852909
12.408168
8.376301
11.454105
8.264578
12.777055
11.650661
11.992536
11.992536
7.885022
6.037116
11.785045
6.037116
11.785045
12.204025
12.567334
12.477908
11.730435
11.786991
11.506564
11.874238
8.367096
12.404422
11.295039
11.445995
11.445995
11.981099
8.583286
11.863922
11.879440
11.132099
12.290959
11.673514
11.728570
7.952786
11.728570
7.952786
11.555094
8.547073
7.778458
.510187
8.891224
11.274254
9.315959
12.346177
12.468233
7.980507
12.237961
7.980507
12.237961
11.386935
11.603520
11.338633
11.762695
11.542006
11.072078
11.738353
11.640428
12.312063

12.173417
8.966854
12.288406
12.260150
12.321756
12.287217
11.196133
12.475022
11.383899
790952
790952
11.820383
11.964015
8.751310
12.156283
11.715257
7.345115
7.345115
12.309750
7.993040
12.309750
7.993040
11.823242
12.333381
11.653613
11.585253
11.854715
8.339772
8.339772
12.220318
7.484463
12.442752
7.484463
12.442752
12.337377
9.801755
12.337377
9.801755
12.337377
9.801755
8.549871
12.337377
9.801755
8.549871
10.198651
5.801102
11.451763
11.528728
5.839359
11.790916
11.742255
11.726591
12.364496
12.405002
7.786122
11.657859
12.411671
11.870842
11.524917
12.225303
6.783699
11.630486
12.313904
11.739989
11.739989
12.223740
10.911910
10.307280
12.380457
9.799903
9.799903
12.286668
11.393221
11.673419
11.737116
11.388107
9.390404
12.310934
11.791004
11.576518
11.081562
16.916910
11.081562
16.916910
12.186578
12.321717
11.123649
12.242447
11.545015
11.492696
12.343097
7.973829
12.343097
7.973829
12.441353
10.382633
10.382633
11.238744
9.206802
12.348687
12.576104
11.419976
9.589909
11.324016
11.685841
11.955091
11.625175
11.515053
11.574820
12.079929
8.681787
10.711084
11.902815
12.013013
11.595497
11.285812
11.669252
11.732751
12.308764
12.308764
11.954722
12.172127
11.608913
11.710476
12.269908
12.427300
11.502642
11.733996
11.232477
11.931317
12.398130
11.642275
10.710236
12.237211
12.644225
12.077682
12.048187
11.780035
10.859291
12.628484
11.803563
12.376605
12.319978
12.345196
12.349749
11.253072
11.623950
11.581293
12.405790
11.860078
11.709323
9.544622
11.127789
11.127789
11.703001
7.766588
11.127789
11.703001
7.766588
11.127789
11.703001
7.766588
11.795998
11.696235
11.696235
12.298863
6.323159
12.337148
10.771022
5.738671
11.571833
11.383796
11.728367
11.033775
10.425863
11.542123
11.542123
11.410206
12.213836
12.355630
11.768989
12.094182
12.027789
12.274412
11.080896
11.551782
11.718868
11.718868
8.329335
11.356057
11.661121
7.297340
11.763451
7.297340
11.763451
11.754837
11.958564
11.958564
11.753911
7.775801
11.753911
7.775801
12.433085
12.472096
12.464558
11.605672
12.255963
17.819313
17.819313
12.413797
12.413797
12.431073
12.049136
10.809039
8.386464
12.223742
11.078525
10.510102
10.719342
12.023473
.322215
11.196551
11.661152
11.948877
9.434347
7.031388
12.378325
7.031388
12.378325
11.190670
12.295817
8.282498
12.265783
12.328813
12.352904
12.007247
11.079632
11.831877
11.567734
11.898366
12.532907
11.827375
8.508824
8.183952
11.636874
11.543989
11.106244
11.812059
11.812059
12.564781
11.394504
11.824409
12.650384
12.650384
11.408578
12.650384
11.408578
13.201683
12.650384
11.408578
13.201683
12.009461
11.526758
12.450306
12.165444
12.029297
11.864671
7.981730
5.812639
11.253037
5.812639
11.253037
12.359528
11.749902
11.584382
11.894439
11.811352
11.509343
11.496639
11.496639
11.244473
10.904782
11.397514
8.281478
11.658498
6.777571
12.251138
11.023834
.314044
11.361847
11.148861
12.359329
11.081790
11.644477
11.823819
11.548263
12.487546
12.410587
12.148203
12.099153
12.334420
12.352383
12.878031
11.957043
12.105497
11.561448
12.029615
11.958831
11.958831
11.437977
10.904776
11.707745
7.914285
11.723114
11.723114
11.330381
5.005106
11.589856
11.589856
12.058768
12.058768
11.500204
12.421162
11.315516
12.225627
11.577074
11.577074
12.506110
11.658907
12.194392
11.705040
12.190247
11.700136
12.348292
12.380439
11.466215
11.377114
12.024653
18.687653
11.781184
11.781184
11.152292
11.152292
11.360072
12.238111
11.530933
11.362402
12.463516
12.138303
1112.318300
11.138217
11.138217
11.125482
11.143960
12.345894
12.843914
12.270857
11.660860
11.611232
11.611232
11.715830
12.064551
12.342020
12.407799
12.407799
12.243815
12.407799
12.243815
11.848895
9.049144
12.407799
12.243815
11.848895
9.049144
11.206753
11.745608
11.745608
11.431891
11.670846
12.617240
11.699650
11.984692
11.379865
8.539718
11.322670
8.539718
11.322670
11.659556
12.108265
10.797676
12.437787
12.259071
9.046169
11.907111
12.277102
7.742470
12.277102
7.742470
11.421347
11.527422
12.058745
11.738419
11.738419
.559185
8.440938
11.331176
12.316829
11.191029
11.799837
11.799837
11.639819
9.999867
11.997525
11.566971
11.588429
7.663647
11.705218
11.471258
12.344350
11.597609
11.940259
11.135849
7.781050
11.504363
11.333169
10.610043
11.827935
11.594434
12.346996
8.441079
12.415672
12.243717
11.530691
11.635972
11.864985
12.121109
12.331196
12.367954
11.662972
8.497682
11.324028
12.318456
10.458551
8.019682
12.341350
11.404710
11.004685
11.424525
12.291474
12.200549
11.560505
12.246073
10.818743
11.452013
12.529796
12.274141
12.274141
11.488812
12.274141
11.488812
10.814844
12.274141
11.488812
10.814844
11.478507
11.753740
10.735612
10.735612
5.872258
13.013398
12.645937
12.645937
8.191436
6.320744
11.376245
11.376245
11.224899
8.071473
6.283987
11.493298
12.246341
12.246341
11.095321
11.694997
11.536336
12.717169
13.101659
12.278508
6.099114
10.627907
10.627907
11.290695
11.588787
12.424306
11.384451
12.291431
9.071609
11.201107
12.291431
9.071609
11.201107
12.341371
11.811720
11.905136
8.053831
12.397513
8.053831
12.397513
10.571360
12.363810
11.565159
11.870219
12.341498
8.164869
12.341498
8.164869
11.896091
11.579064
11.872284
11.582094
11.496110
11.565236
12.478781
7.997015
11.564337
11.564337
11.536684
11.767186
11.452956
8.349166
10.818429
12.360428
11.266693
11.664116
11.664116
7.221489
9.666166
11.603527
11.921590
12.411873
7.885766
12.411873
7.885766
7.099332
12.260809
11.729304
11.634340
12.376332
11.381922
8.388345
12.145478
12.340055
11.816377
8.197151
11.816377
8.197151
.677019
.677019
10.862307
11.945133
12.350923
11.684711
10.979637
12.250423
11.952221
11.743631
12.359860
11.548467
12.314167
13.018080
12.159283
13.018080
12.159283
13.018080
12.159283
11.894686
13.018080
12.159283
11.894686
11.719207
11.755394
6.344949
11.823574
11.242230
11.242230
11.859316
5.276534
12.532247
12.532247
11.975151
11.336182
7.719665
11.460796
12.338958
10.677146
10.677146
11.458215
8.993143
8.337153
11.897190
11.677402
11.711780
11.246818
12.219221
8.139823
12.094701
11.510365
11.510365
12.337128
11.605720
11.290517
8.911518
12.529922
12.161379
11.067477
11.067477
12.275127
13.288568
11.982677
11.956780
11.508834
11.607943
11.607943
12.433609
10.913275
11.319707
11.889740
12.388824
12.183171
11.890267
10.656300
11.765436
11.675821
12.217316
11.913952
8.042116
10.909240
10.909240
12.085014
9.614208
11.589276
11.589276
7.868509
7.868509
12.510081
7.789668
12.510081
7.789668
11.718850
11.497659
12.475787
11.532936
11.820876
1211.613173
12.206425
12.206425
11.707607
8.192353
11.707607
8.192353
.377926
7.738260
11.292580
12.316106
11.605805
12.445234
11.308816
12.387643
11.756298
12.277299
12.437017
12.271702
12.305567
11.557375
11.646938
11.910834
9.881656
13.819449
12.364648
12.394896
12.769102
11.993192
12.286776
.854250
11.444006
11.444006
12.452420
11.444006
12.452420
12.443297
11.444006
12.452420
12.443297
11.743696
11.699688
12.552919
6.488476
11.070783
6.488476
11.070783
11.662237
11.614253
11.720024
10.932514
11.599897
11.599897
12.318446
12.422245
12.991234
11.363739
12.265289
11.433825
8.894867
11.830667
11.800660
12.319040
12.017758
11.617359
11.190839
11.190839
8.760184
11.8340225
.204406
11.8340225
.204406
11.781475
12.010521
11.526708
11.652450
12.281254
5.292256
1212.459295
11.843954
6.604904
12.307081
11.637134
11.691291
11.722773
11.722773
12.318482
11.602092
12.218594
12.179615
12.641417
11.807453
11.699922
11.699922
11.680382
11.497100
11.616048
11.616048
12.266044
11.952361
12.157177
11.734200
11.991959
13.160014
12.360415
9.102131
12.684454
6.466858
6.466858
6.466858
7.976440
.714771
12.393035
12.087344
11.601910
11.863222
11.863222
8.097940
11.454967
.408210
12.341135
11.700827
8.723778
8.723778
11.493067
11.453665
11.453665
7.927458
12.214121
.413072
12.241587
11.684325
11.264286
7.466452
11.917455
11.742084
11.507087
11.507087
12.291378
.618091
11.816329
12.283390
11.801893
12.287187
8.741669
11.686426
12.307457
12.250013
12.250013
11.444969
12.250013
11.444969
11.623688
11.580365
12.131889
11.384477
11.624322
6.341698
11.437793
11.875492
11.743871
11.368072
11.532972
11.532972
11.965330
11.657833
8.816949
8.816949
11.917321
11.917321
11.720587
11.536662
11.536662
8.401271
6.432084
11.638805
6.432084
11.638805
11.695254
11.344968
12.278571
12.464312
11.588141
11.217356
11.996322
12.262079
11.509576
12.015309
11.632661
11.174263
11.070198
10.997728
11.048078
11.048078
11.277206
7.884419
12.341001
12.213319
11.870234
11.870234
11.383451
12.239743
12.332478
11.676311
12.233259
11.619918
9.278103
12.397903
11.396158
10.616343
11.119825
.160363
9.195474
11.133125
12.381461
7.366662
11.741071
7.366662
11.741071
17.683377
12.180250
10.839202
10.839202
11.853698
10.931378
10.931378
11.558484
11.530147
10.124934
.214689
11.847919
11.885858
12.376994
11.610139
11.168092
11.168092
12.196322
12.418508
11.564115
12.435826
11.877719
11.759270
11.654395
8.620355
12.238176
11.652390
12.287676
12.328236
13.414306
11.828844
12.454291
11.902070
12.262196
11.679616
12.124168
12.337700
8.500338
11.809266
11.809266
12.110921
11.809266
12.110921
12.429648
11.809266
12.110921
12.429648
12.858257
11.796754
6.568045
11.417556
12.443280
12.443280
12.115913
11.808672
11.808672
11.628590
11.583633
11.324019
8.317466
11.055296
11.055296
11.964772
11.964772
11.815361
8.225299
11.696437
12.297952
7.753429
12.308201
11.349439
11.951775
12.417334
12.488715
11.058705
11.312252
12.164104
12.362718
10.879412
11.518500
12.292051
12.401602
12.045941
11.654861
8.184265
8.336608
11.718028
8.336608
11.718028
12.495656
12.384524
7.925659
12.384524
7.925659
11.482372
9.720057
11.370209
11.534985
12.646344
7.451663
12.646344
7.451663
12.646344
7.451663
12.132906
11.520182
11.583643
8.567426
11.638184
11.126518
12.297294
12.228526
12.428954
12.106003
8.622232
12.363343
12.126688
11.454627
11.869178
11.593967
12.079791
12.218088
11.507973
12.150307
12.150307
11.932698
8.441616
8.441616
11.444220
11.743520
12.095583
11.677030
10.965753
10.965753
11.962136
11.780175
11.371029
11.371029
11.666534
11.691828
12.487252
10.701896
12.386590
8.015224
8.015224
11.789831
10.286093
11.789831
10.286093
11.789831
10.286093
12.145290
8.269399
11.126449
11.607812
11.484566
8.498417
11.810374
12.281886
6.756913
12.329201
11.783011
7.426888
6.837820
5.811662
5.738429
11.797128
10.140044
11.281114
11.281114
12.327138
12.327138
11.733017
9.169541
11.767818
11.530088
11.920790
11.566564
11.965431
8.024150
11.878243
11.388080
11.690652
11.690652
11.325462
10.705878
11.590883
11.036768
11.036768
12.096732
11.945480
11.800196
7.809956
11.800196
7.809956
12.453849
12.719460
11.355755
11.355755
12.957031
12.292844
11.245250
11.341691
11.826095
9.526483
12.320482
11.480107
8.202326
11.480107
8.202326
12.295969
12.368156
9.891525
12.301483
11.351014
12.299198
11.742540
11.742540
11.103525
8.230274
11.777251
8.366719
11.353046
11.397008
11.414615
11.799685
12.302734
11.985832
11.835222
11.160038
11.537862
7.937188
12.225928
7.937188
12.225928
11.321868
11.540393
8.482258
11.540393
8.482258
12.425523
12.425523
12.188595
12.425523
12.188595
12.468982
11.557219
12.425523
12.188595
12.468982
11.557219
12.212368
12.556420
11.724344
.105435
11.036026
6.574670
11.690921
11.894357
11.499766
11.499766
8.820279
6.698491
11.615372
12.228045
11.614504
12.379411
11.373239
11.378451
11.406670
11.406670
11.283915
11.326198
12.121014
12.018979
8.925247
7.127624
7.127624
11.614450
11.357551
11.575265
11.947970
6.242812
6.242812
11.745421
12.472302
10.681976
11.516168
11.481850
12.290494
9.951109
7.394416
11.696986
12.276938
11.915740
11.758241
11.585922
11.955197
7.904212
12.057011
12.317281
11.530946
12.106225
11.093596
11.208944
11.208944
12.250207
11.365417
11.127252
11.882365
10.498115
12.208854
12.344097
12.130850
10.144775
11.483119
12.470441
11.564149
12.239978
11.530221
9.356392
12.241206
12.413384
11.512247
12.467626
11.700055
11.842449
10.760804
.292733
11.851909
12.457474
11.453023
12.295172
11.505809
11.350162
11.350162
12.341135
11.559339
11.350162
12.341135
11.559339
11.350162
12.341135
11.559339
12.709822
5.919985
11.756377
11.509243
12.227169
11.437061
10.550815
10.963527
12.002468
11.382848
6.713191
6.713191
11.298130
11.783106
11.626947
12.565644
11.979786
11.979786
7.883390
11.310320
12.223899
11.393283
10.325034
11.361786
12.819005
10.398853
12.322131
10.170427
11.533730
11.965429
11.738182
8.569369
11.423097
11.625891
11.589474
11.589474
11.766467
6.736920
6.736920
12.626924
.557774
8.033222
.557774
8.033222
.557774
8.033222
11.500702
11.412101
11.412101
12.570206
11.696526
12.170276
11.647007
11.919695
11.576388
11.576388
11.822403
12.338527
9.652566
8.322934
9.583240
11.665483
11.665483
12.433268
11.928954
11.533886
.790008
11.641140
12.289066
7.883788
11.848993
12.239901
11.996895
8.582262
12.219166
.087183
12.453774
11.567843
8.700879
12.262208
11.711992
8.246029
8.369562
8.369562
11.562921
12.381136
11.427849
9.997043
11.562866
11.562866
8.852493
11.456240
11.486164
9.531588
11.393500
10.659514
.880712
7.818189
.880712
7.818189
11.165318
11.187931
11.709145
11.858992
11.858992
12.232579
11.858992
12.232579
11.685134
11.470420
11.858992
12.232579
11.685134
11.470420
11.912535
11.912535
11.896882
11.218518
9.893343
9.893343
11.499508
11.930384
8.000038
8.000038
8.000038
12.259697
9.821539
9.821539
12.137967
8.240427
11.653979
6.051239
11.868279
10.924495
11.099684
11.099684
11.707385
11.707385
11.640111
10.819743
6.675845
6.675845
12.527704
7.455487
11.696804
5.453162
12.083149
12.083149
10.970414
11.523875
6.917772
11.757479
6.487667
6.487667
11.546596
12.441324
12.338131
11.537001
11.362575
12.398445
12.016889
12.405993
12.317750
12.260531
7.804505
12.260531
7.804505
10.553757
10.553757
12.354628
11.420126
5.298350
5.298350
5.298350
11.680430
11.680430
11.680430
12.434655
11.079762
11.613997
11.613997
9.764971
12.591515
12.241672
8.253161
11.264726
11.430718
12.195590
11.758881
12.241211
11.655704
8.170395
11.655704
8.170395
12.261339
6.704697
12.471351
9.883134
11.669830
6.935135
12.382082
12.334741
11.644234
12.338889
12.092007
11.688419
11.381578
939098
11.289547
12.258688
8.866582
11.734346
11.739029
12.553150
8.258229
11.683352
12.413898
.877569
12.407964
7.705070
7.705070
12.384564
11.573230
9.188408
9.188408
11.643261
11.759164
11.944512
12.233315
11.996755
10.525432
12.228837
8.676426
12.228837
8.676426
12.228837
8.676426
11.745470
11.605870
11.094823
11.094823
12.244268
9.058301
9.058301
11.208595
11.208595
11.362933
11.492378
.969614
.969614
11.588317
10.853186
10.853186
11.520848
10.352661
10.352661
11.541291
9.994416
9.994416
11.163944
12.365795
12.365795
11.729139
11.326224
.857519
11.916629
11.330690
11.465271
11.465271
11.661825
12.326156
11.674945
11.414222
11.634042
11.408997
.594349
11.920425
12.150527
11.325121
11.890171
8.724188
11.769391
11.796616
8.273761
11.796616
8.273761
10.990176
11.454891
11.454891
7.704805
11.193138
12.421263
12.323673
9.645483
10.990879
10.487542
11.854364
11.976349
8.002031
11.907014
8.002031
11.907014
11.316540
11.668560
11.479993
7.424012
7.424012
12.383005
12.358195
10.930812
9.823480
12.387474
12.564529
11.808063
12.033328
12.304314
12.173345
11.575204
12.382764
12.205958
11.526205
12.314661
11.106820
12.620770
11.523770
9.670520
9.670520
12.165463
11.706549
11.720861
11.877327
11.877327
11.370813
12.553801
11.765276
12.211167
12.385309
12.385309
12.371173
11.911572
12.385309
12.371173
11.911572
12.385309
12.371173
11.911572
11.997019
12.011784
12.385613
12.187698
12.187698
11.217119
11.573205
11.573205
10.607980
12.413794
11.210101
11.210101
11.731000
11.731000
11.723984
9.605584
11.422836
12.328080
11.634682
10.620404
10.620404
11.387176
11.503465
11.575843
12.138834
11.060063
12.100264
11.411189
12.458098
10.478142
11.686096
11.293353
6.654835
11.293353
6.654835
11.293353
6.654835
12.250011
11.501779
12.070855
11.916349
.518330
11.282636
11.282636
11.794183
11.405011
12.060458
12.060458
7.650336
11.539537
7.650336
11.539537
7.650336
11.539537
11.851939
11.839468
11.234599
12.723729
9.861273
12.311276
8.729007
12.311276
8.729007
11.336693
11.283830
11.440262
11.440262
11.972334
8.306697
11.972334
8.306697
11.573877
11.885386
11.885386
11.606260
11.606260
8.716701
.559928
8.591881
11.678052
5.272773
10.606236
11.325074
12.304127
10.624910
11.215011
12.139739
12.541102
12.264215
11.452522
12.241204
11.071461
11.909397
11.258417
12.290770
17.421085
11.816040
11.929948
9.051302
11.594690
11.594690
11.360802
12.305152
8.439838
11.866601
.782148
12.163308
12.385995
11.677081
12.361773
12.420593
12.420593
11.438385
12.420593
11.438385
11.903531
12.420593
11.438385
11.903531
11.603747
12.226508
10.970572
11.452972
11.075753
7.457384
11.199499
11.541588
11.538939
11.850046
7.854070
11.421317
11.421317
11.447903
11.726209
11.255936
11.375546
11.787380
11.676560
11.676560
.350030
11.696101
11.696101
.885214
11.613467
11.511418
8.062572
11.919219
11.757581
8.244143
11.710405
12.055544
11.650404
11.699772
11.357342
12.393320
12.091639
11.606678
12.369540
11.379721
17.725734
11.384641
11.482321
9.021110
10.507638
12.281372
11.524879
11.524879
12.363378
8.529181
12.408588
12.131713
11.600801
12.555144
12.555144
8.374962
12.327306
11.293117
12.443972
12.369002
11.185327
11.505084
11.441214
8.628149
.288885
11.961569
.288885
11.961569
11.816435
11.912771
11.912771
11.352425
12.177192
11.236522
12.343639
11.520436
12.110056
12.457436
12.217425
6.926177
12.217425
6.926177
12.307808
11.657550
8.184726
11.657550
8.184726
11.669863
11.602341
12.272023
11.973524
9.825184
12.292767
11.345169
11.600376
11.940554
12.490030
11.472764
8.167809
11.472764
8.167809
12.197512
9.874039
12.197512
9.874039
12.197512
9.874039
12.096924
10.560213
10.223857
12.255067
10.441701
10.441701
11.333825
10.944932
11.533175
11.533175
8.332311
11.533175
8.332311
11.815624
11.712813
11.344878
10.893741
11.775647
10.569867
12.298974
12.298974
5.826557
12.229341
12.260024
11.602556
810.930690
7.790059
11.758924
7.475761
6.125877
12.410363
11.629170
7.737040
11.507059
10.854562
11.509787
11.509787
11.532410
12.182961
11.639318
11.805186
12.367216
8.278591
12.190254
12.363357
12.337263
12.452897
12.429782
8.626023
11.308637
11.723938
11.317241
11.700511
9.126323
13.752094
11.986502
11.529156
12.758173
9.496493
11.512836
11.512836
12.186155
8.592916
12.186155
8.592916
11.657664
11.598114
11.648917
12.634027
10.415098
12.402592
11.953784
11.953784
12.082439
12.340946
11.018693
8.435887

12.363644
11.576756
11.801490
11.394587
9.647758
11.632534
11.457601
11.794997
12.139147
8.979051
8.180075
8.180075
6.457777
6.130403
11.199835
11.199835
8.161788
12.157092
11.826455
12.308736
12.308736
12.168454
12.308736
12.168454
12.338193
12.308736
12.168454
12.338193
12.283743
11.251880
12.611026
9.785170
12.029757
12.415604
8.384925
8.384925
12.125398
6.684701
6.684701
6.684701
11.437502
10.597109
8.055134
7.917100
12.597494
12.081281
11.054576
11.054576
12.169155
11.808462
11.857097
8.092899
11.557686
11.557686
12.254434
11.575504
11.943316
12.114410
11.809270
11.466980
11.473211
11.377543
12.329968
11.775917
11.692608
8.736768
11.642528
12.300192
9.564414
12.099371
11.539600
11.539600
8.681288
12.379211
11.455432
11.835270
11.835270
8.223590
8.799629
11.186176
11.817415
6.977687
12.396689
11.816502
11.626349
11.640547
7.682100
11.640547
7.682100
11.691171
12.096473
11.724050
12.078910
9.806344
12.068250
11.980523
12.418729
12.447853
8.618070
11.749453
11.487367
11.834947
11.579907
11.747568
1212.367893
11.842275
11.724655
11.398354
11.398354
12.472695
10.584331
11.398354
12.472695
10.584331
11.682526
12.053145
6.961035
12.385853
11.661645
11.261136
11.606226
11.983834
10.525216
10.525216
11.776547
11.776547
11.286033
10.923211
12.216298
12.373611
11.204809
11.915928
11.837657
11.518880
11.383768
11.637174
9.195253
9.195253
12.633953
11.584127
11.925026
12.307344
10.803880
10.803880
12.174038
11.038942
11.038942
9.613531
.287323
11.600806
11.799425
12.617689
8.286473
8.286473
11.388120
11.950852
11.493085
10.795088
11.527025
11.527025
12.379952
11.951431
11.602274
11.070051
12.343170
11.735551
11.423754
7.629566
7.629566
11.938309
11.877186
11.735211
11.473566
11.473566
11.596069
11.486421
11.381653
12.056473
11.314102
12.386243
12.386243
11.509336
5.170638
11.458677
11.939737
11.354014
12.119584
12.119584
8.307819
12.368546
11.812125
12.059651
11.309288
11.576198
11.348687
11.348687
8.344073
11.414940
12.360372
11.541088
11.204124
12.400101
.339261
11.271143
11.793068
12.193115
11.744876
11.744876
11.744876
12.506223
10.183189
11.744876
12.506223
10.183189
11.744876
12.506223
10.183189
9.362829
11.705324
10.932293
10.932293
10.356011
11.238111
10.221578
10.221578
11.825768
11.075494
11.512924
11.849096
11.849096
11.613321
12.522278
11.765936
11.589999
.118063
10.481292
10.481292
6.993965
10.858615
10.858615
12.080231
12.417975
11.785275
7.943570
11.524830
12.243855
12.243855
8.477043
11.936471
10.463780
12.354655
12.354655
11.447548
11.357153
11.357153
11.158088
8.352456
12.141128
8.352456
12.141128
11.666342
12.421118
12.487313
11.336150
11.510399
12.353121
12.165532
11.251655
8.164987
11.688930
11.436238
10.181413
11.896979
11.492837
11.772113
11.114698
11.393117
12.266077
12.392619
12.248392
12.519834
12.532255
11.033667
12.405251
11.293962
11.991836
12.492223
12.064703
11.175098
12.629280
7.580750
12.629280
7.580750
11.731544
.710823
11.895866
11.291424
11.237487
10.945056
10.945056
9.044578
11.827990
10.234968
11.552654
11.552654
8.172087
11.552654
8.172087
7.772463
11.468941
12.592107
11.642229
11.168449
11.168449
13.134673
12.321126
11.453616
9.084892
11.453616
9.084892
11.453616
9.084892
11.601421
11.453616
9.084892
11.601421
11.491877
10.872061
12.503771
12.399151
11.542100
11.245226
11.245226
10.931775
11.660218
11.984351
11.877130
11.773817
11.877411
11.701916
11.701916
12.314064
811..699434656567

11.049501
11.049501
12.455596
10.145010
11.465006
8.855388
11.999896
9.510417
11.899035
11.901427
9.893291
10.948629
10.948629
11.633648
11.791483
11.791483
12.387254
11.571743
11.509366
11.919335
12.338221
11.047717
088251
088251
12.492802
12.058323
7.735354
12.257351
8.897006
11.353865
11.592839
10.638073
.372027
12.128966
12.173630
11.929002
10.937532
8.686772
11.719147
11.805112
7.839544
11.949373
7.839544
11.949373
12.300158
11.304967
12.011451
11.740985
12.348034
11.485522
11.336095
11.683787
11.923520
.299773
11.900362
12.520408
7.884089
11.294552
11.294552
8.853986
12.266435
11.638537
11.870072
11.762740
11.659424
12.024045
12.037430
12.358177
12.387465
12.643347
10.773293
8.314200
.780430
5.220005
12.031694
9.223613
9.223613
12.216136
11.787546
9.223613
12.216136
11.787546
8.927908
8.927908
11.397969
11.397969
11.655858
11.316480
12.195755
11.079006
11.296700
8.174254
11.436309
11.436309
11.522823
12.310016
11.621149
12.049930
7.684491
12.049930
7.684491
11.587038
8.121013
12.025783
12.025783
11.556865
11.357334
11.474949
11.819215
8.235270


11.405886
11.853653
12.146035
11.559476
11.400526
11.926831
12.318341
11.998977
11.998977
10.214848
11.627420
11.744295
11.633268
11.202346
11.202346
7.953757
11.202346
7.953757
10.892349
12.261867
9.937719
11.647549
11.514395
11.514395
12.416727
12.349359
9.332388
11.483991
12.357802
11.769814
8.133688
11.769814
8.133688
12.342451
11.825370
11.255927
11.591857
12.280569
10.832444
11.708410
11.708410
11.814645
7.904477
12.949059
7.904477
12.949059
11.353048
.755464
7.802196
.755464
7.802196
12.147820
12.553113
8.666593
11.938477
11.755017
12.347534
12.095640
12.230483
11.825050
11.937503
12.319172
12.319172
11.807965
12.319172
11.807965
11.021179
8.020947
12.319172
11.807965
11.021179
8.020947
11.532730
11.428862
11.574689
11.574689
11.660798
12.023935
12.118133
11.798409
11.676050
11.573814
11.685009
12.311830
11.475658
11.475658
11.585517
11.626268
11.626268
12.098056
10.991143
11.838075
9.821515
11.910462
11.503810
12.321385
12.022824
11.517916
11.517916
11.480618
11.983245
11.887594
11.753268
11.399495
12.317411
12.317411
12.055558
12.275956
12.275956
8.330302
11.324264
8.137269
11.324264
8.137269
11.477176
11.185740
11.798046
12.370464
9.063589
11.608900
11.608900
11.797467
11.480517
11.382402
11.382402
12.286135
11.645155
12.304024
11.973937
12.380216
11.488037
11.647591
11.520498
9.497068
11.412128
11.568133
9.616318
11.568133
9.616318
12.324439
11.632692
11.060913
10.377057
11.532714
11.532714
12.215592
11.907951
11.982558
8.322240
11.982558
8.322240
11.987107
11.130290
11.565670
8.897858
6.867234
11.152564
11.893904
12.445381
12.393776
12.393776
12.274612
12.393776
12.274612
11.356666
8.371011
12.393776
12.274612
11.356666
8.371011
11.770785
11.478290
11.478290
12.040333
11.912009
11.735655
9.469887
11.144184
8.181885
11.136248
10.909190
12.320091
11.744264
11.314711
11.314711
10.471690
10.471690
9.370549
11.951358
12.356464
12.356464
12.401313
11.649892
9.888880
12.066497
12.374530
13.622500
11.942182
12.013053
12.179408
11.939387
10.982955
12.249467
11.822466
11.822466
11.331762
11.573800
11.573800
12.569173
12.184245
11.661794
11.661794
8.410080
12.399721
11.561037
8.182402
12.330433
9.038683
12.330069
11.149359
12.445649
10.901879
10.901879
11.500047
12.274598
12.434213
11.435872
11.908852
12.124240
12.206657
11.785298
8.474627
11.785298
8.474627
11.391690
7.352991
12.308545
11.591487
12.176284
8.054728
12.176284
8.054728
11.330825
11.330825
.750827
11.659443
8.988572
11.764182
11.638288
11.551469
12.497162
8.066226
12.497162
8.066226
5.691612
11.768857
5.691612
11.768857
11.718041
11.555511
12.352314
11.248678
11.732587
.845722
11.792196
9.902931
11.337943
11.295487
11.529282
11.907122
11.848676
11.289167
12.316795
12.325786
11.644901
11.450252
11.450252
12.302093
11.450252
12.302093
11.745522
11.450252
12.302093
11.745522
12.291670
10.686079
10.851242
11.581084
11.464667
11.423212
11.423212
7.157372
11.754626
11.958105
11.460017
11.286891
10.775413
11.633397
11.717368
11.717368
11.670905
11.250830
11.250830
11.731226
12.056711
11.665151
8.967357
11.910512
11.932190
11.564217
12.223587
11.879389
11.824390
11.824390
12.074709
10.427586
11.203833
11.264083
11.231231
9.979906
9.377384
8.500374
12.086877
11.978017
11.541546
12.235868
11.720696
11.720696
.577322
12.262557
12.257195
11.391362
11.478856
12.367136
11.639265
10.165880
11.322665
12.620177
8.190369
12.174890
12.414792
11.950874
8.811473
12.308144
12.247862
12.287302
12.336968
11.534431
11.147374
12.350034
12.445365
12.240172
11.681264
12.291482
12.396731
11.205529
11.205529
12.003736
11.247809
11.247809
11.716175
9.839914
10.603776
11.816161
.877156
.877156
12.301225
12.083799
12.083799
8.669738
.357232
11.689526
12.276270
12.298284
12.141161
11.788979
11.533135
11.533135
11.419427
5.167808
11.419427
5.167808
12.262752
11.419427
5.167808
12.262752
11.419427
5.167808
12.262752
9.084225
11.281258
11.281258
10.686077
11.516443
11.253811
11.253811
11.953447
11.228778
12.474246
11.832433
11.651223
11.651223
12.324555
12.135811
12.219643
11.484937
11.296316
11.894614
8.314143
6.300971
11.799752
6.300971
11.799752
11.621119
12.359586
10.663195
11.549641
11.927363
11.769130
11.680583
12.208027
11.753380
11.128624
11.927288
11.862159
7.077827
11.862159
7.077827
7.721948
12.385664
7.721948
12.385664
12.304531
12.416221
12.150408
11.442180
11.858705
11.950203
11.539741
11.505627
11.270062
9.495676
11.921259
9.374649
11.704513
12.127817
12.127817
12.298742
12.127817
12.298742
11.955211
12.127817
12.298742
11.955211
12.330261
