7.948371
12.307871
127334
12.079773
18.164070
11.585322
18.164070
11.585322
18.164070
11.585322
11.486249
.071022
.071022
11.472105
10.196665
11.275160
11.427627
8.981958
12.226992
8.981958
12.226992
12.626718
11.872717
11.812269
7.803470
12.709696
11.979103
11.979103
9.903260
12.289867
12.283647
12.132320
8.098436
12.132320
8.098436
11.792350
11.357493
11.683074
12.275445
11.708599
12.035421
12.388197
11.579806
11.557105
6.725412
11.776490
6.725412
11.776490
11.871329
11.669001
7.582452
10.592681
10.592681
6.900864
12.187753
11.722453
11.675750
11.804347
7.519913
12.098775
12.098775
11.702570
11.871199
10.656075
12.301965
11.339621
11.368782
12.246880
12.512107
11.502805
9.582990
11.845954
11.480063
11.954534
11.954534
11.650094
11.954534
11.650094
11.391801
9.249937
11.954534
11.650094
11.391801
9.249937
12.371223
11.559981
11.800839
10.713834
11.802815
11.136343
6.343012
6.343012
11.352379
6.343012
11.352379
12.124027
12.124027
8.601840
11.970819
11.553266
11.553266
11.425217
11.603261
11.219385
11.219385
12.358433
11.653233
11.902305
11.454973
11.454973
8.506848
10.147848
11.354681
11.646208
11.798789
10.687617
11.286926
11.286926
8.192644
11.295303
11.705110
8.018862
11.991611
12.245280
10.626748
11.404949
11.326174
11.326174
11.661594
11.323433
11.408141
11.662358
11.536822
11.562148
10.962613
11.379388
11.080054
11.714322
11.566418
11.716693
11.440983
11.134090
.412960
.412960
11.732417
11.968976
11.934561
11.934561
8.127862
12.411649
12.223699
11.661650
9.143096
11.706109
12.284521
8.746562
12.516213
12.516213
12.357743
11.897048
11.452608
11.801001
10.929706
8.091268
10.929706
8.091268
12.313070
12.199872
12.004741
11.794132
12.628213
8.196770
12.628213
8.196770
11.668801
11.324644
12.318963
11.604685
12.268972
11.632632
12.188070
11.796883
11.545240
11.566875
9.732566
11.566875
9.732566
11.566875
9.732566
12.475485
8.106296
11.566875
9.732566
12.475485
8.106296
11.325470
11.339859
11.279684
11.829081
6.918518
11.467143
11.664927
11.664927
8.325526
12.352115
11.505859
11.503436
12.538163
11.491178
11.336020
12.058895
8.425200
567055
11.872586
11.872586
8.424452
11.334993
11.588822
11.768051
12.396246
11.893456
11.496165
8.313007
6.921549
11.361950
6.921549
11.361950
11.538123
10.993191
11.405226
8.169586
10.767202
8.673757
8.234431
11.186541
10.978497
5.315356
11.034367
11.034367
11.409967
11.409967
12.310504
11.402767
11.402767
12.314445
11.655331
10.739440
11.692496
12.421428
11.217834
11.217834
12.284411
12.442238
11.400738
11.405092
11.399058
11.439926
11.510661
11.418574
11.418574
8.572966
11.429098
12.350502
11.927117
8.527000
11.796471
12.264821
11.538267
11.955084
11.618224
11.620572
11.818281
11.865913
11.312687
8.047474
11.769184
11.769184
11.366178
12.297774
9.717524
7.332874
7.332874
11.907233
11.914018
11.517657
12.360504
8.349161
12.293591
11.462269
12.321622
9.317751
12.100298
7.541284
12.100298
7.541284
5.193357
5.193357
5.193357
12.196858
12.196858
11.432985
11.631914
12.638524
11.917027
11.917027
12.384692
11.917027
12.384692
11.536137
11.917027
12.384692
11.536137
11.552512
11.054166
11.170872
11.760355
11.140444
11.140444
8.475751
11.405898
11.612229
10.820124
10.987031
12.041546
12.092220
11.243972
11.243972
11.248552
11.740709
11.516805
8.882186
11.180033
12.405355
11.553165
10.932441
11.755130
17.611938
11.321240
17.686371
12.386531
11.770177
6.139624
12.492689
12.391203
11.389946
12.373415
12.230864
10.748719
10.748719
12.303851
12.197328
11.884048
12.421772
12.421772
12.320856
12.200788
11.904296
11.904296
11.359407
12.345263
11.665305
11.948707
11.607471
11.507290
12.039865
9.264930
11.404834
12.242550
12.206408
12.387733
12.256988
12.370119
11.603519
11.474588
11.497104
12.284305
12.351660
11.595582
11.919668
12.338135
11.817233
17.783327
12.115348
11.289473
11.289473
12.285799
8.563457
11.847040
8.544554
11.847040
8.544554
11.789076
11.826791
11.616172
11.616172
11.393715
12.280533
11.860446
7.532496
11.860446
7.532496
12.404692
12.284913
12.220805
12.267221
11.623978
8.781871
.753645
11.889568
12.232511
12.232511
11.750779
11.870886
11.717102
7.751323
12.004126
12.363303
12.344766
12.292661
11.486985
9.391855
11.757692
8.982123
11.757692
8.982123
11.757692
8.982123
11.703454
11.301910
11.411893
11.550112
11.771307
11.806578
12.373210
12.541302
11.431133
8.125607
11.683241
11.545341
11.737401
11.125538
11.629952
11.314554
11.314554
12.308486
11.413770
11.391546
11.532961
12.458029
12.612625
11.646339
11.646339
11.205045
6.510157
11.415351
6.510157
11.415351
6.510157
11.415351
12.369443
11.181687
11.597169
8.850071
12.402266
12.402266
9.158593
12.402266
9.158593
10.869606
11.532496
12.224282
12.173564
8.413164
12.173564
8.413164
11.778708
11.269885
12.246656
11.878371
11.285052
11.956867
7.986313
11.365399
12.280549
10.254506
12.379259
11.957672
11.957672
11.974164
12.148656
11.702209
11.380140
11.885919
11.489285
11.489285
11.308081
6.161132
11.692834
11.426644
7.516828
13.201166
11.615374
11.615374
12.295783
12.299743
9.669190
11.969507
12.334247
11.880732
8.299952
11.785202
11.883988
12.107653
8.946802
12.107653
8.946802
11.584715
.424512
9.347073
10.803180
12.545945
8.559762
12.395023
11.260316
12.087410
12.087410
12.136595
12.087410
12.136595
11.366354
11.766530
7.884599
11.699292
11.573553
10.449890
6.061291
11.702498

8.684734

8.684734
11.313703
11.313703
12.340963
8.840787
10.923799
10.923799
10.862348
11.955164
11.735320
11.002203
11.656596
12.915273
11.551738
11.634923
8.005678
11.634923
8.005678
11.661907
9.054039
10.764970
10.764970
12.034226
12.246136
12.247638
12.338062
10.518533
8.485865
12.182139
11.874905
12.397949
9.791477
11.951546
11.474332
11.321680
11.521594
12.331103
11.869649
12.424233
10.662519
11.544926
12.186530
11.568996
11.568996
11.281915
12.269014
11.104535
11.104535
11.820832
7.799657
12.532487
11.659196
12.409049
12.413658
9.361181
13.187765
10.875102
8.356151
12.454118
8.356151
12.454118
11.837040
9.513087
12.445227
12.445227
11.770355
11.624508
11.673433
11.220112
12.372419
12.124709
12.107326
11.617865
11.450214
11.700867
12.286404
10.878063
12.366649
10.715703
12.302993
10.987095
12.234820
12.108921
11.613327
12.198719
12.215888
12.320155
10.356712
11.520738
12.582643
11.898227
7.983693
12.330223
11.854204
12.046263
7.621542
12.046263
7.621542
12.154557
8.283973
12.154557
8.283973
11.603656
11.309189
11.765214
11.908726
11.199263
11.172098
12.062926
11.898925
12.680611
12.266143
12.312007
12.330994
12.316181
10.362277
11.840656
11.840656
11.548529
9.919341
11.840656
11.548529
9.919341
11.760601
10.467952
8.935091
8.935091
11.697408
11.943727
8.242822
11.943727
8.242822
11.930683
11.295961
11.075166
11.075166
11.522209
8.302790
7.720238
11.654914
11.148821
11.148821
11.394129
11.372102
11.688252
11.555785
11.391605
11.050922
11.050922
.757074
.757074
11.612609
11.402671
11.528353
11.011885
11.835429
11.460165
11.632294
11.910090
12.000463
11.724334
11.738570



12.442794
12.516859
11.462417
11.563830
12.535903
5.448363
13.600806
12.300836
11.216158
9.776863
9.776863
11.624340
12.401951
10.991390
12.121855
11.491756
12.283942
11.897364
11.761543
11.761543
12.353236
12.222657
12.325109
11.563759
11.854053
12.314809
11.466723
12.346143
12.364356
11.660281
12.413573
11.854637
12.024140
12.148814
12.394195
11.737616
12.044189
11.867009
18.274864
11.239089
11.239089
12.358075
11.239089
12.358075
12.554714
11.239089
12.358075
12.554714
12.189611
11.473152
11.998890
12.399810
11.269752
11.402562
11.838131
8.307546
11.994207
12.175620
11.539177
11.517116
11.517116
8.199804
6.699541
12.017306
11.543287
9.182206
11.543287
9.182206
11.550976
12.258364
11.799734
12.410666
12.289104
.538390
.538390
8.282802
6.728768
12.267055
11.120445
11.120445
9.209251
11.681973
8.354700
11.761890
12.125234
12.130063
11.679676
8.782402
12.387273
11.834115
11.834115
11.522312
8.613976
12.284013
12.430736
12.301078
11.991799
.309341
11.744988
11.607934
11.346154
12.335547
11.545708
12.338427
11.698272
11.681005
12.378401
12.454734
11.707890
12.353328
12.255155
8.918781
12.552023
11.377395
11.863844
11.967187
13.422170
11.565879
12.232530
11.655115
12.379376
11.773290
11.297517
12.160230
11.835158
12.254030
12.349087
.633848
11.592383
9.940207
11.781456
11.721366
12.298446
12.298446
12.392209
12.298446
12.392209
11.723954
12.298446
12.392209
11.723954
11.574075
11.149748
12.259929
11.397370
11.397370
10.248821
11.984430
9.718441
9.718441
9.239108
12.509984
12.509984
11.632341
8.350627
6.489715
6.489715
11.790188
11.712654
11.712654
11.710568
12.330786
12.019460
12.272037
9.948141
10.791150
11.057415
11.057415
11.955626
11.604600
11.272087
11.886412
7.274632
7.274632
11.697432
8.182759
11.697432
8.182759
12.422201
12.538019
11.263602
9.003867
11.476852
6.602506
11.476852
6.602506
12.315288
11.176542
8.427130
11.941689
6.366037
11.602560
6.366037
11.602560
10.051228
11.737468
11.702104
12.064018
12.263980
11.661344
12.877383
12.347216
12.347216
11.737381
11.270860
12.451808
12.056404
12.056404
11.537835
12.447221
12.481940
12.287187
11.730027

11.106045
11.787433
11.687077
12.067878
12.311149
11.828795
11.554792
12.259829
.315456
11.373198
12.324785
11.809805
12.245800
7.223752
7.223752
11.783507
11.969820
12.370487
9.258356
9.258356
18.221626
9.258356
18.221626
11.807013
9.428100
9.258356
18.221626
11.807013
9.428100
12.091395
10.971220
11.750563
12.495120
11.864083
11.702349
11.511746
11.511746
7.718922
10.793680
10.793680
11.607534
11.455071
12.032855
8.083586
12.275826
10.586214
11.381886
8.078741
11.770760
11.708612
11.653382
8.158923
11.488939
11.488939
12.265851
6.071288
12.066969
6.071288
12.066969
12.202625
12.334758
7.938239
12.440981
11.514065
5.191840
12.247213
12.247213
11.396375
11.961226
8.414544
11.872392
8.414544
11.872392
12.378946
12.378946
11.981536
12.536049
11.738669
11.454031
11.653292
11.950957
12.523797
11.831438
12.428177
12.288018
11.593616
8.876151
11.171994
11.171994
8.392272
11.171994
8.392272
11.715094
12.349235
12.400643
11.443182
11.210943
12.175115
12.409513
11.521342
11.885742
8.886838
12.491312
7.519899
11.677458
11.621869
11.375409
11.337686
12.367317
11.615424
12.376120
7.592149
12.376120
7.592149
12.230705
11.633312
12.234199
11.913232
12.045310
812..128347023406

812..128347023406

12.192540
12.115051
.404531
12.318035
11.800436
11.729365
11.503336
12.074004
9.143151
.445786
11.867622
11.723694
12.219987
11.634406
12.309993
11.632367
12.478776
14.138571
12.388894
12.230841
11.899881
8.263591
11.899881
8.263591
11.960696
7.294681
7.294681
11.538534
7.294681
11.538534
12.271689
11.546999
11.268529
8.428077
11.488082
12.284931
11.361430
11.361430
11.288980
11.288980
12.362903
11.354435
11.312419
8.587315
11.717662
11.790539
11.790539
11.717301
11.395758
11.758540
11.758540
12.407903
11.782946
8.353380
12.000012
10.605501
11.443776
11.443776
11.595497
11.595497
11.721587
11.761996
11.686114
12.266778
11.541892
12.057092
9.417173
11.888897
11.926364
11.692695
10.797682
11.325919
12.153634
12.228966
11.431037
12.115553
7.826696
12.115553
7.826696
11.618265
11.618265
11.742352
12.066072
8.206148
12.555441
11.445504
12.139862
11.009974
12.546679
7.960626
12.201748
11.686465
11.908738
9.004307
11.561117
11.561117
11.700994
11.351551
5.590489
11.351551
5.590489
11.774984
11.624654
12.386306
11.739834
11.471877
12.345610
8.159213
12.345610
8.159213
11.624102
11.882193
11.882193
9.029806
7.119119
12.261030
7.119119
12.261030
11.757754
12.596423
11.626104
12.223168
7.580988
12.376404
7.580988
12.376404
12.356433
12.250804
11.009313
11.631580
11.893600
11.634248
12.438293
7.685416
7.685416
12.372757
12.372757
11.423159
12.372757
11.423159
11.513429
12.242184
11.677200
11.609268
11.609268
8.519379
10.377430
10.377430
8.976558
5.901529
11.339993
11.617578
11.617578
8.270299
11.341266
6.491900
11.229916
11.617578
11.969062
11.544658
11.812240
12.305404
11.521271
10.781589
10.781589
11.551501
12.340878
11.830636
11.046090
11.545191
9.840812
12.379238
10.831558
11.840898
11.348284
11.559204
9.011539
11.522203
11.286865
11.631334
11.631334
11.498055
12.297280
11.693849
11.693849
11.827319
9.059993
11.909034
12.383791
12.404323
11.484633
11.484633
12.435687
12.317074
11.869017
11.834826
10.338302
12.198748
11.196379
11.238987
17.696924
11.585808
17.696924
11.585808
11.451017
7.623844
11.669120
11.588038
11.685209
12.326407
12.180624
12.426496
.290780
12.048828
11.574063
11.687534
11.687534
8.301500
12.370480
11.680982
11.839935
11.839935
8.806044
11.376376
12.333485
12.330055
12.268276
12.365073
12.310223
12.151660
11.513627
11.598514
11.275601
11.680734
12.044020
12.654636
11.623004
12.596440
8.066557
11.668085
11.736914
12.172291
11.336100
11.332019
11.966105
11.966105
11.291516
11.966105
11.291516
12.191695
11.966105
11.291516
12.191695
12.351725
11.578266
11.578266
7.778451
11.191860
8.008866
11.191860
8.008866
11.334268
11.385782
11.519341
.600809
.600809
11.323652
8.349972
8.082551
12.327763
11.828794
11.797814
11.228446
11.415894
12.193232
11.864104
119.004556
11.539197
12.272037
12.272037
260208
260208
11.242113
12.328577
11.330643
9.619372
12.447574
12.007516
11.561551
8.024889
12.283627
7.606564
11.401625
.375736
.375736
11.594372
11.594372
11.220013
12.363947
12.233558
11.736962
12.289003
8.169230
11.720265
11.422819
12.115043
8.627662
11.635774
5.364418
11.453996
11.453996
11.590167
11.409812
5.035625
11.446804
11.446804
11.844089
11.198109
7.063540
7.063540
7.063540
10.011514
11.451997
11.697224
12.318445
11.559810
11.559810
11.300102
11.615838
12.387554
12.025815
12.332586
7.844860
12.332586
7.844860
12.299733
12.302867
11.147978
11.699872
11.699872
11.763808
8.273780
11.699872
11.763808
8.273780
11.546387
11.384582
6.093768
6.093768
10.969309
12.065260
12.065260
12.345850
11.157163
11.727460
11.567750
11.695758
8.588032
11.790964
11.364253
11.301646
11.301646
11.359801
12.416119
12.688417
11.613871
11.401893
11.401893
12.351490
12.475032
11.688362
11.688362
11.695366
11.373023
12.196114
9.292498
11.793656
10.677633
12.400233
12.383818
8.588342
12.407035
11.982096
8.683708
11.204882
11.204882
9.527533
11.956184
12.364119
11.867760
11.711809
12.220444
8.819253
12.220444
8.819253
12.327823
12.075004
12.063168
8.070376
8.070376
8.232683
11.746515
11.587788
11.587788
8.344326
12.091947
12.233623
11.373525
12.157654
12.118043
12.249831
11.236546
12.178841
10.896088
10.896088
.676950
8.709005
11.429667
12.150789
12.660048
12.187553
11.548779
8.599137
6.698936
6.698936
11.623673
11.189801
10.540572
11.164887
8.446452
11.738104
11.243374
11.774753
11.894147
8.204889
8.204889
12.406275
8.204889
12.406275
12.480518
12.263988
12.287276
10.250489
10.250489
11.629429
11.921129
12.115760
12.217181
12.128173
8.427510
8.281584
8.281584
6.665506
8.281584
6.665506
11.634057
11.924325
11.893751
11.445272
11.707992
12.227078
11.817046
11.166118
9.875239
7.365309
12.309221
11.937836
11.776263
11.531711
8.007263
11.666352
12.259834
11.792910
8.123943
11.792910
8.123943
12.206617
12.259006
11.882623
11.980067
12.305615
11.330330
12.230367
11.541271
11.898356
11.911263
12.268167
11.440450
12.349010
12.364554
11.647437
10.431922
11.797203
11.420572
12.320735
11.909117
12.205997
8.439619
12.205997
8.439619
11.541253
11.294460
11.515084
9.561071
12.470671
9.466893
11.460516
11.633566
11.633566
8.343997
11.633566
8.343997
11.383241
11.383241
12.151787
11.055133
5.245585
5.245585
12.046770
11.567446
12.263466
11.582157
12.304903
11.751059
12.402740
12.395140
7.384526
8.901151
8.901151
11.931662
11.497398
11.841458
11.634425
12.427228
11.672835
7.556623
11.600509
12.026529
12.026529
12.410111
11.476117
12.128940
12.128940
12.509596
5.346892
11.959737
12.174505
11.747759
12.267728
12.511931
12.104188
12.291384
11.754163
12.131306
12.438690
12.590798
12.518243
12.518243
11.769385
11.769385
11.743115
11.769385
11.743115
10.775971
11.897736
5.779078
11.461447
12.606367
11.475469
11.475469
8.302283
11.525696
11.820746
8.532163
11.501264
12.338118
11.688460
11.888194
11.636183
12.553268
12.397744
8.251999
11.106869
9.528228
11.768685
11.565358
8.174431
8.329895
12.250184
11.729711
11.703381
11.703381
11.426584
11.160020
12.213016
12.297852
11.801944
11.861093
7.935816
11.565888
11.710355
7.996795
11.710355
7.996795
11.799925
11.648003
8.728434
11.492077
11.628586
11.628586
11.859346
11.810664
8.220677
11.362143
11.755958
10.996878
10.996878
11.488155
11.788972
10.881327
12.063542
12.617762
11.245000
11.789851
12.391932
10.542966
11.774680
12.391267
11.465587
11.719940
11.763951
6.579471
11.418507
6.579471
11.418507
11.597554
7.953821
11.597554
7.953821
11.757200
12.001967
12.395070
12.395070
12.349081
11.835270
11.040136
11.040136
11.651584
11.580969
10.212839
11.215269
11.215269
11.409998
11.409998
12.316257
8.977486
12.316257
8.977486
11.929288
12.281698
11.578172
11.677480
12.324710
11.506983
12.511124
12.296441
12.455015
12.455944
11.638363
8.962406
12.302231
8.343158
12.113413
12.357404
12.077321
11.261303
12.381645
11.755211
.240994
11.300442
11.498581
11.498581
12.199398
11.498581
12.199398
12.542857
11.498581
12.199398
12.542857
12.269327
11.450306
10.779628
11.576784
12.258907
11.771482
12.227831
11.448982
11.799916
11.799916
11.385209
11.368915
11.368915
11.248683
11.248683
11.488864
12.304372
11.461905
11.702069
8.995197
10.761019
12.281045
11.659140
11.893180
12.615346
12.330870
11.736579
11.524329
11.939799
11.853362
11.371052
11.386561
11.206804
11.956257
12.274255
6.318813
6.318813
12.343879
11.428158
392172
11.532947
12.256492
11.536469
11.343819
11.592093
.358409
12.265963
12.143349
12.362764
11.987369
11.991162
12.359847
12.114632
12.327702
11.734423
12.223494
8.969484
7.659678
12.425194
11.178702
11.735259
11.596293
12.163041
11.612729
11.703043
12.128565
11.022940
11.022940
11.670532
10.922925
12.460836
12.392574
11.785895
12.516617
9.514523
11.545159
12.291540
11.097037
12.420537
8.086801
12.420537
8.086801
12.410294
11.418060
7.857736
7.857736
7.857736
11.773793
12.124868
12.282673
10.341622
12.512462
12.512462
11.372753
12.325750
11.532230
11.846457
11.909368
12.245488
12.207105
11.722453
11.722453
11.601654
12.055190
11.744370
11.744370
10.668433
11.744370
10.668433
11.731735
11.744370
10.668433
11.731735
11.498947
11.918025
7.001375
12.355185
12.355185
6.374283
11.532998
6.374283
11.532998
8.963265
12.427279
9.442867
12.193315
11.853251
11.853251
7.956618
7.956618
11.370318
11.679954
11.860721
11.410861
11.446518
11.622188
11.834666
11.452275
12.353495
11.502198
11.571406
6.232873
12.392689
11.507914
12.508186
12.458845
11.287657
12.876647
12.304823
11.378650
12.090629
11.542675
12.303918
8.356847
11.413514
11.720738
11.506047
12.259325
12.415261
11.709189
12.279121
11.569957
8.782796
13.842946
12.124381
10.420541
10.420541
12.277517
11.440660
11.534566
12.338447
128..329563354787

11.584652
11.211901
12.398389
11.776928
12.359081
11.741290
11.482144
11.482144
12.509498
8.909529
11.432971
8.376716
11.247664
11.494290
11.322149
11.331468
11.621921
11.249414
11.249414
12.309342
11.506540
11.847660
11.847660
11.505713
12.099646
12.334153
12.061000
11.305549
11.515783
12.250215
11.701499
11.744286
11.744286
12.220830
11.744286
12.220830
12.182952
11.744286
12.220830
12.182952
12.169095
12.184656
11.459033
11.119212
10.605180
11.587908
12.378424
10.143672
10.143672
8.468880
11.606744
8.799919
11.365439
11.365439
12.476952
8.160791
12.297484
12.532893
11.788173
7.933696
11.788173
7.933696
12.294869
11.709341
12.031263
12.031263
8.343953
11.752354
12.632680
12.632680
12.173331
11.291474
11.789139
12.414294
12.414294
12.300622
11.409842
9.756195
9.756195
11.167775
9.380779
8.011493
11.438321
11.232758
11.232758
11.822921
11.372369
11.239801
11.600972
11.808512
8.659327
8.659327
11.546285
11.774207
11.674613
11.674613
10.906231
11.257224
11.463486
12.390072
11.876038
11.876038
12.291228
11.453069
10.939930
9.021828
9.021828
12.432292
11.930637
11.991335
11.627697
7.930568
12.190092
8.093712
12.190092
8.093712
11.307375
12.049415
11.320780
11.995636
8.861733
7.942908
11.945697
7.567801
5.201293
12.178499
11.880887
11.935255
13.686614
12.303371
8.359035
12.303371
8.359035
12.303371
8.359035
11.525328
9.568468
12.303371
8.359035
11.525328
9.568468
11.830726
13.388120
12.010003
7.749756
.328111
7.718998
11.523717
11.465551
8.800810
12.282414
12.313711
11.315812
.631489
7.895649
6.460728
11.858503
5.278658
5.278658
12.471488
10.879616
10.879616
11.004387
11.221535
12.366371
11.560362
11.902887
12.290345
11.443791
12.413541
11.281789
11.646864
12.475781
12.351445
7.824053
12.363544
11.676094
11.319146
7.994074
11.643742
12.450653
11.656764
11.656764
11.182067
11.182067
8.397163
6.206065
6.206065
11.201375
.843545
.843545
11.848313
11.357423
11.973208
12.480557
12.089740
10.860775
11.791239
11.791239
.285521
.285521
10.734831
8.636829
12.398613
10.902781
9.783170
8.073119
11.317631
8.073119
11.317631
11.462440
5.899972
11.643842
8.436823
6.522501
12.342697
6.522501
12.342697
11.617209
10.823181
11.605936
11.008303
11.008303
7.682026
12.370339
12.375631
11.478428
11.754251
11.754251
11.678074
10.336603
10.336603
12.228168
11.767838
11.637459
11.082903
8.153237
12.331791
11.542388
12.136812
11.934879
8.256344
12.268190
12.244569
10.507455
11.282765
11.519858
11.748835
11.727211
11.374959
11.372955
12.632874
11.544792
12.632874
11.544792
8.938609
12.632874
11.544792
8.938609
12.632874
11.544792
8.938609
11.714372
11.609521
10.517868
10.517868
12.199353
11.610369
11.654780
8.454301
10.362750
9.030838
12.285002
10.948533
11.653908
11.846765
11.846765
11.417977
12.719779
11.509019
11.718748
10.891990
10.891990
11.676705
12.819203
12.819203
11.487257
11.145503
9.135668
11.370165
7.644573
11.013107
11.198243
12.479294
9.231022
9.231022
11.804169
11.892627
11.707799
11.694016
11.379196
12.128268
11.662701
7.329234
11.662701
7.329234
11.662701
7.329234
12.354236
11.774166
11.779021
9.292077
12.258728
8.560413
11.692476
11.673414
11.630534
11.630534
12.067977
9.789399
11.637789
11.403925
7.677932
11.403925
7.677932
11.264524
12.288806
7.224896
12.288806
7.224896
12.389727
12.307396
9.230815
11.714977
11.078771
12.186104
11.600501
11.188578
11.188578
11.829191
10.764311
11.952309
12.277810
11.586814
12.418151
12.400087
12.490576
11.400140
8.864689
8.864689
11.540390
11.575339
11.472730
12.116296
11.572469
11.750935
11.750935
12.616502
11.383697
12.226726
11.584006
8.138374
12.412779
10.767108
11.443334
12.350314
12.350314
11.490053
12.350314
11.490053
11.517707
12.350314
11.490053
11.517707
12.609244
8.821522
8.821522
7.839095
11.128523
6.942707
11.128523
6.942707
11.128523
6.942707
11.143017
11.232989
11.302567
11.476905
.339987
11.781768
11.521782
11.869690
7.629475
12.268581
11.751950
11.456371
11.905597
12.280004
10.879912
11.158173
8.847261
11.612087
11.612087
10.891184
9.881898
11.698089
12.339230
7.994002
7.994002
12.301357
11.430309
11.430309
12.288428
11.951453
11.643367
11.871759
11.793947
17.399370
11.876136
7.775335
11.699289
11.514145
11.316912
8.297042
11.524171
12.277104
12.277104
11.767277
12.259374
11.120437
.318036
11.063855
11.796103
12.198769
11.618850
12.144943
11.936225
11.805792
12.031704
11.500246
7.670706
11.461860
11.932851
12.047257
11.906940
12.444010
12.367327
12.283545
11.270672
6.211576
6.211576
11.544581
12.084275
12.084275
12.351769
11.504553
12.200182
12.478586
12.462022
12.272750
12.618569
11.768507
11.794500
11.839459
11.590254
11.803319
11.604272
12.316961
11.573971
10.915272
11.543927
11.478664
11.740038
.362690
12.287372
11.765383
9.984158
11.765383
9.984158
11.765383
9.984158
12.173346
9.695875
11.765383
9.984158
12.173346
9.695875
10.250965
10.250965
.134413
.134413
11.878434
11.878434
10.412926
10.412926
11.311474
11.311474
11.934580
12.008305
12.008305
9.262145
11.783718
11.223421
8.666031
11.468074
8.444453
11.545968
11.600697
6.818359
11.600697
6.818359
11.735296
11.735296
6.506906
12.319048
12.270381
11.236212
11.696145
8.056459
12.434036

.523730
.523730
11.997284
11.808488
12.502655
11.666769
11.795154
10.248943
12.148889
11.307962
12.041980
11.016766
7.576031
14.116384
11.676560
11.546799
11.772754
12.256241
8.265288
11.694522
11.411559
12.353103
8.264275
12.102699
11.934920
12.375888
11.638956
11.995715
12.278913
8.932795
9.057680
11.482029
12.038680
11.122263
8.358206
12.019350
12.019350
12.457049
11.432428
11.391484
11.930708
11.907524
11.293426
11.788191
11.437436
11.072561
11.072561
12.257522
11.838796
11.838796
11.654243
11.838796
11.654243
12.157946
11.891992
12.284874
12.424429
12.390498
12.242626
12.205614
9.416912
11.476927
11.420849
11.015421
16.635603
12.290967
11.578676
12.352281
11.161350
11.220718
12.453500
11.346882
9.487413
9.487413
11.763198
7.447237
11.763198
7.447237
116..785812470311

116..785812470311

6.823700
4.946653
13.297528
12.326245
11.303531
13.736244
11.528973
8.510187
11.771475
10.299649
11.651867
9.422874
11.591931
11.802113
11.757130
11.680597
11.479924
11.630699
12.287272
11.539300
11.539300
11.501466
11.665393
10.932280
12.203947
11.333213
11.237506
11.336810
12.363696
11.327527
9.628080
11.149994
7.585270
.690674
12.530355
12.045831
12.214758
11.685949
11.549246
11.654645
11.602285
11.592884
11.592884
11.426166
11.385809
9.082584
11.724121
10.887972
11.545517
8.255445
11.260156
11.516262
12.380051
11.970578
10.638483
10.638483
12.461637
11.671870
12.056539
11.788447
8.396367
11.788447
8.396367
11.788447
8.396367
11.492056
9.375471
11.788447
8.396367
11.492056
9.375471
11.533586
11.763997
11.439993
11.470477
10.903108
10.903108
10.300544
12.300456
11.380231
11.302936
11.473918
11.555309
11.114008
11.114008
9.302053
12.287131
11.744715
12.556601
12.329154
11.611968
11.611968
12.384260
8.852164
7.261618
11.422704
11.911649
11.884557
12.163848
8.301038
11.816029
11.816029
11.407428
12.410368
11.508895
12.155577
11.423313
12.352978
12.061324
11.770503
11.765254
11.808802
7.287912
12.403638
12.235498
11.823261
12.177681
11.905240
11.139697
11.139697
9.055381
11.531877
12.347786
11.351845
10.494299
12.148555
10.941427
12.386966
11.824880
11.555733
12.328981
.410223
12.656298
12.183050
11.653827
8.747686
12.333039
12.078513
11.311483
11.421347
12.187078
11.844759
10.078933
11.537116
12.016731
12.339450
12.056492
11.817875
12.523981
11.390582
10.433705
12.262176
11.490780
12.423625
11.699805
12.002381
11.343206
11.372355
11.585306
12.453905
11.973719
11.290600
11.290600
14.649347
11.554444
11.554444
12.026835
11.554444
12.026835
12.321394
11.554444
12.026835
12.321394
12.519927
9.796367
6.002947
11.725357
10.362790
11.559703
11.698415
7.984507
11.802880
11.203354
11.203354
11.925061
11.931669
11.417897
11.417897
12.307157
10.625574
.006405
.006405
8.505236
6.810794
12.347632
11.553509
11.692588
11.324133
11.298632
11.341469
11.341469
12.375266
12.375266
11.035344
12.347384
11.961611
10.089852
8.056785
6.722358
11.635156
11.234763
11.234763
11.641823
11.935301
10.711144
11.642273
11.830563
11.830563
11.763228
10.827684
12.200215
11.813607
11.310009
11.688941
11.915607
11.406967
11.406967
12.753496
8.251344
12.386532
11.893996
11.655744
7.518138
6.295006
12.365348
6.295006
12.365348
11.419577
9.061935
11.835127
12.464374
9.582874
12.008287
9.140091
11.417605
11.444123
11.905577
11.905577
7.719598
11.763692
12.193896
12.364040
12.897946
11.339043
11.389575
11.389575
12.824634
12.599198
12.475245
11.391831
11.781184
12.872910
11.215628
7.628356
12.086653
13.238362
103694
.366957
8.609933
12.220638
8.744420
10.869691
7.389549
10.535783
13.247357
10.188166
13.247357
10.188166
13.247357
10.188166
11.564563
13.247357
10.188166
11.564563
11.713263
11.649763
11.764148
8.347615
10.530970
10.530970
11.171595
10.814390
10.487934
11.724591
11.282787
11.282787
8.548595
10.969360
8.042542
15.286029
11.942778
12.303197
11.447216
8.966730
11.015569
11.910316
9.732610
7.115674
11.658429
7.115674
11.658429
11.304309
11.705112
11.752539
11.429540
11.911904
11.911904
12.136328
11.646261
12.034114
12.370373
12.255279
7.657164
11.696591
11.745979
11.925968
10.481362
11.404240
12.358792
11.949488
11.589237
11.838289
11.717545
10.931530
11.793099
12.593964
11.117748
11.747353
12.371621
12.703542
11.604488
12.469813
11.656741
8.450724
10.515791
10.515791
10.584894
12.447483
11.709622
9.030282
11.710638
6.467434
11.710638
6.467434
.409090
.409090
11.857778
11.710300
11.972228
11.696612
11.596782
11.774212
12.453078
11.765674
11.887759
11.887759
8.982810
11.729118
12.348775
11.424486
11.976850
7.576008
12.193966
11.304637
11.179931
11.615545
11.311711
10.541790
11.382914
11.382914
12.236671
11.568623
9.602477
11.568623
9.602477
11.568623
9.602477
9.666542
11.568623
9.602477
9.666542
12.324249
11.551141
11.556969
11.526555
11.526555
12.312045
12.312045
8.049610
12.312045
8.049610
11.336481
11.336481
12.375977
8.260222
12.375977
8.260222
11.952829
11.608765
11.608765
11.429046
11.429046
12.143249
11.674959
11.561825
11.561825
11.312400
11.558914
11.558914
11.629290
11.629290
12.176477
11.860691
12.189277
12.484737
8.921524
797912
12.358839
11.335035
319997
319997
12.594637
11.840509
12.181923
11.846199
11.468021
11.720874
11.720874
12.232115
12.182290
10.312132
11.472945
11.593891
11.593891
12.326090
11.312496
11.560495
12.175069
12.287039
11.615501
11.498641
11.498641
12.157796
11.503868
11.503868
12.264802
11.634612
12.045260
12.322812
11.633568
9.054936
8.165087
11.663655
11.835003
11.689542
12.354735
11.700783
12.406973
11.589262
12.163011
11.879471
12.884576
12.313519
12.368588
12.407509
10.841992
11.690184
12.059179
12.310154
12.410882
11.889833
12.026555
7.923419
12.026555
7.923419
12.316231
9.900733
14.259771
11.401421
12.429351
11.837608
11.027148
11.027148
9.768781
11.027148
9.768781
12.193203
11.714344
11.316804
12.353996
11.249833
11.188793
8.248438
11.809169
8.111015
11.512215
11.377973
5.951982
12.408387
11.544478
12.217742
11.690404
11.537932
12.634541
12.375254
11.534385
11.268151
12.460973
12.335855
7.683629
12.335855
7.683629
12.193029
11.688418
7.208061
11.688418
7.208061
12.481368
11.714991
12.092433
11.504684
8.471559
12.430574
11.737451
12.306126
11.699596
11.699596
10.597798
11.514324
11.559175
.310365
12.575283
9.602662
11.743365
7.471479
11.743365
7.471479
11.719352
11.984729
12.254645
11.118015
12.361460
10.777345
10.777345
12.498505
12.665239
11.341943
12.136345
8.126369
12.136345
8.126369
12.240580
11.491327
11.515270
11.613235
12.410291
11.352640
11.692397
12.316238
10.684208
11.273357
12.414738
11.366624
11.366624
12.288991
11.872692
12.305864
12.387543
10.678826
10.678826
11.449713
10.964798
12.378547
12.384965
12.384965
11.366381
11.619433
11.629559
11.990676
11.108785
8.387037
11.108785
8.387037
11.375304
12.131767
12.131767
11.506268
.356080
11.426871
11.806641
11.806641
12.323311
11.806641
12.323311
11.522234
11.806641
12.323311
11.522234
12.207447
11.595490
10.704017
10.704017
11.911723
12.041676
10.813743
10.209555
10.209555
12.460163
11.872129
10.042433
10.042433
11.425747
12.298101
12.100983
12.677104
5.285874
11.711308
11.711308
12.414625
11.413848
11.640867
12.319926
8.210058
12.533750
11.283090
11.736641
12.335382
12.049561
12.049561
12.293012
12.412302
12.412302
11.617029
11.617029
11.550014
12.282344
12.443492
12.365323
12.563625
11.706550
12.347616
11.469547
12.377120
11.355973
11.493872
11.474884
11.474884
11.877994
12.121854
8.250376
11.056334
11.396753
11.524179
7.554465
11.542340
7.554465
11.542340
11.412184
12.047124
12.180934
12.265530
11.803075
11.449044
12.085191
12.141564
8.056288
12.141564
8.056288
11.668804
12.297250
11.426420
11.684879
12.510646
12.433885
11.264654
11.387747
11.351609
11.418699
11.971972
8.483795
12.004378
8.483795
12.004378
11.345967
11.448043
11.471866
12.483288
12.284633
10.397678
8.938158
10.933593
6.677336
10.933593
6.677336
11.454906
12.387839
12.332339
10.542466
9.100165
12.125773
12.319289
12.409091
12.352447
11.853217
12.062691
12.279125
10.764010
8.143082
12.342627
12.329526
11.237186
12.329526
11.237186
12.329526
11.237186
11.759487
11.880436
11.206450
11.320984
9.435051
9.435051
11.786845
11.370293
9.918665
10.694415
10.694415
7.380116
11.700002
12.022123
11.749741
11.619397
11.177521
11.177521
12.386256
11.629135
6.11732929
.876650
11.494961
12.422078
10.159326
12.276617
11.669945
10.577631
12.493931
11.708700
9.974076
11.195090
12.296655
12.333349
11.351028
11.351028
12.084043
11.558386
12.285570
8.256724
11.728111
11.557644
11.850689
8.336099
11.850689
8.336099
11.428292
8.114657
12.254453
12.352384
12.634864
11.992408
11.871166
12.302462
11.651769
11.811291
12.045856
8.333386
12.165245
12.165245
12.286296
9.079723
11.349306
11.847301
11.836570
11.502207
12.362133
11.161168
11.706177
12.263386
8.267406
11.933567
8.156561
11.921908
11.628294
8.592576
12.478597


11.341754
12.288686
12.742773
12.440307
11.191877
11.435074
11.435074
11.930272
7.381656
12.748646
10.544163
11.966293
12.292747
.940614
12.331887
12.331887
12.303076
12.331887
12.303076
11.562063
12.331887
12.303076
11.562063
12.500896
9.279615
9.279615
8.309709
.266743
5.445841
.266743
5.445841
11.933976
8.416948
10.462532
11.671337
9.261795
12.340869
11.341307
11.341307
7.272589
12.233832
12.219756
11.343048
11.849482
11.454562
807086
12.473192
11.667869
10.220334
.358800
11.987234
11.329661
.114890
.114890
8.661473
11.244461
12.441732
11.744937
8.358008
8.358008
10.768630
10.768630
11.724573
11.643761
.315632
8.099252
12.136241
11.835072
12.086436
12.006395
8.287988
12.006395
8.287988
11.649310
12.354242
12.331420
11.531712
11.673541
12.014371
8.233032
11.499292
12.946181
127..279622777326

11.493119
10.812353
10.812353
12.259962
11.569326
11.629111
8.530902
11.514102
12.278901
7.928967
12.144698
11.280021
11.825133
11.669423
12.271187
12.327996
12.217409
11.321086
11.667692
11.709200
12.161957
12.390212
12.447250
9.972103
12.370274
12.262640
12.289195
12.562310
10.691547
11.745713
11.412246
12.253936
12.253936
11.581836
12.253936
11.581836
12.410831
12.253936
11.581836
12.410831
12.220365
10.390725
10.390725
8.132331
5.665934
5.665934
11.722558
11.186954
11.647968
11.139332
11.688873
11.727285
11.548155
11.548155
11.571416
11.587112
7.766089
11.772783
12.126917
11.115228
11.135358
11.135358
8.963942
.311524
328572
12.612985
8.562554
11.440396
10.903793
11.497999
8.868322
12.057782
11.751887
12.136168
8.569377
12.020824
7.699187
12.377417
8.006968
12.304816
11.538386
11.538386
12.359534
7.627940
12.502719
11.511568
11.724397
11.724397
11.809844
11.475296
11.642638
12.319273
12.328493
8.254428
11.414582
8.087118
11.414582
8.087118
11.936183
9.703236
12.278506
12.290565
11.443382
12.243246
8.499372
11.569717
12.314172
11.841721
11.441122
11.863370
9.542479
11.420420
11.420420
11.952090
12.545303
11.426492
11.822259
11.299602
11.682249
12.159642
12.296920
11.833672
11.536405
11.261895
11.699723
11.169369
12.002190
12.322872
8.291535
11.881410
11.436417
11.919609
12.350541
11.621159
11.338807
11.325004
11.855659
7.975084
11.855659
7.975084
.597018
12.309508
12.381622
12.385807
12.385807
12.252593
12.385807
12.252593
11.056969
12.385807
12.252593
11.056969
11.507373
11.684840
10.431924
10.431924
11.735880
8.855325
12.447786
11.734600
11.780215
11.780215
711..366397
609928
711..366397
609928
11.519117
11.700003
12.467151
11.438233
11.667196
11.667196
9.792132
8.333852
11.182774
11.311486
11.685939
11.239840
11.862979
10.423019
12.243513
11.633868
11.392666
12.224081
11.959043
12.014798
11.510361
8.319285
11.089125
11.089125
11.388605
11.388605
11.697442
11.538081
11.945686
11.498389
12.458956
9.290011
11.657114
11.544417
10.896318
11.477848
12.344695
8.798129
11.284646
11.578416
11.571030
12.435548
8.223799
11.968370
8.782339
12.102566
10.737515
12.404695
11.554017
12.317909
11.038118
12.118585
12.026523
11.981709
12.217779
11.791511
12.237052
12.465391
11.232486
11.817110
7.978341
12.342454
11.794125
12.295903
12.039962
12.992252
11.850248
12.033739
12.245771
12.245771
12.060410
7.991406
10.757138
10.757138
12.303630
11.429899
11.429899
11.774747
11.429899
11.774747
12.307630
11.429899
11.774747
12.307630
12.248932
11.662161
11.374235
10.989972
10.989972
11.437654
10.985025
10.985025
11.480379
11.615329
11.150542
11.765466
11.765466
6.425366
11.262498
11.136186
11.765452
12.261854
11.067868
12.281276
12.199874
11.528037
11.876697
11.906686
11.512711
11.512711
11.473451
8.242403
12.023154
12.447746
.649726
8.056901
18.312385
.649726
8.056901
18.312385
.649726
8.056901
18.312385
12.299355
12.301979
11.491417
11.762018
11.794280
8.566133
11.890557
12.515075
12.424888
9.706455
12.465382
11.463585
12.187268
12.187268
12.312729
12.113041
13.129509
12.325741
12.335444
12.335444
12.085641
11.700458
12.304681
11.382031
11.739974
11.734009
11.036913
12.277205
11.477969
11.573453
12.410573
12.413092
9.799201
11.523147
11.523147
11.379569
11.312092
11.312092
11.995883
11.378929
12.102300
12.294989
12.349175
11.946349
11.943460
11.743017
8.222020
11.743017
8.222020
12.368960
8.917193
12.210843
12.694529
11.597873
11.741773
12.100175
11.662004
11.762995
12.403182
11.635906
12.475066
11.772872
12.165219
11.633924
12.393993
11.432510
11.753302
8.265608
11.753302
8.265608
12.323277
10.465041
12.323277
10.465041
12.323277
10.465041
11.868459
9.232380
12.323277
10.465041
11.868459
9.232380
9.332625
9.332625
6.025064
6.025064
10.616329
10.616329
10.293151
10.293151
11.708349
8.475061
9.747324
7.607747
9.212399
9.212399
11.521410
11.890816
12.123827
10.238296

11.407333
11.844552
11.844552
8.590197
11.844552
8.590197
11.186343
11.885690
11.615325
9.895497
11.443679
8.725718
10.843311
10.843311
11.374812
412305
8.476562
412305
8.476562
11.864630
12.015353
12.015353
11.852935
11.852935
8.913280
11.724693
11.724693
8.815825
12.288833
11.202784
8.797348
7.952910
11.668240
11.668240
12.539910
10.546590
12.082652
11.979967
11.404166
11.559711
11.579282
9.725223
11.599583
11.581790
11.578406
11.578406
12.372089
11.793724
11.431331
11.196466
.051784
8.810774
12.430120
11.724375
11.697589
12.413242
12.104181
11.075387
11.593122
12.276334
8.044168
11.356611
12.313766
11.042128
12.045340
10.818701
11.527749
7.619655
11.823526
11.748138
12.287140
11.774680
11.832503
11.838129
11.831739
.242390
12.232071
11.456624
11.724848
11.921140
11.921140
11.741252
11.921140
11.741252
12.488426
11.580941
11.683677
11.246062
12.288462
11.432585
11.704365
10.370731
10.370731
10.150906
10.150906
12.317159
11.577466
11.733226
12.309822
9.007222
11.293421
10.979927
10.979927
10.041325
11.630208
11.848734
11.299615
11.919210
11.688257
12.035183
11.688986
17.318079
12.585627
17.318079
12.585627
11.672931
11.413850
11.894521
12.226324
12.026424
12.880037
9.134812
12.400003
11.693008
11.693008
11.841386
11.909474
11.687823
11.475538
11.502899
7.794590
13.718635
11.947006
12.277542
12.277542
12.349833
11.985948
9.461016
12.319561
11.607735
8.835929
11.693990
11.507057
7.964195
12.292337
12.399994
11.584055
12.453439
11.299351
12.699905
10.584774
10.418349
6.940191
12.309472
6.940191
12.309472
12.249238
12.364501
12.411627
11.528744
11.304465
12.403406
12.336537
12.243937
10.322219
12.277055
11.530134
12.209249
12.356096
8.926992
11.446941
11.456328
11.456328
12.177351
11.456328
12.177351
11.355756
8.103357
11.456328
12.177351
11.355756
8.103357
11.418093
11.779852
10.642199
12.040346
12.040346
11.676152
11.392940
11.452388
10.409950
10.800257
11.663129
11.611727
12.372708
11.428017
12.018354
9.619017
11.796649
11.796649
11.872577
12.319817
11.486155
11.652892
11.118532
9.603575
12.347227
12.347227
11.513029
11.744629
11.744629
11.848714
12.107719
12.323632
9.995153
12.313352
11.989412
11.414545
12.051227
11.618551
7.986501
11.636061
8.423527
11.636061
8.423527
10.230932
10.230932
12.424700
10.714443
11.445029
11.445029
12.413743
12.354011
11.528297
11.246571
12.380992
9.028377
12.466197
10.722123
11.803992
12.427384
10.791484
10.791484
12.322495
11.617771
11.317580
12.333677
12.359478
7.853939
12.359478
7.853939
11.030990
11.630735
12.433524
11.450516
12.369316
11.640497
11.726644
12.354394
12.514365
11.419585
10.402018
13.448487
11.874066
11.716226
11.716226
11.662108
.377667
12.382642
12.382642
11.032771
12.382642
11.032771
8.266060
12.290403
12.382642
11.032771
8.266060
12.290403
12.228585
11.510348
11.777200
11.346048
5.926718
5.926718
12.511105
12.186468
11.818211
11.567255
11.567255
12.072575
8.541218
8.541218
11.735907
11.735907
12.379430
17.611853
12.379430
17.611853
11.326130
11.326130
12.351979
12.277617
12.277617
12.366681
11.589628
11.834113
12.256606
12.384951
12.336033
11.458225
11.573183
11.333026
12.401062
12.347749
11.487151
11.862089
11.854613
11.472000
11.516895
8.720607
8.720607
12.089654
12.343017
12.514795
11.950950
11.490741
11.490741
11.655096
11.655096
12.390443
12.374932
11.445117
12.476868
12.476868
12.373627
10.970255
7.460848
7.460848
11.923656
12.408727
11.543644
12.031810
11.274625
11.171770
8.439997
12.290319
12.085510
11.923818
12.238930
11.815148
12.027017
12.237922
10.993775
11.316606
11.316606
11.801002
12.331706
8.578479
11.309676
7.046960
11.784732
7.046960
11.784732
11.398166
12.447409
12.414988
12.414988
11.121924
12.414988
11.121924
12.414988
11.121924
11.381199
12.414988
11.121924
11.381199
12.423131
12.073515
10.432457
12.302265
8.186265
10.679043
11.560414
12.186768
11.308055
11.308055
9.169152
11.372011
9.879685
9.879685
711.606974.
748466
11.757800
12.390761
8.504432
11.748859
12.117455
11.583439
11.363240
11.751891
12.487988
12.487988
12.234582
12.136104
12.439015
8.053420
6.736563
12.301070
.544215
12.108759
10.960927
10.960927
11.317682
11.411629
12.443160
11.688709
11.507444
9.512964
11.010420
11.439860
6.418177
11.490533
12.490373
8.363610
12.490373
8.363610
10.828468
9.563198
12.357378
12.238143
8.288643
11.926610
11.439731
11.318320
6.171248
11.286854
11.059408
11.308029
12.304436
.781654
.781654
11.489413
11.415706
11.231837
11.231837
11.426882
10.873097
11.636863
8.232334
11.636863
8.232334
11.689849
11.591566
11.258643
11.410968
10.966604
11.814016
12.497219
11.777471
11.885733
11.676660
8.978924
11.838363
12.295829
11.825076
12.215690
11.405658
12.378779
8.161769
8.161769
11.645581
11.564025
11.891217
12.393672
12.398556
7.748823
11.703452
11.988671
12.123668
12.539973
11.528605
11.234812
11.234812
10.642894
10.642894
12.490822
12.490822
11.542886
12.490822
11.542886
12.471589
12.490822
11.542886
12.471589
11.430047
10.552184
7.342670
11.531696
11.774076
8.415667
11.572587
11.572587
10.867671
9.309672
9.309672
11.564397
11.564397
11.768808
11.522149
8.281937
11.522149
8.281937
7.620630
11.273023
12.021706
12.021706
12.261546
11.354514
7.031334
12.401844
11.689644
10.858955
7.748063
10.858955
7.748063
11.340338
7.919620
7.919620
12.320321
7.919620
12.320321
11.436108
8.096590
8.096590
12.475769
11.842020
10.847610
11.377805
12.591153
8.772169
11.287550
11.619092
11.377672
11.369456
11.369456
12.301973
11.524480
12.130757
11.629783
11.869161
12.092449
8.012718
12.092449
8.012718
11.826801
12.341201
8.497562
11.626960
11.360723
12.341210
11.639804
12.461352
11.730324
12.062102
12.277555
12.159121
8.278178
12.213213
11.230334
12.026124
12.026124
10.708940
11.407098
11.663975
11.683515
11.509021
11.398854
11.398854
9.798768
12.142925
12.390079
12.293653
12.489980
12.365969
12.009418
6.412363
12.442878
6.412363
12.442878
12.263264
12.312834
10.896001
12.091152
12.7343212.
642025
12.7343212.
642025
7.642260
11.626018
7.642260
11.626018
12.509388
8.368078
12.509388
8.368078
12.569879
12.010476
12.215758
12.434685
12.434685
11.449671
8.260089
12.434685
11.449671
8.260089
12.434685
11.449671
8.260089
11.271117
11.565522
11.969248
10.828639
10.828639
11.148217
11.359655
7.919656
11.572257
11.572257
11.564888
8.285758
12.546629
11.391276
11.044398
11.044398
11.298506
12.355730
11.671734
11.217808
11.774531
10.299656
7.804794
12.215542
9.107748
11.600499
9.107748
11.600499
11.902945
11.582252
12.085829
11.530756
118..329184629970

118..329184629970

12.457134
11.832725
6.682725
11.832725
6.682725
12.249578
12.214315
11.743268
11.799852
11.823426
8.120977
11.481795
9.275543
11.348396
9.888631
11.602289
11.461937
11.999247
12.111697
5.166487
11.708346
11.708346
11.361508
12.321282
12.529031
8.548332
11.947206
11.920751
11.920751
11.660254
11.660254
12.333616
11.425340
11.425340
11.351874
11.950513
11.997318
11.774225
8.282997
17.686099
12.356955
11.629981
17.686099
12.356955
11.629981
11.642649
11.642649
8.658327
11.010218
11.010218
11.515658
12.169608
.419869
14.871694
11.638585
14.871694
11.638585
8.046060
12.347111
12.236429
12.589085
11.644955
8.570551
12.351025
10.311747
11.312449
16.095848
11.253853
16.095848
11.253853
9.623508
16.095848
11.253853
9.623508
16.095848
11.253853
9.623508
11.536665
11.987967
11.334490
11.334490
6.473589
11.254050
11.221162
10.233102
11.692123
11.467126
11.655994
11.705227
8.135599
11.283094
11.880859
9.022086
11.687476
11.292538
7.818019
11.311824
11.725015
11.725015
12.295975
7.525629
11.961850
11.445608
12.415654
9.819780
11.980381
7.876833
11.349702
10.511468
10.511468
11.132573
11.627230
8.112967
11.760387
12.263221
12.358386
12.189299
11.501412
12.436890
11.645090
11.643691
7.278649
11.643691
7.278649
5.539389
11.643691
7.278649
5.539389
12.407167
10.768441
11.550067
7.682903
11.596563
12.483335
11.547797
8.407788
12.082409
11.630666
9.218124
12.426258
12.219235
11.830153
12.334002
10.764677
11.193100
11.556701
12.161703
12.461501
12.222148
11.425230
11.430549
12.085823
11.818855
12.443270
11.833954
12.422080
11.940917
11.940917
12.8530374.
213549
12.8530374.
213549
8.216652
12.315353
12.209809
11.219988
11.437304
12.254697
11.645487
12.370853
9.511231
12.335990
12.096068
12.096068
12.295667
8.580071
12.096068
12.295667
8.580071
10.881625
11.308104
11.799181
11.799181
8.779957
11.614880
11.089724
12.412444
11.693178
11.693178
10.361494
11.705486
11.705486
11.622615
11.840772
11.669174
11.173879
11.828219
8.010403
12.237663
8.207485
.818181
10.915242
10.915242
11.529448
11.652812
11.137179
10.860116
11.797699
7.797467
12.256788
11.754294

12.238609
8.977161
11.438820
10.804878
11.504639
11.504639
11.247047
11.655561
11.655561
11.361568
11.361568
12.292007
12.101502
11.803320
8.518507
11.803320
8.518507
11.539146
11.539146
6.937328
11.539146
6.937328
11.582284
6.210511
12.368191
11.729405
11.103189
11.302079
11.659334
11.024859
11.024859
12.468842
11.853092
11.853092
10.548332
11.418787
11.418787
12.687981
11.899336
12.434007
10.606402
11.345979
12.447129
11.727880
12.412914
11.553955
11.821994
7.205283
7.205283
11.843914
12.396931
12.823007
9.937844
11.463901
12.273775
13.119064
12.433978
13.138718
11.119076
12.514320
11.879604
12.328156
8.953178
12.650902
8.953178
12.650902
8.953178
12.650902
7.761056
8.953178
12.650902
7.761056
11.560532
10.808319
11.385913
8.755435
11.713216
11.614817
10.671666
11.302944
11.329537
10.957076
12.421458
11.722597
12.425234
11.464553
11.716355
11.637940
7.289623
11.637940
7.289623
11.584735
11.402088
11.000995
11.442616
12.315604
12.315604
11.233368
11.249505
11.479076
11.015293
12.021095
11.252199
11.297279
11.620615
11.360880
11.360880
11.782944
11.303927
12.276029
.492811
12.065886
12.424266
9.817237
11.354730
12.244314
11.400448
11.682899
12.418184
11.784329
12.269427
11.514977
11.277099
116..444688343070

116..444688343070

11.355073
11.355073
11.554785
11.372561
11.372561
12.279860
12.279860
8.972487
11.796852
12.367950
12.427478
11.497861
10.766374
10.766374
12.224569
11.429432
10.908283
11.475981
11.196231
11.196231
10.146409
6.035309
13.392086
7.669056
7.669056
4.826422
12.407905
11.518365
12.229937
12.306340
12.268270
11.152360
11.550016
12.886326
11.264295
7.875235
11.688305
12.373113
11.278582
8.458928
.402090
11.572027
11.702215
12.399985
.402242
11.441412
11.586910
8.954212
8.199134
6.326556
6.326556
12.321167
12.321167
12.133475
12.321167
12.133475
12.380213
11.367970
8.232123
9.050825
9.050825
11.376192
11.376192
11.754548
11.881644
11.881644
7.990775
10.808507
11.662131
11.662131
11.262730
8.097028
11.921250
11.827055
11.471458
11.718586
11.588471
12.325143
11.592298
10.563827
11.792667
11.601756
12.786505
11.685249
9.850286
12.202505
11.803313
11.170930
10.597713
10.597713
11.325186
11.206943
12.301468
9.334441
8.399879
11.374473
7.772306
11.374473
7.772306
11.027515
8.791357
12.592574
12.419651
11.172641
11.417212
11.512391
12.183335
10.805692
10.999278
10.999278
12.012831
11.315589
11.428098
12.089241
12.186374
12.188893
12.165264
12.182408
12.363103
12.495719
11.846603
10.953209
6.019700
11.925677
12.288248
8.034358
11.697431
11.517425
11.901177
9.194926
11.354241
11.384024
6.711990
11.384024
6.711990
11.916234
11.326174
12.010166
11.733870
12.291206
10.414687
7.038948
12.207948
10.952557
11.498817
11.569336
12.262315
11.299657
12.529148
11.796843
11.796843
12.041058
11.662445
12.494954
12.151388
11.657594
12.123604
11.343625
11.983341
12.056849
11.884885
11.884885
11.634227
11.884885
11.634227
11.716735
11.884885
11.634227
11.716735
11.555290
10.293029
10.293029
12.476744
6.560258
11.698894
12.476744
6.560258
11.698894
11.789589
11.468900
9.084342
12.348608
10.304678
10.304678
8.955470
9.892064
11.374762
11.423750
9.056022
11.962249
11.074712
11.364717
9.539436
7.291141
11.569946
11.575603
11.874844
12.447040
12.412951
11.948283
11.658962
12.398555
7.863053
12.553595
12.007941
12.007941
11.965387
12.024268
11.539754
11.341963
11.540279
11.613671
8.457795
12.280015
11.396997
12.273671
10.475885
11.655901
10.951420
.365362
11.818665
12.082698
11.440007
11.510878
11.712976
11.712976
9.689507
8.378279
8.378279
12.279403
12.380629
10.441005
11.658904
11.162830
11.877988
11.585976
11.585976
11.069052
8.453220
11.631749
11.631749
11.667331
8.122876
11.667331
8.122876
11.637143
11.637143
10.521463
10.521463
8.144460
11.446849
11.952505
781082
781082
12.316731
11.630047
8.749381
12.138245
12.182436
12.024838
11.053695
11.841644
11.841644
12.414222
12.315709
12.431362
10.699369
12.076079
11.652742
11.645178
11.738372
11.365893
12.350292
11.424302
12.420205
12.420205
11.569609
12.420205
11.569609
10.913846
12.420205
11.569609
10.913846
12.122824
11.057004
11.057004
11.459789
11.436417
11.585216
11.585216
8.075279
11.269770
11.047950
12.394672
11.238651
11.238651
11.424067
8.382483
12.397892
11.527808
8.804313
11.172305
11.697528
12.063142
10.478603
10.478603
11.372521
8.229993
12.118813
10.012184
12.642675
12.642675
12.386913
12.097776
11.690932
9.159461
12.179354
11.136454
11.413662
11.413662
12.441785
8.581669
12.441785
8.581669
12.298172
9.741596
10.787726
10.787726
11.425375
11.417214
8.213406
11.417214
8.213406
11.412567
11.367886
11.367886
12.285065
12.356347
12.351823
11.691052
11.544179
11.263178
6.286002
12.328631
8.951544
12.102204
11.850496
11.660752
11.800850
12.302174
11.887094
11.624875
10.049956
12.312784
11.396051
11.789386
11.724299
5.240874
11.752077
11.752077
12.158001
12.373079
12.252452
11.744035
12.362820
11.323622
11.237464
11.237464
11.652328
11.764659
11.764659
12.235454
11.764659
12.235454
12.339165
11.764659
12.235454
12.339165
12.354019
12.216329
10.206101
11.180999
12.316426
11.110906
11.656422
11.507247
11.507247
11.784637
11.289721
11.380111
12.164753
11.575092
6.863428
12.553266
8.078030
8.078030
11.506873
12.246627
10.454014
10.659911
11.775978
10.124168
10.124168
11.392756
11.504347
11.504347
12.541205
11.484390
12.279593
11.282066
8.397327
6.066886
11.583842
11.532137
11.645168
12.402893
12.172755
11.518236
11.679950
11.096449
12.918276
11.535463
12.251308
11.472390
12.417538
11.738533
6.285712
11.738533
6.285712
12.295855
12.295855
11.116966
11.414974
12.513770
12.285668
8.781393
12.679533
.602808
12.469198
.432119
12.456744
11.312557
11.277620
9.008061
10.743409
11.725078
12.167941
11.441456
8.877698
11.800708
11.800708
10.903210
11.842598
11.617974
.665390
11.413244
12.437712
12.040592
8.553345
6.022622
11.603661
6.022622
11.603661
12.346515
12.346515
11.682421
12.047213
12.047213
12.187325
11.598263
11.829912
11.711114
12.543218
12.341167
12.223393
11.391331
11.391331
11.751207
11.751207
12.623512
11.668485
11.751207
12.623512
11.668485
10.579879
9.511878
9.511878
12.155725
12.155725
11.860047
8.921752
8.138333
12.562009
7.540692
12.023528
10.649465
11.410282
10.916799
11.658903
11.646064
11.705965
12.117216
11.728460
11.545280
9.555972
12.432772
11.609800
11.344867
11.344867
11.699547
11.699547
11.244414
11.441247
12.045234
11.814637
11.900359
12.936883
11.477328
11.870757
11.482087
12.074587
12.278798
8.640138
11.875313
11.672266
11.109900
11.373896
11.704049
11.737323
7.687097
.215942
.215942
6.744788
12.255261
6.744788
12.255261
12.469358
7.609038
11.493216
12.461485
11.778128
11.570617
12.232857
10.292262
11.644588
12.286057
12.400416
12.118858
12.175602
12.360433
12.072810
7.988587
12.072810
7.988587
12.189482
12.345929
12.392284
11.511200
11.629355
.942005
7.637002
11.765246
11.765246
12.568372
12.437130
11.599382
8.414787
11.537022
6.121379
11.955260
11.955260
10.858041
10.858041
11.429722
11.772438
12.397946
12.351692
8.674493
12.452485
11.872811
11.507151
11.583857
8.177960
11.583857
8.177960
11.490068
11.490068
10.709116
11.668897
12.443940
8.466941
11.545673
8.384162
11.545673
8.384162
11.524476
11.524476
11.470013
11.524476
11.470013
7.953121
12.238946
11.524476
11.470013
7.953121
12.238946
11.670564
11.240398
9.428402
9.428402
10.006625
5.854749
11.449390
11.384606
11.384606
8.454090
11.325382
11.746497
11.848564
12.302898
8.223786
11.192155
11.782182
11.782182
8.564865
12.259675
12.078468
11.608288
11.145924
11.428075
11.517715
7.359080
11.758331
11.354542
11.725331
11.486035
11.156026
11.236502
13.283709
11.220442
11.745310
12.357305
10.830363
7.700504
10.830363
7.700504
12.294626
12.294626
11.654161
11.367966
11.416289
12.247308
11.116972
11.565861
8.370707
11.431346
7.964888
11.431346
7.964888
11.669047
12.459193
12.382118
12.206750
11.452816
11.483113
11.483113
8.613902
11.483113
8.613902
12.615751
9.873417
12.523746
8.496311
12.523746
8.496311
11.097042
12.333861
9.062857
12.333861
9.062857
10.754696
12.328492
11.547723
12.053071
11.126946
11.440685
9.432750
12.336663
11.709540
11.593362
11.794897
8.074084
11.719994
11.872710
11.647110
7.639488
6.783436
6.783436
12.236797
12.209722
11.742333
11.825548
11.836197
10.866265
12.087486
12.087486
9.981765
11.787456
12.021821
12.305564
12.325184
12.295896
11.442600
11.128219
11.128219
11.987783
11.850183
11.549563
11.549563
10.485293
11.549563
10.485293
11.477833
11.536721
11.782272
11.782272
12.059775
11.561207
11.561207
8.176304
11.470222
11.694941
11.694941
10.817297
8.083682
12.060457
11.603609
12.335557
8.216368
11.814458
11.286861
7.820936
11.737987
11.737987
12.219257
7.673054
10.991404
11.663337
11.480311
12.257684
11.358314
12.285870
11.388884
11.656378
12.410239
11.398423
11.335709
9.450583
11.895704
12.305504
10.871909
12.211446
10.533223
11.633585
7.920236
11.885240
11.899627
11.899627
11.422621
11.516874
11.132574
11.483768
11.483768
11.951763
12.278413
11.554497
12.014698
11.840468
8.280127
11.763180
12.666234
8.270021
8.270021
11.994047
12.291034
12.345379
11.466369
11.466369
8.315604
10.859698
11.233787
11.601744
8.071808
8.411226
10.684643
11.261028
12.224894
.858861
12.394406
5.289589
12.885841
12.885841
8.614688
12.266464
12.266464
10.850115
12.266464
10.850115
9.380989
13.705542
12.368334
11.721590
11.394600
11.433876
5.571371
12.183656
11.773590
11.705147
11.705147
11.620957
11.964923
10.973846
11.240207
11.240207
11.256755
11.996091
12.476716
11.482799
11.542259
11.731407
10.388775
11.944193
11.581923
12.459810
11.245122
12.008149
10.296102
11.627508
12.238605
10.945067
12.666067
11.547271
7.753781
12.023154
12.023154
12.399329
12.023154
12.399329
11.061317
12.023154
12.399329
11.061317
11.648201
